   ID  Type     x     y demand ReadyTime DueDate ServiceTime 
    0     0    40    50      0         0    1236           0 
    1     1    55    85     20       647     726          90 
    2     1    92    30     10       478     551          90 
    3     1    60    60     10       836     889          90 
    4     1    68    60     30       555     612          90 
    5     1    25    55     10       622     701          90 
    6     1    20    85     40       475     528          90 
    7     1    25    52     40       169     224          90 
    8     1    85    35     30        47     124          90 
    9     1    48    40     10        76     129          90 
   10     1    45    70     30       825     870          90 
   11     1    40    69     20       621     702          90 
   12     1    25    50     10        65     144          90 
   13     1    50    30     10       531     610          90 
   14     1    20    80     40       384     429          90 
   15     1    60    85     30       561     622          90 
   16     1    30    52     20       914     965          90 
   17     1    60    55     10        20      84          90 
   18     1    75    55     20       369     420          90 
   19     1    15    75     20       179     254          90 
   20     1    10    40     30        31     100          90 
   21     1    38    70     10       534     605          90 
   22     1    65    82     10       285     336          90 
   23     1     0    45     20       567     624          90 
   24     1    26    32     10       815     880          90 
   25     1    38     5     30       471     534          90 
   26     2    40    50      0         0    1236           0 
   27     2    73    52      0         0    1236           0 
   28     2    90    55      0         0    1236           0 
   29     2    55    79      0         0    1236           0 
   30     2    69    89      0         0    1236           0 
   31     2    32    80      0         0    1236           0 
   32     2    39    96      0         0    1236           0 
   33     2    23    80      0         0    1236           0 
   34     2     4    83      0         0    1236           0 
   35     2    18    58      0         0    1236           0 
   36     2     1    56      0         0    1236           0 
   37     2    13    31      0         0    1236           0 
   38     2    -5    38      0         0    1236           0 
   39     2    26    37      0         0    1236           0 
   40     2    28    13      0         0    1236           0 
   41     2    39    31      0         0    1236           0 
   42     2    48    11      0         0    1236           0 
   43     2    59    17      0         0    1236           0 
   44     2    73    23      0         0    1236           0 
   45     2    74    32      0         0    1236           0 
   46     2    90    44      0         0    1236           0 

ECV fuel tank capacity /79.69/
BSV fuel tank capacity /159.38/
ECV load capacity /200/
BSV load capacity /5/
ECV consumption rate /1/
BSV consumption rate /1/
ECV inverse refueling rate /10.17/
Swapping service time /3.00/
Velocity /1/
