   ID  Type     x     y demand ReadyTime DueDate ServiceTime 
    0     0    40    50      0         0    1236           0 
    1     1    45    65     20         0    1130          90 
    2     1    20    55     10         0    1125          90 
    3     1    42    65     10         0    1130          90 
    4     1    26    32     10         0    1123          90 
    5     1    18    75     20         0    1112          90 
    6     1    88    35     20         0    1095          90 
    7     1    65    85     40         0    1102          90 
    8     1    48    30     10         0    1124          90 
    9     1    40     5     30         0    1101          90 
   10     1    38    68     20       255     324          90 
   11     1    25    52     40       169     224          90 
   12     1    63    58     10         0    1121          90 
   13     1    28    30     10         0    1122          90 
   14     1    47    40     10        12      77          90 
   15     1     5    45     10         0    1110          90 
   16     1    85    25     10         0    1094          90 
   17     1    25    30     10         0    1121          90 
   18     1    60    80     10         0    1109          90 
   19     1    67    85     20       368     441          90 
   20     1    25    35     10         0    1124          90 
   21     1    53    35     50       353     412          90 
   22     1    62    80     30         0    1108          90 
   23     1    45    70     30         0    1125          90 
   24     1    25    85     20         0    1107          90 
   25     1    48    40     10         0    1133          90 
   26     2    40    50      0         0    1236           0 
   27     2    73    52      0         0    1236           0 
   28     2    90    55      0         0    1236           0 
   29     2    55    79      0         0    1236           0 
   30     2    69    89      0         0    1236           0 
   31     2    32    80      0         0    1236           0 
   32     2    39    96      0         0    1236           0 
   33     2    23    80      0         0    1236           0 
   34     2     4    83      0         0    1236           0 
   35     2    18    58      0         0    1236           0 
   36     2     1    56      0         0    1236           0 
   37     2    13    31      0         0    1236           0 
   38     2    -5    38      0         0    1236           0 
   39     2    26    37      0         0    1236           0 
   40     2    28    13      0         0    1236           0 
   41     2    39    31      0         0    1236           0 
   42     2    48    11      0         0    1236           0 
   43     2    59    17      0         0    1236           0 
   44     2    73    23      0         0    1236           0 
   45     2    74    32      0         0    1236           0 
   46     2    90    44      0         0    1236           0 

ECV fuel tank capacity /79.69/
BSV fuel tank capacity /159.38/
ECV load capacity /200/
BSV load capacity /5/
ECV consumption rate /1/
BSV consumption rate /1/
ECV inverse refueling rate /10.17/
Swapping service time /3.00/
Velocity /1/
