   ID  Type     x     y demand ReadyTime DueDate ServiceTime 
    0     0    40    50      0         0    1236           0 
    1     1     5    35     10       224     404          90 
    2     1    22    75     30        30     210          90 
    3     1    60    80     10        36     216          90 
    4     1    45    30     10       666     846          90 
    5     1    10    35     20       129     309          90 
    6     1    28    55     10       665     845          90 
    7     1    25    52     40       107     287          90 
    8     1    48    40     10        13     193          90 
    9     1     0    40     30       411     591          90 
   10     1    18    75     20        34     214          90 
   11     1    65    55     20        25     205          90 
   12     1    55    80     10       692     872          90 
   13     1    35    69     10       387     567          90 
   14     1    88    35     20        50     230          90 
   15     1    25    55     10       572     752          90 
   16     1    22    85     10       504     684          90 
   17     1     0    45     20       506     686          90 
   18     1    30    32     30       389     569          90 
   19     1    23    55     20       480     660          90 
   20     1    53    35     50       293     473          90 
   21     1    23    52     10       199     379          90 
   22     1    65    82     10       221     401          90 
   23     1    15    75     20       127     307          90 
   24     1    45    35     10       853    1033          90 
   25     1     8    45     20       694     874          90 
   26     2    40    50      0         0    1236           0 
   27     2    73    52      0         0    1236           0 
   28     2    90    55      0         0    1236           0 
   29     2    55    79      0         0    1236           0 
   30     2    69    89      0         0    1236           0 
   31     2    32    80      0         0    1236           0 
   32     2    39    96      0         0    1236           0 
   33     2    23    80      0         0    1236           0 
   34     2     4    83      0         0    1236           0 
   35     2    18    58      0         0    1236           0 
   36     2     1    56      0         0    1236           0 
   37     2    13    31      0         0    1236           0 
   38     2    -5    38      0         0    1236           0 
   39     2    26    37      0         0    1236           0 
   40     2    28    13      0         0    1236           0 
   41     2    39    31      0         0    1236           0 
   42     2    48    11      0         0    1236           0 
   43     2    59    17      0         0    1236           0 
   44     2    73    23      0         0    1236           0 
   45     2    74    32      0         0    1236           0 
   46     2    90    44      0         0    1236           0 

ECV fuel tank capacity /79.69/
BSV fuel tank capacity /159.38/
ECV load capacity /200/
BSV load capacity /5/
ECV consumption rate /1/
BSV consumption rate /1/
ECV inverse refueling rate /10.17/
Swapping service time /3.00/
Velocity /1/
