   ID  Type     x     y demand ReadyTime DueDate ServiceTime 
    0     0    40    50      0         0    3390           0 
    1     1    14    66     10      1643    1803          90 
    2     1    64    46     20      3097    3257          90 
    3     1    44    25     10       871    1031          90 
    4     1    86    46     30      2029    2189          90 
    5     1    25    50     10       116     276          90 
    6     1    25    35     10      2385    2545          90 
    7     1    92    30     10      2414    2574          90 
    8     1    95    35     20      2226    2386          90 
    9     1    72    45     10      2900    3060          90 
   10     1    33    35     10      2573    2733          90 
   11     1    87    30     10      2608    2768          90 
   12     1    50    30     10       401     561          90 
   13     1    36    18     10      1819    1979          90 
   14     1    70    58     20      1641    1801          90 
   15     1    22    66     40      2504    2664          90 
   16     1    60    66     10      1261    1421          90 
   17     1    45    35     10       680     840          90 
   18     1    28    70     10      2601    2761          90 
   19     1    62    69     10      1167    1327          90 
   20     1    66    55     10      1736    1896          90 
   21     1    30    35     10      2480    2640          90 
   22     1    55    80     10       407     567          90 
   23     1    16    42     20       497     657          90 
   24     1     8    40     40       685     845          90 
   25     1    20    85     40      1934    2094          90 
   26     2    40    50      0         0    3390           0 
   27     2    73    52      0         0    3390           0 
   28     2    90    55      0         0    3390           0 
   29     2    55    79      0         0    3390           0 
   30     2    69    89      0         0    3390           0 
   31     2    32    80      0         0    3390           0 
   32     2    39    96      0         0    3390           0 
   33     2    23    80      0         0    3390           0 
   34     2     4    83      0         0    3390           0 
   35     2    18    58      0         0    3390           0 
   36     2     1    56      0         0    3390           0 
   37     2    13    31      0         0    3390           0 
   38     2    -5    38      0         0    3390           0 
   39     2    26    37      0         0    3390           0 
   40     2    28    13      0         0    3390           0 
   41     2    39    31      0         0    3390           0 
   42     2    48    11      0         0    3390           0 
   43     2    59    17      0         0    3390           0 
   44     2    73    23      0         0    3390           0 
   45     2    74    32      0         0    3390           0 
   46     2    90    44      0         0    3390           0 

ECV fuel tank capacity /118.31/
BSV fuel tank capacity /236.62/
ECV load capacity /700/
BSV load capacity /5/
ECV consumption rate /1/
BSV consumption rate /1/
ECV inverse refueling rate /6.84/
Swapping service time /3.00/
Velocity /1/
