   ID  Type     x     y demand ReadyTime DueDate ServiceTime 
    0     0    40    50      0         0    3390           0 
    1     1    55    85     20       502     662          90 
    2     1    44     5     20      1256    1416          90 
    3     1    42    15     10      1065    1225          90 
    4     1    38    10     10         0    3259          90 
    5     1    47    40     10        12     172          90 
    6     1    18    75     20      2311    2471          90 
    7     1    30    56     20         0    3288          90 
    8     1    92    30     10      2414    2574          90 
    9     1     5    45     10      1253    1413          90 
   10     1    58    75     20         0    3269          90 
   11     1    33    32     20      2666    2826          90 
   12     1    50    35     20       120     280          90 
   13     1    58    70     20         0    3273          90 
   14     1    55    80     10       407     567          90 
   15     1    85    35     30      2703    2863          90 
   16     1    38     5     30      1442    1602          90 
   17     1    86    46     30         0    3253          90 
   18     1    65    60     30      1546    1706          90 
   19     1    64    46     20      3097    3257          90 
   20     1    34    25     30      2009    2169          90 
   21     1    40     5     30      1350    1510          90 
   22     1    62    40     10         0    3275          90 
   23     1    25    30     10      2200    2360          90 
   24     1     8    62     10         0    3265          90 
   25     1    25    85     20         0    3261          90 
   26     2    40    50      0         0    3390           0 
   27     2    73    52      0         0    3390           0 
   28     2    90    55      0         0    3390           0 
   29     2    55    79      0         0    3390           0 
   30     2    69    89      0         0    3390           0 
   31     2    32    80      0         0    3390           0 
   32     2    39    96      0         0    3390           0 
   33     2    23    80      0         0    3390           0 
   34     2     4    83      0         0    3390           0 
   35     2    18    58      0         0    3390           0 
   36     2     1    56      0         0    3390           0 
   37     2    13    31      0         0    3390           0 
   38     2    -5    38      0         0    3390           0 
   39     2    26    37      0         0    3390           0 
   40     2    28    13      0         0    3390           0 
   41     2    39    31      0         0    3390           0 
   42     2    48    11      0         0    3390           0 
   43     2    59    17      0         0    3390           0 
   44     2    73    23      0         0    3390           0 
   45     2    74    32      0         0    3390           0 
   46     2    90    44      0         0    3390           0 

ECV fuel tank capacity /118.31/
BSV fuel tank capacity /236.62/
ECV load capacity /700/
BSV load capacity /5/
ECV consumption rate /1/
BSV consumption rate /1/
ECV inverse refueling rate /6.84/
Swapping service time /3.00/
Velocity /1/
