   ID  Type     x     y demand ReadyTime DueDate ServiceTime 
    0     0    40    50      0         0    3390           0 
    1     1    64    46     20      2976    3275          90 
    2     1    30    35     10      2242    2877          90 
    3     1    25    50     10        15     532          90 
    4     1    85    35     30      2563    3002          90 
    5     1    26    32     10      1842    2901          90 
    6     1    55    85     20       477     686          90 
    7     1    35     5     20      1180    2049          90 
    8     1    48    30     10       246     899          90 
    9     1    20    55     10        63     702          90 
   10     1    38    15     40      1426    2183          90 
   11     1    86    46     30      1969    2248          90 
   12     1    42    15     10       897    1392          90 
   13     1    36    40     10      2605    3266          90 
   14     1    34    25     30      1782    2395          90 
   15     1    60    55     10      2789    3279          90 
   16     1    85    25     10      2369    2816          90 
   17     1    16    42     20       209     944          90 
   18     1     8    62     10      1036    2213          90 
   19     1    75    55     20      1894    2115          90 
   20     1    42    65     10        15     208          90 
   21     1    28    52     20        12     752          90 
   22     1    67    85     20       646     901          90 
   23     1    22    66     40      2177    2990          90 
   24     1    42    10     40       998    1481          90 
   25     1    35    69     10      2428    3127          90 
   26     2    40    50      0         0    3390           0 
   27     2    73    52      0         0    3390           0 
   28     2    90    55      0         0    3390           0 
   29     2    55    79      0         0    3390           0 
   30     2    69    89      0         0    3390           0 
   31     2    32    80      0         0    3390           0 
   32     2    39    96      0         0    3390           0 
   33     2    23    80      0         0    3390           0 
   34     2     4    83      0         0    3390           0 
   35     2    18    58      0         0    3390           0 
   36     2     1    56      0         0    3390           0 
   37     2    13    31      0         0    3390           0 
   38     2    -5    38      0         0    3390           0 
   39     2    26    37      0         0    3390           0 
   40     2    28    13      0         0    3390           0 
   41     2    39    31      0         0    3390           0 
   42     2    48    11      0         0    3390           0 
   43     2    59    17      0         0    3390           0 
   44     2    73    23      0         0    3390           0 
   45     2    74    32      0         0    3390           0 
   46     2    90    44      0         0    3390           0 

ECV fuel tank capacity /117.66/
BSV fuel tank capacity /235.32/
ECV load capacity /700/
BSV load capacity /5/
ECV consumption rate /1/
BSV consumption rate /1/
ECV inverse refueling rate /6.87/
Swapping service time /3.00/
Velocity /1/
