   ID  Type     x     y demand ReadyTime DueDate ServiceTime 
    0     0    35    35      0         0     230           0 
    1     1    55    54     26        94     104          10 
    2     1     8    56     27        51      61          10 
    3     1    57    48     23        92     102          10 
    4     1     5    30      2       157     167          10 
    5     1    26    52      9        74      84          10 
    6     1    22    27     11       135     145          10 
    7     1    27    69     10        34      44          10 
    8     1    46    59     20        51      61          10 
    9     1    15    47     16        55      65          10 
   10     1    47    47     13       124     134          10 
   11     1    57    68     15        77      87          10 
   12     1    65    20      6       172     182          10 
   13     1    11    31      7       101     111          10 
   14     1    25    30      3        99     109          10 
   15     1    19    21     10        58      68          10 
   16     1    10    43      9        95     105          10 
   17     1    53    43     14       179     189          10 
   18     1    27    43      9        52      62          10 
   19     1    28    18     26        93     103          10 
   20     1    67     5     25        83      93          10 
   21     1     6    12      9        73      83          10 
   22     1    25    24     20        39      49          10 
   23     1    26    35     15       176     186          10 
   24     1    20    26      9        83      93          10 
   25     1     5     5     16        83      93          10 
   26     2    35    35      0         0     230           0 
   27     2    61    37      0         0     230           0 
   28     2    74    39      0         0     230           0 
   29     2    47    57      0         0     230           0 
   30     2    57    65      0         0     230           0 
   31     2    29    59      0         0     230           0 
   32     2    34    71      0         0     230           0 
   33     2    22    58      0         0     230           0 
   34     2     7    61      0         0     230           0 
   35     2    18    41      0         0     230           0 
   36     2     5    39      0         0     230           0 
   37     2    14    20      0         0     230           0 
   38     2     0    26      0         0     230           0 
   39     2    24    25      0         0     230           0 
   40     2    26     6      0         0     230           0 
   41     2    34    20      0         0     230           0 
   42     2    41     5      0         0     230           0 
   43     2    50     9      0         0     230           0 
   44     2    61    14      0         0     230           0 
   45     2    62    21      0         0     230           0 
   46     2    74    30      0         0     230           0 

ECV fuel tank capacity /62.14/
BSV fuel tank capacity /124.28/
ECV load capacity /200/
BSV load capacity /5/
ECV consumption rate /1/
BSV consumption rate /1/
ECV inverse refueling rate /1.44/
Swapping service time /3.00/
Velocity /1/
