   ID  Type     x     y demand ReadyTime DueDate ServiceTime 
    0     0    35    35      0         0     230           0 
    1     1    45    65      9         0     188          10 
    2     1    31    67      3         0     187          10 
    3     1    32    12      7         0     196          10 
    4     1     5     5     16        83      93          10 
    5     1     5    30      2       157     167          10 
    6     1    45    30     17         0     208          10 
    7     1    13    52     36         0     192          10 
    8     1    26    52      9        74      84          10 
    9     1    17    34      3         0     201          10 
   10     1    20    26      9        83      93          10 
   11     1    27    69     10         0     185          10 
   12     1    25    24     20         0     205          10 
   13     1    65    55     14         0     183          10 
   14     1    37    47      6        50      60          10 
   15     1    20    40     12         0     204          10 
   16     1    40    25      9        85      95          10 
   17     1    30    25     23       159     169          10 
   18     1    20    50      5         0     198          10 
   19     1    63    65      8       143     153          10 
   20     1    47    47     13         0     203          10 
   21     1    22    22      2        18      28          10 
   22     1    18    24     22       188     198          10 
   23     1    55    45     13         0     197          10 
   24     1    50    35     19         0     205          10 
   25     1    10    20     19         0     190          10 
   26     2    35    35      0         0     230           0 
   27     2    61    37      0         0     230           0 
   28     2    74    39      0         0     230           0 
   29     2    47    57      0         0     230           0 
   30     2    57    65      0         0     230           0 
   31     2    29    59      0         0     230           0 
   32     2    34    71      0         0     230           0 
   33     2    22    58      0         0     230           0 
   34     2     7    61      0         0     230           0 
   35     2    18    41      0         0     230           0 
   36     2     5    39      0         0     230           0 
   37     2    14    20      0         0     230           0 
   38     2     0    26      0         0     230           0 
   39     2    24    25      0         0     230           0 
   40     2    26     6      0         0     230           0 
   41     2    34    20      0         0     230           0 
   42     2    41     5      0         0     230           0 
   43     2    50     9      0         0     230           0 
   44     2    61    14      0         0     230           0 
   45     2    62    21      0         0     230           0 
   46     2    74    30      0         0     230           0 

ECV fuel tank capacity /62.14/
BSV fuel tank capacity /124.28/
ECV load capacity /200/
BSV load capacity /5/
ECV consumption rate /1/
BSV consumption rate /1/
ECV inverse refueling rate /1.44/
Swapping service time /3.00/
Velocity /1/
