   ID  Type     x     y demand ReadyTime DueDate ServiceTime 
    0     0    35    35      0         0     230           0 
    1     1    65    35      3         0     190          10 
    2     1    41    49     10         0     204          10 
    3     1    55    60     16        97     107          10 
    4     1    16    22     41         0     196          10 
    5     1    26    35     15         0     211          10 
    6     1    63    65      8         0     178          10 
    7     1    15    30     26         0     199          10 
    8     1    53    52     11         0     195          10 
    9     1    19    21     10         0     198          10 
   10     1    47    16     25         0     197          10 
   11     1    40    60     21         0     194          10 
   12     1    63    23      2       136     146          10 
   13     1    14    37     11         0     198          10 
   14     1    20    65     12        67      77          10 
   15     1    21    24     28         0     202          10 
   16     1    37    31     14        95     105          10 
   17     1    20    50      5         0     198          10 
   18     1    37    56      5         0     198          10 
   19     1    47    47     13         0     203          10 
   20     1    22    27     11         0     204          10 
   21     1    15    47     16         0     196          10 
   22     1    45    10     18         0     193          10 
   23     1    45    30     17         0     208          10 
   24     1    24    12      5         0     194          10 
   25     1    65    20      6       172     182          10 
   26     2    35    35      0         0     230           0 
   27     2    61    37      0         0     230           0 
   28     2    74    39      0         0     230           0 
   29     2    47    57      0         0     230           0 
   30     2    57    65      0         0     230           0 
   31     2    29    59      0         0     230           0 
   32     2    34    71      0         0     230           0 
   33     2    22    58      0         0     230           0 
   34     2     7    61      0         0     230           0 
   35     2    18    41      0         0     230           0 
   36     2     5    39      0         0     230           0 
   37     2    14    20      0         0     230           0 
   38     2     0    26      0         0     230           0 
   39     2    24    25      0         0     230           0 
   40     2    26     6      0         0     230           0 
   41     2    34    20      0         0     230           0 
   42     2    41     5      0         0     230           0 
   43     2    50     9      0         0     230           0 
   44     2    61    14      0         0     230           0 
   45     2    62    21      0         0     230           0 
   46     2    74    30      0         0     230           0 

ECV fuel tank capacity /67.15/
BSV fuel tank capacity /134.30/
ECV load capacity /200/
BSV load capacity /5/
ECV consumption rate /1/
BSV consumption rate /1/
ECV inverse refueling rate /1.35/
Swapping service time /3.00/
Velocity /1/
