   ID  Type     x     y demand ReadyTime DueDate ServiceTime 
    0     0    35    35      0         0     230           0 
    1     1    21    24     28        17      47          10 
    2     1    45    30     17       122     152          10 
    3     1    35    17      7        40      70          10 
    4     1    57    29     18       130     160          10 
    5     1    40    25      9        75     105          10 
    6     1    42     7      5        87     117          10 
    7     1    37    56      5       168     198          10 
    8     1     6    68     30        98     128          10 
    9     1    22    22      2        18      48          10 
   10     1     4    18     35        84     114          10 
   11     1    31    67      3        85     115          10 
   12     1    20    20      8       124     154          10 
   13     1    13    52     36       155     185          10 
   14     1    27    43      9        42      72          10 
   15     1    18    24     22       169     199          10 
   16     1    65    55     14       107     137          10 
   17     1    15    30     26        24      54          10 
   18     1    32    12      7        91     121          10 
   19     1    53    52     11        27      57          10 
   20     1    41    37     16        29      59          10 
   21     1    16    22     41        81     111          10 
   22     1    49    73     25       117     147          10 
   23     1    17    34      3       152     182          10 
   24     1    67     5     25        73     103          10 
   25     1    14    37     11        34      64          10 
   26     2    35    35      0         0     230           0 
   27     2    61    37      0         0     230           0 
   28     2    74    39      0         0     230           0 
   29     2    47    57      0         0     230           0 
   30     2    57    65      0         0     230           0 
   31     2    29    59      0         0     230           0 
   32     2    34    71      0         0     230           0 
   33     2    22    58      0         0     230           0 
   34     2     7    61      0         0     230           0 
   35     2    18    41      0         0     230           0 
   36     2     5    39      0         0     230           0 
   37     2    14    20      0         0     230           0 
   38     2     0    26      0         0     230           0 
   39     2    24    25      0         0     230           0 
   40     2    26     6      0         0     230           0 
   41     2    34    20      0         0     230           0 
   42     2    41     5      0         0     230           0 
   43     2    50     9      0         0     230           0 
   44     2    61    14      0         0     230           0 
   45     2    62    21      0         0     230           0 
   46     2    74    30      0         0     230           0 

ECV fuel tank capacity /62.14/
BSV fuel tank capacity /124.28/
ECV load capacity /200/
BSV load capacity /5/
ECV consumption rate /1/
BSV consumption rate /1/
ECV inverse refueling rate /1.44/
Swapping service time /3.00/
Velocity /1/
