   ID  Type     x     y demand ReadyTime DueDate ServiceTime 
    0     0    35    35      0         0     230           0 
    1     1    24    58     19        48      78          10 
    2     1    24    12      5        25      55          10 
    3     1    42     7      5        87     117          10 
    4     1    57    68     15        67      97          10 
    5     1    12    53     20        49      79          10 
    6     1    61    52      3        86     116          10 
    7     1    56    37      6       168     198          10 
    8     1    65    35      3       143     173          10 
    9     1    35    17      7         0     202          10 
   10     1    20    40     12        77     107          10 
   11     1    37    31     14        85     115          10 
   12     1    63    23      2       126     156          10 
   13     1    60    12     31        34      64          10 
   14     1    47    47     13         0     203          10 
   15     1    19    21     10         0     198          10 
   16     1     2    60      5        41      71          10 
   17     1    17    34      3       152     182          10 
   18     1    15    47     16         0     196          10 
   19     1    15    10     20        32      62          10 
   20     1     5    30      2       147     177          10 
   21     1    25    24     20         0     205          10 
   22     1    14    37     11         0     198          10 
   23     1    30    60     16       114     144          10 
   24     1    45    20     11         0     201          10 
   25     1    15    30     26         0     199          10 
   26     2    35    35      0         0     230           0 
   27     2    61    37      0         0     230           0 
   28     2    74    39      0         0     230           0 
   29     2    47    57      0         0     230           0 
   30     2    57    65      0         0     230           0 
   31     2    29    59      0         0     230           0 
   32     2    34    71      0         0     230           0 
   33     2    22    58      0         0     230           0 
   34     2     7    61      0         0     230           0 
   35     2    18    41      0         0     230           0 
   36     2     5    39      0         0     230           0 
   37     2    14    20      0         0     230           0 
   38     2     0    26      0         0     230           0 
   39     2    24    25      0         0     230           0 
   40     2    26     6      0         0     230           0 
   41     2    34    20      0         0     230           0 
   42     2    41     5      0         0     230           0 
   43     2    50     9      0         0     230           0 
   44     2    61    14      0         0     230           0 
   45     2    62    21      0         0     230           0 
   46     2    74    30      0         0     230           0 

ECV fuel tank capacity /62.60/
BSV fuel tank capacity /125.20/
ECV load capacity /200/
BSV load capacity /5/
ECV consumption rate /1/
BSV consumption rate /1/
ECV inverse refueling rate /1.44/
Swapping service time /3.00/
Velocity /1/
