   ID  Type     x     y demand ReadyTime DueDate ServiceTime 
    0     0    35    35      0         0     230           0 
    1     1     6    38     16        29     189          10 
    2     1    14    37     11        21      97          10 
    3     1    57    48     23        58     135          10 
    4     1    63    65      8        50     178          10 
    5     1    45    20     11        37      96          10 
    6     1    65    55     14       100     143          10 
    7     1    45    30     17       117     156          10 
    8     1    40    60     21        28     123          10 
    9     1    49    73     25        77     179          10 
   10     1     4    18     35        79     118          10 
   11     1    20    26      9        38     137          10 
   12     1    37    47      6        12     142          10 
   13     1    11    14     18        31     138          10 
   14     1    11    31      7        68     143          10 
   15     1    25    24     20        14      83          10 
   16     1    42     7      5        44     159          10 
   17     1    30    60     16       101     156          10 
   18     1    55     5     29        36     155          10 
   19     1    15    30     26        20     107          10 
   20     1    21    24     28        17     123          10 
   21     1    35    69     23       116     175          10 
   22     1    47    47     13       105     152          10 
   23     1    25    21     12       122     153          10 
   24     1    24    58     19        25     164          10 
   25     1    26    27     27        88     121          10 
   26     2    35    35      0         0     230           0 
   27     2    61    37      0         0     230           0 
   28     2    74    39      0         0     230           0 
   29     2    47    57      0         0     230           0 
   30     2    57    65      0         0     230           0 
   31     2    29    59      0         0     230           0 
   32     2    34    71      0         0     230           0 
   33     2    22    58      0         0     230           0 
   34     2     7    61      0         0     230           0 
   35     2    18    41      0         0     230           0 
   36     2     5    39      0         0     230           0 
   37     2    14    20      0         0     230           0 
   38     2     0    26      0         0     230           0 
   39     2    24    25      0         0     230           0 
   40     2    26     6      0         0     230           0 
   41     2    34    20      0         0     230           0 
   42     2    41     5      0         0     230           0 
   43     2    50     9      0         0     230           0 
   44     2    61    14      0         0     230           0 
   45     2    62    21      0         0     230           0 
   46     2    74    30      0         0     230           0 

ECV fuel tank capacity /67.12/
BSV fuel tank capacity /134.24/
ECV load capacity /200/
BSV load capacity /5/
ECV consumption rate /1/
BSV consumption rate /1/
ECV inverse refueling rate /1.35/
Swapping service time /3.00/
Velocity /1/
