   ID  Type     x     y demand ReadyTime DueDate ServiceTime 
    0     0    35    35      0         0    1000           0 
    1     1    26    52      9       279     388          10 
    2     1    63    65      8       686     813          10 
    3     1    15    47     16         0     966          10 
    4     1    26    35     15       755     920          10 
    5     1    17    34      3       721     862          10 
    6     1    45    10     18       409     494          10 
    7     1    24    58     19       163     302          10 
    8     1    30     5      8       175     300          10 
    9     1    30    25     23       690     827          10 
   10     1    53    12      6       585     692          10 
   11     1    55    45     13         0     967          10 
   12     1    49    42     13       290     373          10 
   13     1    22    27     11         0     974          10 
   14     1    37    47      6       162     293          10 
   15     1     5    30      2       733     870          10 
   16     1    11    14     18       233     340          10 
   17     1     6    38     16        29     189          10 
   18     1    25    30      3       415     514          10 
   19     1    18    18     17       798     965          10 
   20     1    57    68     15       268     367          10 
   21     1    53    52     11        45     200          10 
   22     1    49    58     10       348     453          10 
   23     1    57    48     23       388     465          10 
   24     1    23     3      7       620     705          10 
   25     1    20    40     12       377     434          10 
   26     2    35    35      0         0    1000           0 
   27     2    61    37      0         0    1000           0 
   28     2    74    39      0         0    1000           0 
   29     2    47    57      0         0    1000           0 
   30     2    57    65      0         0    1000           0 
   31     2    29    59      0         0    1000           0 
   32     2    34    71      0         0    1000           0 
   33     2    22    58      0         0    1000           0 
   34     2     7    61      0         0    1000           0 
   35     2    18    41      0         0    1000           0 
   36     2     5    39      0         0    1000           0 
   37     2    14    20      0         0    1000           0 
   38     2     0    26      0         0    1000           0 
   39     2    24    25      0         0    1000           0 
   40     2    26     6      0         0    1000           0 
   41     2    34    20      0         0    1000           0 
   42     2    41     5      0         0    1000           0 
   43     2    50     9      0         0    1000           0 
   44     2    61    14      0         0    1000           0 
   45     2    62    21      0         0    1000           0 
   46     2    74    30      0         0    1000           0 

ECV fuel tank capacity /238.34/
BSV fuel tank capacity /476.68/
ECV load capacity /1000/
BSV load capacity /5/
ECV consumption rate /1/
BSV consumption rate /1/
ECV inverse refueling rate /0.39/
Swapping service time /3.00/
Velocity /1/
