   ID  Type     x     y demand ReadyTime DueDate ServiceTime 
    0     0    35    35      0         0    1000           0 
    1     1    31    67      3         0     957          10 
    2     1    53    12      6       585     692          10 
    3     1    10    43      9       404     481          10 
    4     1    62    77     20        49     188          10 
    5     1    13    52     36         0     962          10 
    6     1    23     3      7         0     955          10 
    7     1    18    24     22       811     969          10 
    8     1    17    34      3         0     971          10 
    9     1    30     5      8       175     300          10 
   10     1    37    56      5       788     968          10 
   11     1    42     7      5       396     511          10 
   12     1    41    49     10         0     974          10 
   13     1     2    60      5        41     208          10 
   14     1    53    43     14       817     952          10 
   15     1    44    17      9         0     969          10 
   16     1    25    24     20         0     975          10 
   17     1    56    37      6       839     968          10 
   18     1    20    20      8         0     968          10 
   19     1    27    69     10         0     955          10 
   20     1    57    48     23       388     465          10 
   21     1    22    22      2        18     181          10 
   22     1    45    20     11         0     971          10 
   23     1    22    27     11         0     974          10 
   24     1    15    77      9       214     333          10 
   25     1     5     5     16       302     405          10 
   26     2    35    35      0         0    1000           0 
   27     2    61    37      0         0    1000           0 
   28     2    74    39      0         0    1000           0 
   29     2    47    57      0         0    1000           0 
   30     2    57    65      0         0    1000           0 
   31     2    29    59      0         0    1000           0 
   32     2    34    71      0         0    1000           0 
   33     2    22    58      0         0    1000           0 
   34     2     7    61      0         0    1000           0 
   35     2    18    41      0         0    1000           0 
   36     2     5    39      0         0    1000           0 
   37     2    14    20      0         0    1000           0 
   38     2     0    26      0         0    1000           0 
   39     2    24    25      0         0    1000           0 
   40     2    26     6      0         0    1000           0 
   41     2    34    20      0         0    1000           0 
   42     2    41     5      0         0    1000           0 
   43     2    50     9      0         0    1000           0 
   44     2    61    14      0         0    1000           0 
   45     2    62    21      0         0    1000           0 
   46     2    74    30      0         0    1000           0 

ECV fuel tank capacity /187.90/
BSV fuel tank capacity /375.80/
ECV load capacity /1000/
BSV load capacity /5/
ECV consumption rate /1/
BSV consumption rate /1/
ECV inverse refueling rate /0.48/
Swapping service time /3.00/
Velocity /1/
