   ID  Type     x     y demand ReadyTime DueDate ServiceTime 
    0     0    35    35      0         0    1000           0 
    1     1    15    10     20         0     957          10 
    2     1    57    68     15         0     950          10 
    3     1    45    30     17         0     978          10 
    4     1    63    65      8       630     870          10 
    5     1    49    11     18         0     962          10 
    6     1    30     5      8       118     358          10 
    7     1    15    77      9       154     394          10 
    8     1    35    40     16        60     300          10 
    9     1    26    35     15         0     981          10 
   10     1    25    21     12         0     972          10 
   11     1    15    47     16         0     966          10 
   12     1    55    54     26         0     962          10 
   13     1    15    30     26         0     969          10 
   14     1    35    69     23         0     956          10 
   15     1    25    30      3       345     585          10 
   16     1    30    25     23       639     879          10 
   17     1    30    60     16       485     725          10 
   18     1    50    35     19         0     975          10 
   19     1    36    26     18       740     980          10 
   20     1    47    47     13         0     973          10 
   21     1    49    42     13       212     452          10 
   22     1    16    22     41         0     966          10 
   23     1    53    12      6       519     759          10 
   24     1    20    65     12       146     386          10 
   25     1    10    43      9       323     563          10 
   26     2    35    35      0         0    1000           0 
   27     2    61    37      0         0    1000           0 
   28     2    74    39      0         0    1000           0 
   29     2    47    57      0         0    1000           0 
   30     2    57    65      0         0    1000           0 
   31     2    29    59      0         0    1000           0 
   32     2    34    71      0         0    1000           0 
   33     2    22    58      0         0    1000           0 
   34     2     7    61      0         0    1000           0 
   35     2    18    41      0         0    1000           0 
   36     2     5    39      0         0    1000           0 
   37     2    14    20      0         0    1000           0 
   38     2     0    26      0         0    1000           0 
   39     2    24    25      0         0    1000           0 
   40     2    26     6      0         0    1000           0 
   41     2    34    20      0         0    1000           0 
   42     2    41     5      0         0    1000           0 
   43     2    50     9      0         0    1000           0 
   44     2    61    14      0         0    1000           0 
   45     2    62    21      0         0    1000           0 
   46     2    74    30      0         0    1000           0 

ECV fuel tank capacity /267.18/
BSV fuel tank capacity /534.36/
ECV load capacity /1000/
BSV load capacity /5/
ECV consumption rate /1/
BSV consumption rate /1/
ECV inverse refueling rate /0.33/
Swapping service time /3.00/
Velocity /1/
