   ID  Type     x     y demand ReadyTime DueDate ServiceTime 
    0     0    35    35      0         0    1000           0 
    1     1    19    21     10         0     968          10 
    2     1    47    16     25         0     967          10 
    3     1     2    60      5         0     948          10 
    4     1    30     5      8       118     358          10 
    5     1    49    11     18         0     962          10 
    6     1    21    24     28         0     972          10 
    7     1    20    26      9       263     503          10 
    8     1    36    26     18       740     980          10 
    9     1    15    47     16         0     966          10 
   10     1    17    34      3         0     971          10 
   11     1    64    42      9         0     960          10 
   12     1    31    52     27         0     972          10 
   13     1    31    67      3         0     957          10 
   14     1    18    24     22         0     969          10 
   15     1    56    39     36         0     968          10 
   16     1    53    52     11         0     965          10 
   17     1    55    54     26         0     962          10 
   18     1    20    65     12       146     386          10 
   19     1    56    37      6         0     968          10 
   20     1    37    47      6       108     348          10 
   21     1    62    77     20         0     940          10 
   22     1    27    69     10         0     955          10 
   23     1    25    21     12         0     972          10 
   24     1    10    43      9       323     563          10 
   25     1    26    52      9         0     970          10 
   26     2    35    35      0         0    1000           0 
   27     2    61    37      0         0    1000           0 
   28     2    74    39      0         0    1000           0 
   29     2    47    57      0         0    1000           0 
   30     2    57    65      0         0    1000           0 
   31     2    29    59      0         0    1000           0 
   32     2    34    71      0         0    1000           0 
   33     2    22    58      0         0    1000           0 
   34     2     7    61      0         0    1000           0 
   35     2    18    41      0         0    1000           0 
   36     2     5    39      0         0    1000           0 
   37     2    14    20      0         0    1000           0 
   38     2     0    26      0         0    1000           0 
   39     2    24    25      0         0    1000           0 
   40     2    26     6      0         0    1000           0 
   41     2    34    20      0         0    1000           0 
   42     2    41     5      0         0    1000           0 
   43     2    50     9      0         0    1000           0 
   44     2    61    14      0         0    1000           0 
   45     2    62    21      0         0    1000           0 
   46     2    74    30      0         0    1000           0 

ECV fuel tank capacity /218.03/
BSV fuel tank capacity /436.06/
ECV load capacity /1000/
BSV load capacity /5/
ECV consumption rate /1/
BSV consumption rate /1/
ECV inverse refueling rate /0.42/
Swapping service time /3.00/
Velocity /1/
