   ID  Type     x     y demand ReadyTime DueDate ServiceTime 
    0     0    35    35      0         0    1000           0 
    1     1    17    34      3       651     932          10 
    2     1    50    35     19       170     403          10 
    3     1    49    58     10       296     505          10 
    4     1    19    21     10       122     367          10 
    5     1    15    30     26        20     370          10 
    6     1    35    17      7        74     351          10 
    7     1    40    25      9       243     554          10 
    8     1    20    26      9       185     580          10 
    9     1    15    60     17       215     432          10 
   10     1    10    43      9       288     597          10 
   11     1     4    18     35       350     503          10 
   12     1    65    20      6       400     956          10 
   13     1    10    20     19       222     423          10 
   14     1    28    18     26       380     487          10 
   15     1    31    52     27        91     336          10 
   16     1    49    73     25       440     845          10 
   17     1    15    10     20        32     454          10 
   18     1    20    65     12        33     510          10 
   19     1    35    69     23       602     835          10 
   20     1    63    65      8       439     948          10 
   21     1    62    77     20        49     608          10 
   22     1    45    30     17       548     707          10 
   23     1    25    24     20        22     301          10 
   24     1    41    49     10       636     919          10 
   25     1    46    13      8       479     965          10 
   26     2    35    35      0         0    1000           0 
   27     2    61    37      0         0    1000           0 
   28     2    74    39      0         0    1000           0 
   29     2    47    57      0         0    1000           0 
   30     2    57    65      0         0    1000           0 
   31     2    29    59      0         0    1000           0 
   32     2    34    71      0         0    1000           0 
   33     2    22    58      0         0    1000           0 
   34     2     7    61      0         0    1000           0 
   35     2    18    41      0         0    1000           0 
   36     2     5    39      0         0    1000           0 
   37     2    14    20      0         0    1000           0 
   38     2     0    26      0         0    1000           0 
   39     2    24    25      0         0    1000           0 
   40     2    26     6      0         0    1000           0 
   41     2    34    20      0         0    1000           0 
   42     2    41     5      0         0    1000           0 
   43     2    50     9      0         0    1000           0 
   44     2    61    14      0         0    1000           0 
   45     2    62    21      0         0    1000           0 
   46     2    74    30      0         0    1000           0 

ECV fuel tank capacity /181.83/
BSV fuel tank capacity /363.66/
ECV load capacity /1000/
BSV load capacity /5/
ECV consumption rate /1/
BSV consumption rate /1/
ECV inverse refueling rate /0.48/
Swapping service time /3.00/
Velocity /1/
