   ID  Type     x     y demand ReadyTime DueDate ServiceTime 
    0     0    35    35      0         0    1000           0 
    1     1    42     7      5       336     571          10 
    2     1    16    22     41       110     727          10 
    3     1    21    24     28        17     972          10 
    4     1    15    60     17        95     552          10 
    5     1    61    52      3       324     559          10 
    6     1     8    56     27        34     602          10 
    7     1    56    37      6       719     968          10 
    8     1     2    48      1       338     805          10 
    9     1    20    26      9       328     437          10 
   10     1    13    52     36       200     962          10 
   11     1    45    10     18       349     554          10 
   12     1    30    60     16       517     692          10 
   13     1    65    20      6       826     956          10 
   14     1    37    47      6       165     290          10 
   15     1    47    47     13       272     917          10 
   16     1    53    12      6       525     752          10 
   17     1    57    48     23       377     476          10 
   18     1    36    26     18       854     980          10 
   19     1    40    60     21       199     414          10 
   20     1    53    43     14       821     948          10 
   21     1     6    38     16        29     309          10 
   22     1    20    20      8       339     960          10 
   23     1    15    19      1       222     964          10 
   24     1    28    18     26       397     470          10 
   25     1    45    65      9       418     829          10 
   26     2    35    35      0         0    1000           0 
   27     2    61    37      0         0    1000           0 
   28     2    74    39      0         0    1000           0 
   29     2    47    57      0         0    1000           0 
   30     2    57    65      0         0    1000           0 
   31     2    29    59      0         0    1000           0 
   32     2    34    71      0         0    1000           0 
   33     2    22    58      0         0    1000           0 
   34     2     7    61      0         0    1000           0 
   35     2    18    41      0         0    1000           0 
   36     2     5    39      0         0    1000           0 
   37     2    14    20      0         0    1000           0 
   38     2     0    26      0         0    1000           0 
   39     2    24    25      0         0    1000           0 
   40     2    26     6      0         0    1000           0 
   41     2    34    20      0         0    1000           0 
   42     2    41     5      0         0    1000           0 
   43     2    50     9      0         0    1000           0 
   44     2    61    14      0         0    1000           0 
   45     2    62    21      0         0    1000           0 
   46     2    74    30      0         0    1000           0 

ECV fuel tank capacity /187.87/
BSV fuel tank capacity /375.74/
ECV load capacity /1000/
BSV load capacity /5/
ECV consumption rate /1/
BSV consumption rate /1/
ECV inverse refueling rate /0.48/
Swapping service time /3.00/
Velocity /1/
