   ID  Type     x     y demand ReadyTime DueDate ServiceTime 
    0     0    35    35      0         0    1000           0 
    1     1    25    30      3       245     684          10 
    2     1    60    12     31        33     655          10 
    3     1    27    69     10        34     588          10 
    4     1    10    20     19       102     543          10 
    5     1    62    77     20        49     568          10 
    6     1    40    60     21        91     522          10 
    7     1    12    24     13       126     541          10 
    8     1    55    20     19       477     965          10 
    9     1    56    39     36       459     930          10 
   10     1    17    34      3       449     971          10 
   11     1     2    48      1       338     805          10 
   12     1    30     5      8        30     519          10 
   13     1    26    52      9       104     563          10 
   14     1    27    43      9        11     502          10 
   15     1    20    26      9       164     601          10 
   16     1    15    47     16        23     515          10 
   17     1    53    52     11        24     575          10 
   18     1     6    38     16        29     589          10 
   19     1    15    77      9        46     524          10 
   20     1    23     3      7       458     867          10 
   21     1    10    43      9       245     640          10 
   22     1     5    30      2       444     959          10 
   23     1    25    24     20        14     533          10 
   24     1    55    54     26       268     599          10 
   25     1    65    35      3       435     960          10 
   26     2    35    35      0         0    1000           0 
   27     2    61    37      0         0    1000           0 
   28     2    74    39      0         0    1000           0 
   29     2    47    57      0         0    1000           0 
   30     2    57    65      0         0    1000           0 
   31     2    29    59      0         0    1000           0 
   32     2    34    71      0         0    1000           0 
   33     2    22    58      0         0    1000           0 
   34     2     7    61      0         0    1000           0 
   35     2    18    41      0         0    1000           0 
   36     2     5    39      0         0    1000           0 
   37     2    14    20      0         0    1000           0 
   38     2     0    26      0         0    1000           0 
   39     2    24    25      0         0    1000           0 
   40     2    26     6      0         0    1000           0 
   41     2    34    20      0         0    1000           0 
   42     2    41     5      0         0    1000           0 
   43     2    50     9      0         0    1000           0 
   44     2    61    14      0         0    1000           0 
   45     2    62    21      0         0    1000           0 
   46     2    74    30      0         0    1000           0 

ECV fuel tank capacity /265.71/
BSV fuel tank capacity /531.42/
ECV load capacity /1000/
BSV load capacity /5/
ECV consumption rate /1/
BSV consumption rate /1/
ECV inverse refueling rate /0.33/
Swapping service time /3.00/
Velocity /1/
