   ID  Type     x     y demand ReadyTime DueDate ServiceTime 
    0     0    40    50      0         0     240           0 
    1     1     2    60      5        65     118          10 
    2     1    55    82     10        74      84          10 
    3     1    15    75     20        35     155          10 
    4     1    10    35     20       101     111          10 
    5     1    95    35     20        60      93          10 
    6     1    37    31     14        19     139          10 
    7     1    26    52      9        14     134          10 
    8     1     0    40     20        59     114          10 
    9     1    38    15     10       128     194          10 
   10     1     2    40     20        68      78          10 
   11     1    92    30     10        55     120          10 
   12     1    27    43      9        14     134          10 
   13     1    30    60     16       150     160          10 
   14     1    55    80     10        33      66          10 
   15     1    55    85     20       117     168          10 
   16     1    47    47     13       190     222          10 
   17     1    20    80     40       151     161          10 
   18     1    20    85     20        40     160          10 
   19     1    18    80     10        98     157          10 
   20     1    15    80     10       101     111          10 
   21     1    88    35     20        50     170          10 
   22     1    20    82     10        37      72          10 
   23     1    65    55     14        52     107          10 
   24     1    21    24     28        77     126          10 
   25     1    42    10     40        58     115          10 
   26     2    40    50      0         0     240           0 
   27     2    73    52      0         0     240           0 
   28     2    90    55      0         0     240           0 
   29     2    55    79      0         0     240           0 
   30     2    69    89      0         0     240           0 
   31     2    32    80      0         0     240           0 
   32     2    39    96      0         0     240           0 
   33     2    23    80      0         0     240           0 
   34     2     4    83      0         0     240           0 
   35     2    18    58      0         0     240           0 
   36     2     1    56      0         0     240           0 
   37     2    13    31      0         0     240           0 
   38     2    -5    38      0         0     240           0 
   39     2    26    37      0         0     240           0 
   40     2    28    13      0         0     240           0 
   41     2    39    31      0         0     240           0 
   42     2    48    11      0         0     240           0 
   43     2    59    17      0         0     240           0 
   44     2    73    23      0         0     240           0 
   45     2    74    32      0         0     240           0 
   46     2    90    44      0         0     240           0 

ECV fuel tank capacity /79.69/
BSV fuel tank capacity /159.38/
ECV load capacity /200/
BSV load capacity /5/
ECV consumption rate /1/
BSV consumption rate /1/
ECV inverse refueling rate /1.14/
Swapping service time /3.00/
Velocity /1/
