   ID  Type     x     y demand ReadyTime DueDate ServiceTime 
    0     0    40    50      0         0     240           0 
    1     1    21    24     28         0     197          10 
    2     1    63    65      8         0     202          10 
    3     1    55    20     19         0     196          10 
    4     1    37    31     14         0     210          10 
    5     1    20    80     40       141     171          10 
    6     1    49    58     10         0     217          10 
    7     1    53    43     14        14      44          10 
    8     1    35    69     23       180     210          10 
    9     1    65    85     40        43      73          10 
   10     1    49    42     13         0     217          10 
   11     1    25    30      3         0     205          10 
   12     1    18    80     10         0     192          10 
   13     1     5    45     10         0     194          10 
   14     1    65    82     10         0     189          10 
   15     1    60    85     30        85     115          10 
   16     1    55    80     10        33      63          10 
   17     1    38     5     30        65      95          10 
   18     1    47    47     13       192     222          10 
   19     1    35     5     20       154     184          10 
   20     1    57    48     23         0     212          10 
   21     1    88    35     20         0     179          10 
   22     1    38    15     10         0     194          10 
   23     1     0    40     20         0     188          10 
   24     1    72    35     30         0     194          10 
   25     1    31    81     16         0     172          10 
   26     2    40    50      0         0     240           0 
   27     2    73    52      0         0     240           0 
   28     2    90    55      0         0     240           0 
   29     2    55    79      0         0     240           0 
   30     2    69    89      0         0     240           0 
   31     2    32    80      0         0     240           0 
   32     2    39    96      0         0     240           0 
   33     2    23    80      0         0     240           0 
   34     2     4    83      0         0     240           0 
   35     2    18    58      0         0     240           0 
   36     2     1    56      0         0     240           0 
   37     2    13    31      0         0     240           0 
   38     2    -5    38      0         0     240           0 
   39     2    26    37      0         0     240           0 
   40     2    28    13      0         0     240           0 
   41     2    39    31      0         0     240           0 
   42     2    48    11      0         0     240           0 
   43     2    59    17      0         0     240           0 
   44     2    73    23      0         0     240           0 
   45     2    74    32      0         0     240           0 
   46     2    90    44      0         0     240           0 

ECV fuel tank capacity /79.69/
BSV fuel tank capacity /159.38/
ECV load capacity /200/
BSV load capacity /5/
ECV consumption rate /1/
BSV consumption rate /1/
ECV inverse refueling rate /1.14/
Swapping service time /3.00/
Velocity /1/
