   ID  Type     x     y demand ReadyTime DueDate ServiceTime 
    0     0    40    50      0         0     240           0 
    1     1    15    10     20       152     182          10 
    2     1    37    31     14         0     210          10 
    3     1    55    80     10         0     196          10 
    4     1    26    35     15        77     107          10 
    5     1    44     5     20         0     184          10 
    6     1     4    18     35         0     181          10 
    7     1     8    40     40        59      89          10 
    8     1    65    82     10         0     189          10 
    9     1     5    35     10       142     172          10 
   10     1    40    60     21         0     220          10 
   11     1    49    58     10         0     217          10 
   12     1    65    35      3        52      82          10 
   13     1    10    40     30         0     198          10 
   14     1    12    24     13        90     120          10 
   15     1    88    35     20         0     179          10 
   16     1    64    42      9        70     100          10 
   17     1    20    50      5        91     121          10 
   18     1     2    45     10         0     191          10 
   19     1    63    65      8         0     202          10 
   20     1     0    40     20         0     188          10 
   21     1    22    75     30         0     199          10 
   22     1    58    75     20         0     199          10 
   23     1    38     5     30        65      95          10 
   24     1    30    25     23         0     203          10 
   25     1    95    30     30         0     171          10 
   26     2    40    50      0         0     240           0 
   27     2    73    52      0         0     240           0 
   28     2    90    55      0         0     240           0 
   29     2    55    79      0         0     240           0 
   30     2    69    89      0         0     240           0 
   31     2    32    80      0         0     240           0 
   32     2    39    96      0         0     240           0 
   33     2    23    80      0         0     240           0 
   34     2     4    83      0         0     240           0 
   35     2    18    58      0         0     240           0 
   36     2     1    56      0         0     240           0 
   37     2    13    31      0         0     240           0 
   38     2    -5    38      0         0     240           0 
   39     2    26    37      0         0     240           0 
   40     2    28    13      0         0     240           0 
   41     2    39    31      0         0     240           0 
   42     2    48    11      0         0     240           0 
   43     2    59    17      0         0     240           0 
   44     2    73    23      0         0     240           0 
   45     2    74    32      0         0     240           0 
   46     2    90    44      0         0     240           0 

ECV fuel tank capacity /79.69/
BSV fuel tank capacity /159.38/
ECV load capacity /200/
BSV load capacity /5/
ECV consumption rate /1/
BSV consumption rate /1/
ECV inverse refueling rate /1.14/
Swapping service time /3.00/
Velocity /1/
