   ID  Type     x     y demand ReadyTime DueDate ServiceTime 
    0     0    40    50      0         0     240           0 
    1     1    38     5     30        45     164          10 
    2     1    95    30     30       105     154          10 
    3     1    56    37      6        20      84          10 
    4     1    22    85     10       101     146          10 
    5     1    65    55     14        52     107          10 
    6     1    41    37     16        92     203          10 
    7     1    37    47      6        74     127          10 
    8     1     4    18     35       112     157          10 
    9     1    20    20      8        72     193          10 
   10     1    65    35      3        29     158          10 
   11     1    60    80     10        36     191          10 
   12     1    40    60     21       100     217          10 
   13     1    92    30     10        55     120          10 
   14     1    53    43     14        14     155          10 
   15     1    62    80     30        37     148          10 
   16     1    20    50      5        57     154          10 
   17     1     5    45     10        35     117          10 
   18     1    90    35     10        52     112          10 
   19     1     8    45     20        49     108          10 
   20     1    18    75     20        55     164          10 
   21     1    64    42      9        28     141          10 
   22     1    10    35     20        51     160          10 
   23     1    35    40     16        11     140          10 
   24     1    87    30     10       116     175          10 
   25     1     2    40     20        39     161          10 
   26     2    40    50      0         0     240           0 
   27     2    73    52      0         0     240           0 
   28     2    90    55      0         0     240           0 
   29     2    55    79      0         0     240           0 
   30     2    69    89      0         0     240           0 
   31     2    32    80      0         0     240           0 
   32     2    39    96      0         0     240           0 
   33     2    23    80      0         0     240           0 
   34     2     4    83      0         0     240           0 
   35     2    18    58      0         0     240           0 
   36     2     1    56      0         0     240           0 
   37     2    13    31      0         0     240           0 
   38     2    -5    38      0         0     240           0 
   39     2    26    37      0         0     240           0 
   40     2    28    13      0         0     240           0 
   41     2    39    31      0         0     240           0 
   42     2    48    11      0         0     240           0 
   43     2    59    17      0         0     240           0 
   44     2    73    23      0         0     240           0 
   45     2    74    32      0         0     240           0 
   46     2    90    44      0         0     240           0 

ECV fuel tank capacity /79.69/
BSV fuel tank capacity /159.38/
ECV load capacity /200/
BSV load capacity /5/
ECV consumption rate /1/
BSV consumption rate /1/
ECV inverse refueling rate /1.14/
Swapping service time /3.00/
Velocity /1/
