   ID  Type     x     y demand ReadyTime DueDate ServiceTime 
    0     0    40    50      0         0     240           0 
    1     1    18    75     20        60     159          10 
    2     1    85    35     30        83     168          10 
    3     1    40    60     21       101     216          10 
    4     1    10    35     20        57     154          10 
    5     1    67    85     20        57     185          10 
    6     1    40     5     10        45     161          10 
    7     1    55    60     16       107     200          10 
    8     1    65    85     40        43     186          10 
    9     1    10    40     30       106     161          10 
   10     1    31    52     27         9     139          10 
   11     1    53    43     14        14     177          10 
   12     1    63    23      2        59     144          10 
   13     1    65    55     14        30     129          10 
   14     1    60    80     10        36     193          10 
   15     1    41    37     16        97     198          10 
   16     1    35     5     20        45     183          10 
   17     1    50    35     19        91     198          10 
   18     1    49    42     13        89     217          10 
   19     1    85    25     10        51     178          10 
   20     1     8    56     27        47     162          10 
   21     1    57    29     18        73     148          10 
   22     1    45    65      9        37     124          10 
   23     1    20    20      8        71     193          10 
   24     1    40    15     40        64     149          10 
   25     1    42    12     10        99     138          10 
   26     2    40    50      0         0     240           0 
   27     2    73    52      0         0     240           0 
   28     2    90    55      0         0     240           0 
   29     2    55    79      0         0     240           0 
   30     2    69    89      0         0     240           0 
   31     2    32    80      0         0     240           0 
   32     2    39    96      0         0     240           0 
   33     2    23    80      0         0     240           0 
   34     2     4    83      0         0     240           0 
   35     2    18    58      0         0     240           0 
   36     2     1    56      0         0     240           0 
   37     2    13    31      0         0     240           0 
   38     2    -5    38      0         0     240           0 
   39     2    26    37      0         0     240           0 
   40     2    28    13      0         0     240           0 
   41     2    39    31      0         0     240           0 
   42     2    48    11      0         0     240           0 
   43     2    59    17      0         0     240           0 
   44     2    73    23      0         0     240           0 
   45     2    74    32      0         0     240           0 
   46     2    90    44      0         0     240           0 

ECV fuel tank capacity /79.69/
BSV fuel tank capacity /159.38/
ECV load capacity /200/
BSV load capacity /5/
ECV consumption rate /1/
BSV consumption rate /1/
ECV inverse refueling rate /1.14/
Swapping service time /3.00/
Velocity /1/
