   ID  Type     x     y demand ReadyTime DueDate ServiceTime 
    0     0    40    50      0         0     960           0 
    1     1    20    85     20        73     193          10 
    2     1    57    29     18       395     515          10 
    3     1    67     5     25       713     833          10 
    4     1    42    15     10       537     657          10 
    5     1    42    12     10       440     560          10 
    6     1     8    45     20       223     343          10 
    7     1    15    80     10       367     487          10 
    8     1    31    67      3       810     930          10 
    9     1     5    45     10        35     155          10 
   10     1    67    85     20       657     777          10 
   11     1    25    85     20       673     793          10 
   12     1    20    20      8       645     765          10 
   13     1    65    85     40        43     163          10 
   14     1    38    15     10       681     801          10 
   15     1    88    30     10       246     366          10 
   16     1    55    80     10        33     153          10 
   17     1    64    42      9       268     388          10 
   18     1    87    30     10       621     741          10 
   19     1     0    45     20       703     823          10 
   20     1    25    30      3       175     295          10 
   21     1    30    25     23       397     517          10 
   22     1    47    47     13       822     942          10 
   23     1    62    80     30       278     398          10 
   24     1    55    20     19       326     446          10 
   25     1    22    75     30       152     272          10 
   26     2    40    50      0         0     960           0 
   27     2    73    52      0         0     960           0 
   28     2    90    55      0         0     960           0 
   29     2    55    79      0         0     960           0 
   30     2    69    89      0         0     960           0 
   31     2    32    80      0         0     960           0 
   32     2    39    96      0         0     960           0 
   33     2    23    80      0         0     960           0 
   34     2     4    83      0         0     960           0 
   35     2    18    58      0         0     960           0 
   36     2     1    56      0         0     960           0 
   37     2    13    31      0         0     960           0 
   38     2    -5    38      0         0     960           0 
   39     2    26    37      0         0     960           0 
   40     2    28    13      0         0     960           0 
   41     2    39    31      0         0     960           0 
   42     2    48    11      0         0     960           0 
   43     2    59    17      0         0     960           0 
   44     2    73    23      0         0     960           0 
   45     2    74    32      0         0     960           0 
   46     2    90    44      0         0     960           0 

ECV fuel tank capacity /211.04/
BSV fuel tank capacity /422.08/
ECV load capacity /1000/
BSV load capacity /5/
ECV consumption rate /1/
BSV consumption rate /1/
ECV inverse refueling rate /0.42/
Swapping service time /3.00/
Velocity /1/
