   ID  Type     x     y demand ReadyTime DueDate ServiceTime 
    0     0    40    50      0         0     960           0 
    1     1    65    20      6         0     910          10 
    2     1    65    85     40        43     163          10 
    3     1    55    80     10        33     153          10 
    4     1    20    20      8       645     765          10 
    5     1     8    56     27       365     485          10 
    6     1    64    42      9       268     388          10 
    7     1    95    30     30         0     891          10 
    8     1     5    45     10         0     914          10 
    9     1    57    29     18       395     515          10 
   10     1    90    35     10         0     897          10 
   11     1    10    20     19         0     907          10 
   12     1    62    80     30       278     398          10 
   13     1    42     5     10         0     904          10 
   14     1    55    60     16         0     931          10 
   15     1     6    68     30       352     472          10 
   16     1    61    52      3       808     928          10 
   17     1    18    75     20       388     508          10 
   18     1    30    60     16       599     719          10 
   19     1    67    85     20       657     777          10 
   20     1     2    45     10         0     911          10 
   21     1    65    35      3       167     287          10 
   22     1    24    58     19       260     380          10 
   23     1    57    48     23         0     932          10 
   24     1    55    20     19         0     916          10 
   25     1     0    40     20         0     908          10 
   26     2    40    50      0         0     960           0 
   27     2    73    52      0         0     960           0 
   28     2    90    55      0         0     960           0 
   29     2    55    79      0         0     960           0 
   30     2    69    89      0         0     960           0 
   31     2    32    80      0         0     960           0 
   32     2    39    96      0         0     960           0 
   33     2    23    80      0         0     960           0 
   34     2     4    83      0         0     960           0 
   35     2    18    58      0         0     960           0 
   36     2     1    56      0         0     960           0 
   37     2    13    31      0         0     960           0 
   38     2    -5    38      0         0     960           0 
   39     2    26    37      0         0     960           0 
   40     2    28    13      0         0     960           0 
   41     2    39    31      0         0     960           0 
   42     2    48    11      0         0     960           0 
   43     2    59    17      0         0     960           0 
   44     2    73    23      0         0     960           0 
   45     2    74    32      0         0     960           0 
   46     2    90    44      0         0     960           0 

ECV fuel tank capacity /209.92/
BSV fuel tank capacity /419.84/
ECV load capacity /1000/
BSV load capacity /5/
ECV consumption rate /1/
BSV consumption rate /1/
ECV inverse refueling rate /0.42/
Swapping service time /3.00/
Velocity /1/
