   ID  Type     x     y demand ReadyTime DueDate ServiceTime 
    0     0    40    50      0         0     960           0 
    1     1    37    31     14        19     326          10 
    2     1    10    40     30       470     687          10 
    3     1    35    69     23       211     930          10 
    4     1    64    42      9       112     543          10 
    5     1    55    54     26       538     705          10 
    6     1    57    48     23       385     518          10 
    7     1    50    35     19       404     829          10 
    8     1    38     5     30        45     522          10 
    9     1    20    80     40       418     913          10 
   10     1    60    12     31       162     493          10 
   11     1    20    82     10        37     677          10 
   12     1     8    45     20       166     399          10 
   13     1    10    20     19        42     466          10 
   14     1    20    20      8       427     913          10 
   15     1    15    80     10       272     581          10 
   16     1    62    80     30       131     544          10 
   17     1    44     5     20       338     451          10 
   18     1    15    10     20       380     902          10 
   19     1    65    82     10       530     703          10 
   20     1    61    52      3       298     928          10 
   21     1    55    85     20       549     718          10 
   22     1    55    20     19       281     490          10 
   23     1     2    60      5       255     436          10 
   24     1    87    30     10       564     797          10 
   25     1    85    35     30       462     631          10 
   26     2    40    50      0         0     960           0 
   27     2    73    52      0         0     960           0 
   28     2    90    55      0         0     960           0 
   29     2    55    79      0         0     960           0 
   30     2    69    89      0         0     960           0 
   31     2    32    80      0         0     960           0 
   32     2    39    96      0         0     960           0 
   33     2    23    80      0         0     960           0 
   34     2     4    83      0         0     960           0 
   35     2    18    58      0         0     960           0 
   36     2     1    56      0         0     960           0 
   37     2    13    31      0         0     960           0 
   38     2    -5    38      0         0     960           0 
   39     2    26    37      0         0     960           0 
   40     2    28    13      0         0     960           0 
   41     2    39    31      0         0     960           0 
   42     2    48    11      0         0     960           0 
   43     2    59    17      0         0     960           0 
   44     2    73    23      0         0     960           0 
   45     2    74    32      0         0     960           0 
   46     2    90    44      0         0     960           0 

ECV fuel tank capacity /212.23/
BSV fuel tank capacity /424.46/
ECV load capacity /1000/
BSV load capacity /5/
ECV consumption rate /1/
BSV consumption rate /1/
ECV inverse refueling rate /0.42/
Swapping service time /3.00/
Velocity /1/
