   ID  Type     x     y demand ReadyTime DueDate ServiceTime 
    0     0    40    50      0         0     960           0 
    1     1    35    69     23       780     930          10 
    2     1    40     5     10        45     525          10 
    3     1    53    43     14        14      74          10 
    4     1    45    65      9       214     421          10 
    5     1     0    45     20       698     827          10 
    6     1    12    24     13       389     449          10 
    7     1    57    48     23       212     692          10 
    8     1    67     5     25       611     897          10 
    9     1    30    25     23       342     571          10 
   10     1    38    15     10       609     872          10 
   11     1    56    37      6        20     500          10 
   12     1     8    45     20        43     523          10 
   13     1    42    15     10       494     699          10 
   14     1    30    60     16       629     689          10 
   15     1    25    85     20       431     911          10 
   16     1    55    80     10        33     166          10 
   17     1    41    37     16       570     681          10 
   18     1    38     5     30       231     291          10 
   19     1     0    40     20       204     425          10 
   20     1    90    35     10       132     375          10 
   21     1    20    20      8       675     735          10 
   22     1    61    52      3       789     928          10 
   23     1    15    80     10       397     457          10 
   24     1    18    80     10       432     665          10 
   25     1     8    40     40       225     285          10 
   26     2    40    50      0         0     960           0 
   27     2    73    52      0         0     960           0 
   28     2    90    55      0         0     960           0 
   29     2    55    79      0         0     960           0 
   30     2    69    89      0         0     960           0 
   31     2    32    80      0         0     960           0 
   32     2    39    96      0         0     960           0 
   33     2    23    80      0         0     960           0 
   34     2     4    83      0         0     960           0 
   35     2    18    58      0         0     960           0 
   36     2     1    56      0         0     960           0 
   37     2    13    31      0         0     960           0 
   38     2    -5    38      0         0     960           0 
   39     2    26    37      0         0     960           0 
   40     2    28    13      0         0     960           0 
   41     2    39    31      0         0     960           0 
   42     2    48    11      0         0     960           0 
   43     2    59    17      0         0     960           0 
   44     2    73    23      0         0     960           0 
   45     2    74    32      0         0     960           0 
   46     2    90    44      0         0     960           0 

ECV fuel tank capacity /194.58/
BSV fuel tank capacity /389.16/
ECV load capacity /1000/
BSV load capacity /5/
ECV consumption rate /1/
BSV consumption rate /1/
ECV inverse refueling rate /0.45/
Swapping service time /3.00/
Velocity /1/
