   ID  Type     x     y demand ReadyTime DueDate ServiceTime 
    0     0    40    50      0         0     960           0 
    1     1    42    10     40       254     374          10 
    2     1    20    80     40       644     764          10 
    3     1    35    69     23       810     930          10 
    4     1    10    20     19         0     907          10 
    5     1    61    52      3       808     928          10 
    6     1    15    60     17       694     814          10 
    7     1    42     5     10         0     904          10 
    8     1    47    47     13       822     942          10 
    9     1    45    30     17       191     311          10 
   10     1    45    65      9       258     378          10 
   11     1    12    24     13       359     479          10 
   12     1    63    23      2         0     914          10 
   13     1    53    43     14        14     134          10 
   14     1    67     5     25       713     833          10 
   15     1    37    31     14         0     930          10 
   16     1    18    80     10       489     609          10 
   17     1     6    68     30       352     472          10 
   18     1    92    30     10       149     269          10 
   19     1    55    82     10       217     337          10 
   20     1    25    85     20         0     911          10 
   21     1    88    35     20         0     899          10 
   22     1    55    85     20       574     694          10 
   23     1    30    60     16       599     719          10 
   24     1    10    35     20       371     491          10 
   25     1     2    60      5       286     406          10 
   26     2    40    50      0         0     960           0 
   27     2    73    52      0         0     960           0 
   28     2    90    55      0         0     960           0 
   29     2    55    79      0         0     960           0 
   30     2    69    89      0         0     960           0 
   31     2    32    80      0         0     960           0 
   32     2    39    96      0         0     960           0 
   33     2    23    80      0         0     960           0 
   34     2     4    83      0         0     960           0 
   35     2    18    58      0         0     960           0 
   36     2     1    56      0         0     960           0 
   37     2    13    31      0         0     960           0 
   38     2    -5    38      0         0     960           0 
   39     2    26    37      0         0     960           0 
   40     2    28    13      0         0     960           0 
   41     2    39    31      0         0     960           0 
   42     2    48    11      0         0     960           0 
   43     2    59    17      0         0     960           0 
   44     2    73    23      0         0     960           0 
   45     2    74    32      0         0     960           0 
   46     2    90    44      0         0     960           0 

ECV fuel tank capacity /273.13/
BSV fuel tank capacity /546.26/
ECV load capacity /1000/
BSV load capacity /5/
ECV consumption rate /1/
BSV consumption rate /1/
ECV inverse refueling rate /0.33/
Swapping service time /3.00/
Velocity /1/
