   ID  Type     x     y demand ReadyTime DueDate ServiceTime 
    0     0    40    50      0         0     960           0 
    1     1    20    82     10         0     912          10 
    2     1    49    58     10         0     937          10 
    3     1    25    30      3         0     925          10 
    4     1     6    68     30       352     472          10 
    5     1    85    25     10         0     898          10 
    6     1    95    35     20         0     892          10 
    7     1    65    85     40         0     906          10 
    8     1    22    75     30         0     919          10 
    9     1    61    52      3         0     928          10 
   10     1    55    80     10         0     916          10 
   11     1    72    35     30         0     914          10 
   12     1    45    30     17         0     929          10 
   13     1     0    45     20         0     909          10 
   14     1    56    37      6         0     929          10 
   15     1    62    80     30       278     398          10 
   16     1    50    35     19         0     931          10 
   17     1    26    35     15       308     428          10 
   18     1    65    82     10         0     909          10 
   19     1    57    29     18       395     515          10 
   20     1    15    10     20       782     902          10 
   21     1    37    31     14         0     930          10 
   22     1    49    42     13         0     937          10 
   23     1    22    85     10         0     910          10 
   24     1    25    85     20         0     911          10 
   25     1    37    47      6         0     945          10 
   26     2    40    50      0         0     960           0 
   27     2    73    52      0         0     960           0 
   28     2    90    55      0         0     960           0 
   29     2    55    79      0         0     960           0 
   30     2    69    89      0         0     960           0 
   31     2    32    80      0         0     960           0 
   32     2    39    96      0         0     960           0 
   33     2    23    80      0         0     960           0 
   34     2     4    83      0         0     960           0 
   35     2    18    58      0         0     960           0 
   36     2     1    56      0         0     960           0 
   37     2    13    31      0         0     960           0 
   38     2    -5    38      0         0     960           0 
   39     2    26    37      0         0     960           0 
   40     2    28    13      0         0     960           0 
   41     2    39    31      0         0     960           0 
   42     2    48    11      0         0     960           0 
   43     2    59    17      0         0     960           0 
   44     2    73    23      0         0     960           0 
   45     2    74    32      0         0     960           0 
   46     2    90    44      0         0     960           0 

ECV fuel tank capacity /159.68/
BSV fuel tank capacity /319.36/
ECV load capacity /1000/
BSV load capacity /5/
ECV consumption rate /1/
BSV consumption rate /1/
ECV inverse refueling rate /0.57/
Swapping service time /3.00/
Velocity /1/
