         100 1581.25
        1297
0 0
  1             -7              9             94
  2             -7              8             12
  3            -15             16             17
  4             -2             13            619
  5              0              3             61
  6             -9              6              3
  7              2              5              4
  8            -13              9             13
  9            -15             10             44
 10            -14              2             12
 11              1              0             35
 12            -40             24            114
 13            -54            -15             29
 14            -43             10             76
 15            -73             -2            106
 16            -76              4            157
 17            -45             31             43
 18            -29             36              4
 19            -78             11             38
 20            -31             25            212
 21            -67             17             42
 22            -31              4             10
 23            -51             10             19
 24            -30             -9            856
 25            -51             24             13
 26            -80            -10             67
 27            -34              4            144
 28            -45             25            310
 29             73             32             85
 30             78             59           1061
 31             58             53            344
 32             57             55             22
 33             20             85             15
 34            -12             81            219
 35             -8             86             44
 36             12             33            370
 37             19             86             74
 38            -11             44             82
 39             -2             67              3
 40             25             76             39
 41            -29             44             54
 42              4             80             22
 43             -2             84            171
 44             -8             54             65
 45            -16             34            405
 46            -14             80             19
 47            -17             32              7
 48             19             39            586
 49            -20             82             15
 50             17             42            149
 51             -4              5            141
 52            -20             25              9
 53            -12             14            261
 54            -11             11              4
 55            -12              4              5
 56             -1             21             21
 57             -1              1             25
 58             -9             21             86
 59              9              3             86
 60              5             14            124
 61             -9             27            123
 62            -20             11             11
 63              0             30             41
 64            -12             15            279
 65             -3             17            149
 66            -58            -60              9
 67            -71            -58             65
 68            -32            -34            155
 69            -59            -37              6
 70            -48            -19             83
 71            -71            -49             11
 72             22             -4            735
 73             13            -10              4
 74             22            -17             56
 75             13             12             26
 76              3             -5              5
 77             27             -4             34
 78              2             -3             13
 79             -2            -22           1017
 80             30              1             85
 81             22             -6             10
 82            -27             62              7
 83            -20             64              6
 84            -26             69            524
 85            -20             66             16
 86            -29             67             15
 87            -84            -10            117
 88            -69            -22             48
 89            -79             -4             43
 90            -84            -19             64
 91            -63            -12             30
 92            -76            -14              3
 93            -70             -4             21
 94             30             39            514
 95             23             39            625
 96             30             48              7
 97             36             21            257
 98             32             16            603
 99             42             30              4
100             62             16              4
11 0 999999
  7   24   27   22   10   55   51    5   83.401    1229
  7   75   96   32   31   99   97   98  168.648    1263
  6   37   33   40   30   29  100  266.350    1278
  6   57    2   53   64   58    4   49.935    1282
  4    7   50   95   94  108.222    1292
 23   68   66   67   71   69   70   13   91   88   92   90   87   26   89   93   15   16   19   21   23   14   62    1  323.351    1294
 19   38   44   39   42   43   35   34   46   49   85   83   84   86   82   41   18   52    3   54  220.310    1296
  6   60   48   36   63   56   65   95.898    1291
 10   11   59   80   77   72   81   74   73   76   78   82.894    1063
 11    6    8    9   20   12   28   25   17   47   45   61  138.055    1287
