50

6350	3650

20	90

0	79680	91680	27800	99710	76350	91240	99110	81690	71200	39480	45050	51560	52980	53670	89250	54720	58810	56540	45660	40670	79640	24950	53610	70760	51380	81910	73470	34470	60880	36140	89020	76020	33780	48520	96030	70350	86080	64200	61000	18960	67330	20460	17540	89990	83120	80000	67700	90740	20230	67340	
80620	0	64460	62140	58090	28910	53800	113441	65370	13040	84630	96440	47890	84840	78180	43000	61600	125992	91550	60000	49980	134460	98600	28420	61540	98510	87580	66920	46250	67040	57790	66130	18880	54270	54560	154950	137480	87340	65310	89610	84030	93950	66140	96180	108261	144510	62190	31420	86330	71020	88990	
92550	64870	0	94310	19140	80660	15040	68170	22240	60430	118210	129150	93900	61431	54771	28030	44080	106101	132250	50010	90521	106130	115220	65410	29871	75101	47290	32670	74480	47320	58720	10480	71630	60300	47380	125520	110240	44400	38951	132550	106250	63120	73410	108680	72130	116180	21430	33730	40680	98790	55490	
27790	61910	94280	0	97580	50830	89110	117650	87630	52590	28010	39820	23820	71520	70320	85750	62341	82120	40500	53050	12930	102950	39320	36440	77271	74420	96461	81091	20310	68501	41590	94450	50940	38990	53950	119340	93660	99081	71821	44050	24490	85630	30210	37640	108530	106430	85440	64780	102791	11010	84110	
99570	58030	18940	97560	0	77850	8700	84741	38270	57620	121550	132490	92460	77170	70510	15390	55570	121840	132311	59070	89891	122340	122240	65230	44860	90840	63800	48670	77730	59560	66920	26990	68820	66810	56440	141730	126450	61300	53110	131840	112330	79330	81210	115790	88701	132390	36390	33990	57580	102130	71700	
77070	30010	81970	51580	79240	0	73880	128791	81670	22120	73560	84600	30860	94142	87990	65580	73520	128850	70450	68440	38910	143852	90760	34670	77830	108032	103950	83210	47900	78460	61552	83530	11090	57772	63000	164342	140390	103710	77790	66000	76000	104450	68330	89080	123151	153650	78470	48690	102700	62520	101230	
90880	53750	15030	88870	8720	72580	0	79951	32770	52350	112860	123800	86060	69530	62870	13280	46880	114200	125181	50380	82761	116130	113550	57340	38290	83200	58350	42460	69040	51430	58220	22870	63550	58120	47750	135520	120240	56850	45120	124710	103640	73120	72520	107100	83911	126180	30250	25650	53260	93440	65490	
99120	113611	68201	117760	84641	127811	80111	0	48861	107211	138110	144180	130580	49790	48500	90101	58220	72300	155000	68110	121580	61810	117110	105821	51810	50770	27120	48070	103421	61450	79280	58351	118411	81360	71820	69840	66810	28170	53010	159460	115700	35680	87860	109840	10290	69820	55341	81910	29960	115620	35290	
81450	65210	22360	87120	38450	80130	32950	48761	0	59900	109870	120810	91120	41790	35130	42460	28190	85350	124510	37450	85250	84260	103330	62890	11090	54350	26630	10620	67570	31420	48950	13770	71100	50530	37220	103650	88370	25130	20570	127700	96480	41250	62750	95500	52400	94310	6770	33790	23000	90450	33620	
72070	12780	60540	52720	57810	21100	52450	107211	60230	0	75950	87760	39210	75350	68690	44150	53140	115990	82870	49140	41300	124730	90510	20160	56400	89020	82440	61780	37700	58080	46930	62100	12070	44950	43700	145680	127530	82200	57110	80930	75940	84530	56990	87630	101571	135240	57040	27260	81150	62930	80060	
40140	84760	119060	28370	122730	73190	114260	138490	110900	76140	0	14030	43420	89420	90110	111290	85611	82900	21620	76300	35290	103730	32840	60710	100541	89760	117830	104361	46990	91771	64840	117720	73300	62310	77220	120120	94440	121770	95091	26880	22360	103770	51460	34950	129370	107210	108700	90090	126061	20020	103780	
44840	95740	128810	39350	132480	84170	124010	143930	120650	87120	13920	0	54400	95280	95970	121390	95361	83620	19300	86050	46270	104450	27870	71690	110291	93680	124210	114111	56770	101521	74590	127470	84280	72060	86970	120840	95160	128380	104841	24560	26280	109630	61210	35320	134650	107930	118450	99840	133040	29770	109640	
51630	47620	93750	23890	92200	30350	86220	130041	91040	39000	43020	54830	0	85310	81920	78540	69961	104780	43980	63100	11060	125520	63100	29440	82810	90810	104081	88190	29460	76121	52720	94200	33200	48940	60720	142450	116740	106701	79441	42040	48270	97760	46600	61420	121900	129540	88740	60520	110411	34830	95710	
52970	85510	61421	71610	77560	93901	69560	49760	42070	75150	88890	95640	85820	0	7480	73870	25170	45910	105780	27370	76620	50620	71540	63330	32440	14910	31470	31970	60640	28380	35760	55270	85290	37840	34960	71110	53640	38650	27210	110240	69550	17470	41700	63950	40640	60670	44630	54440	44090	69470	16690	
54220	78290	54391	69580	70530	87070	62530	49110	35090	67670	90140	96890	81120	7880	0	66650	17950	52550	104850	19890	72320	57260	73870	58630	25410	21550	28550	24990	55940	21160	31060	48290	77810	33140	27480	77750	60280	33120	20180	109310	70800	17060	39490	66040	40230	67310	37600	47220	37780	70720	15470	
89310	43060	28110	85780	15420	64360	13370	90471	42760	44130	110720	121660	78970	73440	66780	0	50200	118110	118851	53400	76431	122760	111980	52330	44410	87110	68340	49790	65950	55640	58050	35950	55330	56550	48620	142740	125780	66840	50570	118380	101500	80250	70950	105530	91600	132810	40090	22640	64710	91300	72820	
54820	61080	43770	62640	54960	72770	46650	58380	28270	52760	85390	96330	70471	24310	17650	49440	0	68980	100030	10590	62981	73630	77210	46550	17510	37980	34470	19100	45301	6510	23570	40260	63740	25650	14490	94120	76650	37090	9830	104490	71190	33420	35890	69380	53390	83680	29190	30010	40800	65970	28490	
59140	125460	106381	82570	122520	128250	114520	72700	86090	116140	83200	84560	105150	46200	52440	118830	70130	0	99340	70760	94120	21040	56780	98550	77400	31300	68270	75990	82120	73340	69600	99250	122470	73000	78700	37430	11750	75450	72170	104600	62110	50400	60710	49390	63650	24520	89590	99400	80890	74970	54340	
56540	91730	132490	40520	132650	70770	125560	154780	124970	83110	21510	19660	44420	105710	105640	118990	99681	98710	0	90370	42990	119540	46250	68410	114611	106240	134060	118431	58770	105841	78910	131790	77310	76380	91290	135930	110250	137190	109161	6610	39120	120060	65530	50760	145660	123020	122770	100240	140900	36550	120070	
45780	59590	49900	53310	58760	68380	50290	67990	37310	48980	76060	87000	63790	27340	20680	52880	10850	70460	90700	0	55500	76720	68400	39890	26380	41010	44970	29600	38620	17010	14240	47020	59120	16320	8790	97210	79740	47590	20330	95160	61860	36520	26560	60860	59690	86770	37670	32200	51300	56640	34350	
40670	49830	90060	12960	90020	38260	82930	121780	85710	41210	34940	46750	11030	76390	73000	76360	62481	93720	42710	55180	0	114010	52210	25780	76800	79750	96601	81231	18810	68641	43800	90510	38370	40020	54180	131390	105680	99221	71961	44130	37380	88840	35540	50530	112660	118480	83510	57610	102931	23900	86790	
80490	135940	106500	103920	122821	145591	116720	61900	84960	126090	104550	105910	125860	52730	58420	123600	75020	22220	120690	78310	114580	0	78130	114820	79660	38060	64720	75920	101010	78230	87250	96650	136970	89330	85900	21190	10270	71650	76510	125950	83460	47880	79600	70740	52850	10200	89800	104290	77090	96320	52930	
24810	98600	114860	39460	122890	90200	114420	116990	104210	90530	33010	28190	63220	71250	72670	112430	77220	56170	46270	68150	52330	77000	0	72940	93280	67220	100910	94900	54750	83300	58940	112200	90310	56960	71700	93390	67710	105480	86620	51530	15580	85410	42580	7870	107310	80480	103180	90880	110140	28440	86280	
53890	28200	65080	36400	65370	33950	57950	105811	62730	19930	60331	72141	28980	63510	60120	52020	47260	98870	68101	40240	25681	112890	72800	0	55050	77180	80290	60430	19520	52590	30920	65530	25210	27140	36040	133380	110410	80850	53690	67630	58230	75960	39010	69450	99780	122940	60070	32640	82330	45220	73910	
71140	61510	29781	77891	45190	76430	38110	51820	11080	56200	100641	111581	82950	32310	25650	44200	17250	76980	115281	26620	76530	78940	93490	55290	0	45980	26040	5380	58850	20480	38941	24060	67400	40531	27520	98330	83050	25800	9630	118980	86471	35840	51920	85660	47190	88990	12990	30090	27280	81221	28410	
51480	99170	75081	74490	91220	107701	83220	50970	54790	88810	88990	93990	90590	14900	21140	87530	38830	30990	106460	41030	79560	36910	67480	76990	46100	0	39340	44690	65990	42040	49420	67990	98950	51500	48620	57490	39900	46520	40870	110920	67900	21230	44580	60210	41290	46960	58290	68100	51960	70150	25170	
81160	87690	47400	96270	63840	103130	58420	27140	26680	82380	116960	123830	104611	30960	28160	67930	34390	67980	134190	44730	97121	64130	100810	80050	26170	39060	0	22430	79441	37620	57660	37550	93580	59740	47990	80170	68240	8480	28880	138890	97740	22600	66240	92980	26310	74180	32500	56270	13920	97540	14800	
73040	66950	32361	81430	48591	81870	42490	48140	10730	61640	104180	115120	88390	31810	25150	49370	19040	75370	118820	29380	81771	75370	94670	60730	5430	44370	22360	0	64091	22270	42360	23930	72840	44440	32460	94760	79480	22120	11520	123280	89570	32360	54680	86840	43510	85420	15570	35530	25720	84760	24730	
34460	45310	74450	20310	77750	47220	69280	102981	68030	37440	46430	57370	29480	60010	56620	65920	44801	81750	58780	37940	18810	100230	54590	19500	59120	65970	78921	63551	0	50961	27420	74850	41750	23640	36500	118970	93290	81541	54281	61260	40020	72460	21760	50020	95630	106060	65830	44950	85251	27010	70410	
62360	58100	45770	66700	54540	68540	46070	75090	36080	48530	89450	100390	71250	42400	35740	48660	19160	87070	104090	19420	64830	91720	85030	45340	26240	56070	50330	31620	47150	0	28530	43110	59510	30110	16790	112210	94740	51290	23730	107280	76060	51510	43220	78490	70100	101770	34090	28290	53520	70030	46550	
36130	57450	58070	41280	66100	61111	57630	78240	48590	46960	64030	74970	53030	34200	30810	57980	22710	69230	78670	12990	44140	83580	58800	30540	38231	47870	56830	41460	27840	28870	0	55410	54460	5050	14910	104070	80770	59450	32190	83130	49830	46650	16330	51600	69820	93540	46390	36250	63160	44610	44600	
89490	66090	10680	93830	27120	81760	23020	58401	13400	61530	116580	127520	93840	54990	48330	36010	40410	98550	131220	46950	90461	96300	112160	65350	24290	67550	37460	23820	74280	43650	55660	0	72730	57240	44320	115690	100410	34960	33470	132490	103190	53290	70350	105620	62361	106350	15430	34950	31240	97160	45660	
76030	18920	71970	50910	69240	10440	63880	118641	71660	12120	72890	84700	33210	85040	78380	55580	63940	122640	76870	58830	38240	136300	90090	25190	67830	98710	93870	73210	41770	69190	54820	73530	0	51040	53390	156790	134180	93630	68520	74930	75330	94840	62200	88410	113001	146350	68470	38690	92620	61850	91170	
33750	53240	59000	38650	67030	56901	58560	81050	49520	43920	61400	72340	48820	37010	33620	56570	24231	72370	76040	15800	40020	86390	56420	26330	39161	50680	58351	42981	23640	30391	4420	56340	50250	0	15840	106880	83910	60971	33711	80500	47450	49460	15390	49970	72630	96440	47320	35020	64681	41980	47410	
49380	54160	47140	54500	55760	62950	47290	71200	37450	43550	77250	88190	60950	34210	27550	48500	14000	77990	91890	8000	54170	83590	72050	35670	26840	47880	47290	31920	36490	19330	15550	44480	53690	17130	0	104080	86610	49910	22490	96350	63080	43390	30240	65020	66210	93640	35460	26770	53620	57830	41220	
96220	154360	124910	119650	141231	164001	135130	69830	103370	144790	120280	121640	142640	71140	76830	142010	93430	37870	136420	96720	131610	21530	93860	133230	98070	56470	79990	94330	119200	96640	105660	115060	155770	107740	104310	0	25920	84710	94920	141680	99190	66290	97790	86470	61000	19770	108210	122700	90150	112050	71340	
70300	136630	109820	93730	126141	139410	120040	66970	88280	127300	94360	95720	116720	54570	60260	125560	76860	11950	110500	80150	105690	9290	67940	109710	82980	39900	68040	79240	93280	80070	80760	99970	133790	84160	87740	25680	0	74970	79440	115760	73270	51200	71870	60550	57920	12770	93120	106130	80410	86130	56250	
85910	87430	44970	99360	61580	102870	56790	28430	25050	82120	121270	128580	107191	37600	33100	66300	36970	74770	138500	47310	99701	70370	105560	81210	25910	45850	7930	22170	82021	40200	60290	35290	93320	62370	50570	84640	74480	0	29790	143640	102490	29240	70550	97730	30210	80420	30950	56010	6850	101850	21440	
64410	64770	39180	72230	53130	77260	45130	53010	20650	57030	94980	105920	79670	27110	20450	51000	9840	71780	109620	20180	72571	75740	86600	54030	9890	40780	28250	11580	54891	13070	33160	33550	68230	35240	23150	95130	79320	29680	0	114080	80780	32640	45480	78770	48020	85790	22480	33700	33280	75560	25630	
61040	89570	132540	44110	132500	66250	125410	159280	128250	80950	26920	24980	42260	110210	110140	118840	104181	104030	6640	94870	44190	124860	51570	68260	119111	110740	139150	122931	61350	110341	83410	132990	75150	80880	95790	141250	115570	141770	113661	0	44440	124560	70030	56080	150160	128340	126050	100090	145480	41050	124570	
18570	83910	105010	24520	112080	75290	103610	115140	95530	75840	21730	26730	48280	69010	69700	100990	70241	61100	39210	60930	37390	81930	14830	58250	85171	67410	97940	88991	40060	76401	49470	102350	75400	47110	61850	98320	72640	102110	79721	44470	0	83360	35840	13150	106020	85410	93330	79440	106770	13500	83370	
66450	94750	63580	85090	79901	105210	73800	34650	42040	85080	102370	109120	98530	17650	17410	80680	34410	47850	119260	37300	89730	44350	84820	76040	36630	18930	22290	33000	73350	37620	48470	53730	95890	50550	44890	63740	48460	29470	33210	123720	83030	0	55180	77430	25530	54400	46880	63680	34910	82950	9950	
20360	65330	73310	30120	81340	67500	72870	87660	62680	56010	50750	61690	46220	41650	40230	70880	36220	60330	65390	26500	35190	78810	42980	38420	51750	44550	66490	54970	21620	42380	16360	70650	62030	15410	30150	97550	71870	70430	45700	69850	36140	55760	0	35440	78660	84640	61630	49330	75090	31330	54020	
17320	95420	107680	37950	115710	88690	107240	110290	96720	86940	35160	35610	61710	64200	65620	105250	69690	49120	51300	60660	50820	69950	7830	69350	85790	60520	93860	87370	50210	75770	51450	105020	88800	49780	64520	86340	60660	98110	79090	56560	14070	78550	35090	0	100610	73430	96000	83700	102770	26930	79230	
90520	108842	72411	109160	88851	122922	84321	10230	52920	102322	129500	134500	122260	41190	39900	91830	53621	62360	146400	59790	113260	51870	107190	99570	47890	40850	26420	44150	95840	56851	70960	62561	113522	73040	67221	60010	56870	30110	48411	150860	107100	27080	79250	99920	0	59990	58030	77422	32600	107020	29840	
83310	145210	115760	106750	132081	152830	125980	69860	94220	135640	107370	108730	129730	61990	67680	132860	84280	24960	123510	87570	118700	10470	80950	122720	88920	47320	73980	85180	106290	87490	93770	105910	146620	97170	95160	19390	13010	80910	85770	128770	86280	57140	84880	73560	61030	0	99060	113550	86350	99140	62190	
80670	62030	21540	85010	36480	76950	30360	55231	6760	56720	107760	118700	88400	45030	38370	39720	29700	89700	122400	38070	83140	89210	103340	59910	13470	58700	32300	15570	65460	32940	46840	15450	67920	48420	35500	108600	93320	30870	22450	125590	94370	46200	61530	96640	57350	99260	0	30610	28740	88340	38570	
67330	31480	33650	64690	33810	47550	26070	82020	34030	27320	88740	99680	61120	53740	47080	22100	30500	98410	100261	31830	57841	103060	90000	32880	30200	67410	56240	35580	44860	35940	36070	35320	38520	34570	26390	123550	106080	56000	34210	99790	79520	62850	48970	83550	76921	113110	30840	0	54950	69320	57890	
90680	86570	41410	103250	58020	102010	53860	29930	22900	81260	126000	133350	110770	43700	37870	64150	40860	80830	142851	51200	103591	76430	110330	82780	27480	51910	13990	25720	85911	44090	64180	31730	92460	66260	54280	90690	80540	6840	33340	147601	107260	35340	75320	102500	32470	86480	28800	55150	0	106580	27540	
20230	70850	99040	11020	102710	61790	94240	115530	90880	62780	19420	30360	34780	69400	70090	91620	65591	74580	36530	56280	23890	95410	28310	45190	80521	69930	97810	84341	27000	71751	44820	97700	61900	42290	57200	111800	86120	101750	75071	40990	13480	83750	31440	26630	106410	98890	88680	70070	106041	0	83760	
67160	88720	55610	84070	71931	101110	65830	35160	34070	79910	103080	109830	95520	16760	15260	72710	28540	54000	119970	34290	86720	52430	86620	73030	28650	25080	15820	25030	70340	31770	45460	45760	90890	47540	41880	71820	56540	23000	25590	124430	83740	9380	54040	78980	29170	62480	38910	57650	28440	83660	0	

0	                                      Burgess_Hill	0	0	32400	0

1	                                    South_Ockendon	561	8199	11604	1122
2	                                       Chorleywood	605	4704	8616	1210
3	                                       Crowborough	365	13213	17346	730
4	                                      Saint_Albans	263	15518	18045	526
5	                                            Strood	753	9268	11706	1506
6	                                           Radlett	663	14611	17611	1326
7	                                            Tadley	102	22132	25157	204
8	                                            Slough	290	8926	11271	580
9	                                          Dartford	517	22435	26538	1034
10	                                          Hailsham	104	11331	13848	208
11	                                        Eastbourne	573	17548	20647	1146
12	                                      Paddock_Wood	336	3975	8661	672
13	                                         Godalming	766	11630	15560	1532
14	                                         Guildford	780	13123	17796	1560
15	                                       Potters_Bar	381	20561	23399	762
16	                                            Cobham	316	6555	10040	632
17	                                        Chichester	701	21382	24423	1402
18	                                           Bexhill	207	9926	14562	414
19	                                       Leatherhead	825	19186	22197	1650
20	                             Royal_Tunbridge_Wells	617	24328	26631	1234
21	                                     Waterlooville	243	10182	12707	486
22	                                       Rottingdean	206	20672	24769	412
23	                                          Halstead	776	24013	28323	1552
24	                                           Staines	494	13587	17086	988
25	                                         Haslemere	270	20866	24068	540
26	                                        Crowthorne	307	24543	27062	614
27	                                             Egham	807	17678	21435	1614
28	                                        Edenbridge	383	2603	6727	766
29	                                             Esher	810	7989	11703	1620
30	                                           Reigate	537	12648	16477	1074
31	                              Chalfont_Saint_Peter	359	23393	26333	718
32	                                         Gravesend	315	25373	28108	630
33	                                           Redhill	603	5546	8256	1206
34	                                             Epsom	141	15870	17906	282
35	                                           Gosport	552	5591	9006	1104
36	                                          Emsworth	301	3458	6511	602
37	                                         Wokingham	679	8096	11563	1358
38	                                        Addlestone	766	7782	11154	1532
39	                                          Hastings	216	24511	26985	432
40	                                             Lewes	289	2943	6073	578
41	                                              Hale	260	22870	27639	520
42	                                           Crawley	602	14519	18379	1204
43	                                          Brighton	206	7329	12067	412
44	                                       Basingstoke	776	14309	16404	1552
45	                                        Portsmouth	495	20194	23915	990
46	                                              Iver	373	19760	24704	746
47	                                            London	433	17704	20883	866
48	                                           Twyford	432	4748	7330	864
49	                                          Uckfield	592	5677	10668	1184
50	                                       Farnborough	178	24261	28812	356
