50

6350	3650

20	90

0	69360	53760	67470	21010	80400	80420	73990	59010	58440	73320	8790	83380	92260	73170	48280	64580	73390	96760	79120	17280	80320	78590	71950	39510	57140	65350	86140	74960	53960	81140	55800	64030	88710	88080	76330	44910	30890	79510	86690	61320	89800	67280	96180	64920	49980	76600	99690	95030	17980	92510	
68440	0	68821	86840	51370	115411	36290	25180	81250	13940	108580	75860	41110	58580	47290	43450	115080	28780	131011	23260	55820	126490	33490	108950	31670	18950	73630	52330	39930	18870	26010	25380	16000	26480	122611	83220	27210	59930	19530	24380	21920	80900	26220	62500	21960	62450	122770	134641	43130	58930	44470	
53790	68331	0	19280	51460	47851	59681	60621	13690	58091	120830	61770	57980	53130	43740	26090	58280	55891	63451	89081	64030	61061	58301	121200	65880	59710	12020	51930	49791	73310	69331	45631	54261	80071	55051	24880	71000	71300	81461	75261	49521	38170	54641	56960	82340	7240	61160	67081	77081	67280	70140	
67130	86680	19340	0	66110	32420	75820	78971	9410	76440	135480	72300	72270	66220	58030	44440	48310	74241	47200	107430	78680	45630	75580	135850	82390	78060	18660	65990	66790	91660	87681	63980	72611	98421	38800	19330	87510	85950	99811	93611	67871	37760	72991	70050	100690	26260	48660	50830	94360	80830	84430	
20760	51550	51310	66220	0	88690	62840	56410	57920	40860	69630	28750	65800	75701	56611	32210	75600	55810	104810	61310	15720	89680	61010	70000	21980	39330	59070	69581	57380	36150	63560	38220	46450	70900	96410	70230	27100	20980	61700	69110	43740	77870	49700	79621	47110	44720	85960	108440	77450	18830	74930	
80270	115151	47811	32380	88860	0	105811	107442	34531	104912	152210	83360	102261	97190	88021	72911	27420	102712	19810	135902	96580	14380	105122	150770	105140	106531	49910	96211	96612	119310	116152	92452	101082	126892	10150	49080	110260	108700	128282	122082	96342	67510	101462	101020	129161	54731	18860	23300	123902	97280	114421	
79690	34820	59571	75730	62640	105791	0	11470	71630	36690	127580	87680	7390	25950	20250	39600	116330	9330	121391	52230	73310	119001	3050	127950	58260	41700	58400	19700	10240	50110	20270	30830	25480	32240	112991	63950	53910	77420	41010	29050	21600	51470	16070	28920	53680	54341	119100	125021	21420	76420	17190	
73250	23930	60401	78691	56200	107262	11540	0	73101	26700	119980	81240	16360	34360	25350	38670	113760	7180	122862	41880	66870	120472	8740	120350	48270	31710	64190	28110	16990	39640	9920	23860	16230	22940	114462	70710	43920	70980	30660	19750	14620	59880	8610	38280	42790	55171	120180	126492	21890	69980	20060	
58950	80970	13630	9620	58030	34531	71630	73261	0	70730	127400	63790	68080	63130	53840	38730	46340	68531	50131	101721	70600	47741	70941	127770	74310	72350	16480	62030	62431	85950	81971	58270	66901	92711	41731	22050	79430	77870	94101	87901	62161	40390	67281	66960	94980	20550	47840	53761	89721	72650	80240	
58280	13940	58471	76450	41230	105021	36610	26650	70860	0	98870	66150	40650	54720	39870	33060	102390	29330	120621	34650	46110	113800	34780	99240	21960	5400	63240	48600	36090	18040	29800	14990	11660	36410	112221	72830	18420	50220	30960	31600	17280	71280	22920	58640	25020	52060	110080	124251	47680	49220	46280	
72960	108580	121750	136800	69850	152340	125880	119450	128500	98890	0	75700	128840	138691	119601	100700	136520	118850	168700	118340	59190	152260	124050	7600	78730	96360	129650	132571	120420	93180	126510	101170	109130	127930	160020	140810	84130	48960	118730	126580	106690	147600	112740	142611	104140	114080	148540	171630	140490	55800	137970	
8980	75930	61330	72540	28630	83490	88040	81610	64040	66060	75600	0	91000	99880	80790	55900	65800	81010	99850	85690	23850	83410	86210	74160	46080	63710	72920	93760	82580	60530	88760	63420	71650	95280	91170	83900	51480	37300	86080	93930	68940	97370	74900	103800	71490	57550	79590	102780	102650	24540	100130	
82930	39650	58250	72460	65880	102521	7400	16300	68360	41410	130820	90920	0	20850	19170	39940	114220	14160	118121	57060	76550	115731	7880	131190	62980	46420	55130	14490	10890	54830	24780	34090	30200	36560	109721	60420	58630	80660	45740	33370	26320	47940	20900	22830	58510	53261	115830	121751	22950	79660	12540	
91271	57220	53120	66150	74221	97291	25960	34200	63130	54900	139141	99261	20970	0	22280	44040	108990	30170	111750	74960	84871	110501	27200	139511	75600	58320	49360	7010	19290	68910	43000	44570	44280	56020	103350	51780	72060	88981	63740	52830	40400	34100	35480	4990	75210	52020	110600	115380	42160	87981	30020	
72511	46880	43830	58040	55461	88101	20050	25070	53940	39950	120381	80501	19050	22340	0	25280	99800	19830	103701	65560	66111	101311	18950	120751	60680	43400	40710	16740	10160	57380	33870	27490	33380	46890	95301	46760	57140	70221	54340	43700	28640	38820	24930	26260	64310	38601	101410	107331	37730	69221	31210	
47900	43230	26250	44460	32670	73031	39090	38720	38870	32990	100770	55890	39880	44410	25320	0	78580	34190	88631	63980	45240	85610	37330	101140	43830	34970	31250	38290	30990	48570	45870	20530	29890	56610	80231	42410	48000	51770	57870	51800	26050	46600	32010	48330	57600	19570	82860	92261	56110	48490	51880	
64580	114580	57820	47910	75700	27140	115850	113630	45940	102330	136520	65800	113480	108530	99240	78130	0	111710	40410	132560	80890	20910	114470	135080	93230	103480	61880	107430	105960	107400	120780	95440	104800	131520	31780	65080	98350	94500	131600	126710	100960	83510	106920	112360	118360	62720	16190	41840	133250	81590	125640	
72690	27870	55761	74051	55640	102622	9210	7600	68461	29690	119420	80680	14030	30120	19830	34260	112290	0	118222	46550	66310	115832	7380	119790	51260	34700	59140	23870	11470	43110	17190	23830	18480	30210	109822	65190	46910	70420	35330	27020	14600	55500	8240	34040	46730	50531	115931	121852	24670	69420	21930	
96610	131281	63940	47550	105390	19680	121940	123571	50801	121040	168550	99700	118390	111990	104150	89040	40130	118841	0	152031	112920	21980	121251	167110	121670	122660	65830	111760	112741	135840	132281	108580	117211	143021	11460	63880	126790	125330	144411	138211	112471	82310	117591	115820	145430	70860	26700	4200	140031	113620	130550	
78530	23260	89591	107610	61460	136452	52150	41730	102020	34560	118670	85950	56970	74970	65580	64220	132730	46070	152052	0	65910	146810	49350	119040	41760	36240	94400	68720	57220	25710	34870	46150	36770	25020	143652	103990	37300	70020	13980	27560	42690	100490	45930	78890	15210	83220	143090	155682	43810	69020	57670	
16730	55940	64130	79040	15720	96470	73010	66580	70740	46250	59090	24150	75970	85821	66731	45030	80750	65980	112830	65700	0	96390	71180	59460	26090	43720	71890	79701	67550	40540	73730	48390	56350	75290	104150	83050	31490	15110	66090	73940	53910	90880	59870	89741	51500	57540	92670	115760	87620	3750	85100	
80180	126130	61021	45590	89830	14380	119021	120652	47741	113880	152120	83270	115471	110400	101231	85740	20670	115922	22000	146690	96490	0	118332	150680	107360	115030	63120	109421	109822	121530	129362	105661	114292	140102	17590	62290	112480	109380	141492	135292	109552	80720	114672	114230	132490	67941	5200	23430	137112	97190	127631	
77860	32020	58451	75770	60810	105312	3060	8670	71151	34790	125750	85850	7880	27190	19130	37840	115210	7500	120912	49430	71480	118522	0	126120	56360	39800	58440	20940	10770	47730	17470	29000	23650	29950	112512	64490	52010	75590	38210	26760	19770	52710	14240	30160	50880	53221	118621	124542	19130	74590	14900	
72040	108870	122040	137090	70140	151010	126170	119740	128790	99180	7260	74370	129130	138981	119891	100990	135190	119140	167370	118630	59480	150930	124340	0	79020	96650	129940	132861	120710	93470	126800	101460	109420	128220	158690	141100	84420	49250	119020	126870	106980	147890	113030	142901	104430	114370	147210	170300	140780	56090	138260	
38690	31980	65960	82760	22020	105230	58330	48370	74460	22290	78830	46110	62370	75680	60870	43360	93290	51050	121350	41740	26070	107370	56500	79200	0	19760	73420	69560	57050	16580	50620	35990	33570	51330	112950	84580	6590	30180	42130	49980	39190	89020	44640	79600	27540	59280	103650	124980	68500	29180	68000	
56610	19050	60730	79020	39540	107591	41920	31960	73430	5690	96750	64030	45960	58270	43460	35620	103700	34640	123191	36360	43990	115110	40090	97120	19840	0	65870	52150	39640	16540	35110	18580	16970	41720	114791	76420	16300	48100	35390	36910	22590	74870	28230	62190	24890	54050	111390	126821	52990	47100	51590	
65400	73460	12040	18460	59440	49880	58290	64170	16660	63220	128810	73380	54740	49210	40500	31380	62520	58930	65210	94210	72010	63090	58050	129180	73630	65270	0	48690	49260	78870	72970	50760	59700	85510	56810	15380	78300	79280	86900	80700	54960	30020	59230	53040	87900	17800	63830	68840	76830	75260	66900	
85391	51240	51950	65830	68341	96221	19980	28220	62060	48980	133261	93381	14630	6970	16790	38160	107920	24190	111430	68980	78991	109431	21220	133631	69680	52400	48830	0	13370	62930	37020	38650	38300	50040	103030	51460	66140	83101	57760	46850	34420	38600	29500	10890	69230	48460	109530	115060	37200	82101	26280	
74600	38950	49781	67100	57550	96642	10150	17140	62481	36090	122490	82590	10790	19520	10460	31230	106540	11900	112242	57630	68220	109852	11020	122860	56790	39510	49770	13400	0	50420	25940	25760	25790	38960	103842	55820	53250	72330	46410	35770	21910	44940	17000	23440	56720	44551	109951	115872	29760	71330	22950	
53240	18460	73920	92210	36170	119380	49830	38980	86620	17710	93380	60660	53870	68720	56830	48810	107440	42550	135500	25980	40620	121520	47290	93750	16470	15630	79060	62470	49840	0	39810	31950	25920	37760	127100	89790	12010	44730	28560	36410	31840	88240	36140	72640	11780	67240	117800	139130	56010	43730	58270	
80490	25220	69081	87371	63440	115942	20420	10010	81781	30230	126870	88480	24550	43250	34240	45910	121000	16850	131542	34840	74110	129152	17630	127240	51410	35240	73550	37000	25880	40930	0	31100	21030	13540	123142	79600	46950	78220	22720	10350	20860	68770	18340	46950	40080	63851	127420	135172	19810	77220	24570	
55440	25160	46271	64250	38390	92821	30890	24020	58660	14920	101820	63430	33850	45080	27670	20860	95950	23730	108421	45910	49060	105900	29060	102190	35650	18370	51040	38960	25820	32350	31170	0	13880	41910	100021	60630	32110	53170	42180	37100	11350	59080	17310	49000	39690	39860	102370	112051	45060	52170	42540	
63950	16000	54611	72901	46900	101472	25690	16250	67311	11730	109880	71940	29730	44580	33080	29940	105030	18410	117072	36750	57120	114682	23860	110250	33300	16740	59710	38330	25700	26130	20860	13860	0	30450	108672	69020	29760	61230	29540	25640	6920	66690	12000	48500	32430	48940	111450	120702	38050	60230	35880	
87970	26350	79951	98241	70900	126812	32210	22980	92651	36190	128110	95390	36270	56220	47210	56780	131870	29820	142412	24920	75350	140022	29980	128480	51200	41200	85050	49970	38850	38400	13490	41970	30560	0	134012	92570	46740	79460	12800	6690	31730	81740	31310	58710	36860	74721	138290	146042	20260	78460	35560	
88030	122480	55140	38750	96590	10010	113140	114771	42001	112241	159970	91120	109590	103190	95350	80240	32150	110041	11460	143231	104340	17610	112451	158530	112870	113860	57030	102960	103941	127040	123481	99780	108411	134221	0	55080	117990	116430	135611	129411	103671	73510	108791	107020	136490	62060	22340	14950	131231	105040	121750	
77010	82780	24880	19250	70580	49070	63810	70160	22040	72540	140000	84560	60140	51550	46550	42520	65500	64920	63480	103530	83150	62280	64040	140370	84770	75990	15310	51320	55250	89970	78960	60080	68880	91980	55080	0	89440	90470	96080	88790	64140	20150	68220	55380	97310	30500	65310	67110	82710	86400	72300	
44290	27330	71160	87960	27220	110430	53680	43720	79660	18770	84430	51710	57720	72160	57350	48560	98490	46400	126550	37090	31670	112570	51850	84800	6610	16240	78620	66040	53530	12050	45970	32470	29770	46680	118150	89780	0	35780	37480	45330	35670	88760	39990	76080	22890	64480	108850	130180	63850	34780	63350	
31090	60510	71950	86860	21780	109330	77720	71290	78560	50820	49430	38240	80680	90531	71441	52540	95110	70690	125530	70270	16000	110180	75890	49800	30660	48290	79710	84411	72260	45110	78440	53100	61060	79860	117050	90870	36060	0	70660	78510	58620	98700	64580	94451	56070	65360	106460	129160	92330	13930	89810	
78860	19470	81021	99311	61790	127882	41000	30580	93721	30920	119000	86280	45570	63820	54430	57690	132060	34920	143482	13990	66240	141092	38200	119370	42090	35400	86120	57570	46070	29290	22790	42360	29560	12940	135082	95430	37630	70350	0	15480	34120	89340	34780	67740	26840	75791	139200	147112	31730	69350	45590	
86520	24040	75111	93401	69470	121972	29060	19830	87811	31350	126820	94100	33120	53070	44060	51940	127030	26670	137572	27520	74060	135182	26830	127190	49910	36360	80210	46820	35700	37110	10340	37130	25720	6660	129172	89420	45450	78170	15400	0	26890	78590	26630	55560	35570	69881	133450	141202	21450	77170	33140	
60700	21750	49311	67601	43650	96172	21620	14640	62011	17210	107080	68690	25660	40510	27780	26120	101210	14350	111772	42500	54320	109382	19790	107450	38780	22220	54410	34260	21630	31880	20900	11310	6930	31640	103372	63720	35240	58430	34450	26830	0	61390	7930	44430	38180	44081	107630	115402	35680	57430	33160	
89790	81140	37910	37670	77890	67490	51700	59940	40410	70900	147490	97770	47840	34090	38790	46590	83920	55640	81900	100700	90690	80700	52940	147860	89350	74350	30000	38510	44600	88330	68740	58440	67210	81760	73500	20140	88090	97960	89480	78570	62470	0	60740	37190	95670	39690	83730	85530	70410	93940	60000	
66650	26400	54521	72811	49600	101382	16050	8630	67221	23110	113380	74640	20730	35580	25060	32070	107160	7850	116982	46060	60270	114592	14220	113750	44680	28120	58310	29330	16700	36530	18280	17260	11900	31300	108582	67620	40330	64380	34840	26630	8020	60730	0	39500	42830	49291	113580	120612	29180	63380	26660	
95251	61200	57010	70040	78201	101181	28790	38090	67020	58880	143121	103241	22740	4890	26260	48020	112880	34150	115640	78850	88851	114391	30030	143491	79580	62300	53250	10990	23270	72890	46750	48550	48260	58830	107240	55670	76040	92961	67630	55640	44380	37150	39460	0	79190	55910	114490	119270	42050	91961	29910	
64440	21990	82900	101190	47370	129761	53640	42530	95600	24990	104580	71860	58460	75300	63790	57790	118640	46130	145401	15170	51820	132720	50840	104950	27670	24430	88040	69050	56420	11620	40010	39820	32500	36910	136961	97660	23210	55930	26780	35560	38420	96110	42720	79220	0	76220	129000	149031	55160	54930	61080	
50120	62140	7250	26210	44870	54781	54421	55361	20620	51900	113580	58100	53421	52110	38861	19500	63260	50631	70381	82890	57440	67991	53041	113950	59290	53120	17830	48470	44531	66720	64071	39440	48800	74811	61981	30580	64410	64710	76201	70001	44261	39810	49381	55940	75750	0	66980	74011	71821	60690	65581	
76420	122370	61110	48630	86070	18850	119110	120140	47830	110120	148360	79510	115560	110610	101320	82880	15890	116011	26680	142930	92730	5190	118421	146920	103600	111270	63630	109510	109911	117770	127290	101950	111310	138030	22310	65330	108720	105620	139290	133220	107470	83760	113430	114440	128730	66940	0	27160	137201	93430	127720	
99460	134971	67630	51240	109080	23110	125630	127261	54491	124730	171400	102550	122080	115680	107840	92730	41610	122531	4260	155721	115770	23460	124941	169960	125360	126350	69520	115450	116431	139530	135971	112271	120901	146711	14890	67570	130480	128820	148101	141901	116161	86000	121281	119510	149120	74550	27880	0	143721	116470	134240	
94330	42250	77411	94730	77280	124272	21470	21840	90111	48110	141060	102320	22970	42030	38090	56800	134170	24330	139872	43670	87950	137482	19240	141430	69140	53120	77400	37040	29730	56340	19810	44940	37970	20320	131472	82970	64680	92060	31550	21080	35700	70490	29190	42020	54800	72181	137581	143502	0	91060	16080	
17500	59130	67320	81030	18910	97340	76200	69770	72570	49440	55680	24690	79160	89011	69921	48310	81520	69170	113700	68890	3730	97260	74370	56050	29280	46910	75170	82891	70740	43730	76920	51580	59540	78480	105020	86330	34680	13250	69280	77130	57100	94160	63060	92931	54690	60820	93540	116630	90810	0	88290	
91950	43530	70400	84610	74900	114671	17200	20180	80510	46300	139840	99940	12580	29660	31320	52090	126370	21950	130271	57660	85570	127881	14970	140210	67870	51310	67280	26240	23040	59240	24580	42560	35830	36000	121871	72570	63520	89680	45540	33170	33320	60090	26810	29650	61130	65411	127980	133901	16090	88680	0	

0	                                           Wrecsam	0	0	32400	0

1	                                      Skelmersdale	807	20932	24337	1614
2	                                           Alsager	484	10657	14569	968
3	                                           Longton	535	18248	22381	1070
4	                                           Chester	625	20279	22806	1250
5	                                         Penkridge	704	5668	8106	1408
6	                                          Kearsley	166	12070	15070	332
7	                                      Westhoughton	205	19737	22762	410
8	                              Newcastle_under_Lyme	664	5577	7922	1328
9	                                           Prescot	302	6408	10511	604
10	                                         Llandudno	353	4329	6846	706
11	                                 Rhosllanerchrugog	408	18887	21986	816
12	                                        Whitefield	117	8758	13444	234
13	                                       Stalybridge	350	7045	10975	700
14	                                              Sale	654	19744	24417	1308
15	                                         Northwich	214	17668	20506	428
16	                                           Telford	712	24639	28124	1424
17	                                         Tyldesley	485	5818	8859	970
18	                                        Brownhills	282	10889	15525	564
19	                                         Southport	273	15598	18609	546
20	                                           Buckley	795	14838	17141	1590
21	                                           Codsall	340	19277	21802	680
22	                                         Farnworth	271	8312	12409	542
23	                                           Deganwy	418	13599	17909	836
24	                                         Bebington	311	4209	7708	622
25	                                            Huyton	363	15967	19169	726
26	                                          Biddulph	253	14278	16797	506
27	                                         Droylsden	553	9031	12788	1106
28	                                            Eccles	282	12250	16374	564
29	                                            Bootle	684	7382	11096	1368
30	                                         Adlington	259	9669	13498	518
31	                                      Great_Sankey	803	21535	24475	1606
32	                                           Haydock	526	8447	11182	1052
33	                                           Leyland	234	7539	10249	468
34	                                           Cannock	670	13298	15334	1340
35	                                              Leek	284	9528	12943	568
36	                                        Birkenhead	102	22351	25404	204
37	                                             Flint	497	13770	17237	994
38	                                          Tarleton	230	5664	9036	460
39	                                            Euxton	593	9579	12053	1186
40	                                 Newton-le-Willows	330	5110	8240	660
41	                                            Buxton	537	13759	18528	1074
42	                                             Leigh	370	6225	10085	740
43	                                           Mossley	270	20545	25283	540
44	                                            Formby	177	27172	29267	354
45	                                          Sandbach	533	21853	25574	1066
46	                                        Albrighton	528	11507	16451	1056
47	                                          Aldridge	353	12559	15738	706
48	                                            Darwen	814	16806	19388	1628
49	                                       Yr_Wyddgrug	326	6216	11207	652
50	                                        Ramsbottom	522	12107	16658	1044
