50

6350	3650

20	90

0	74180	13970	80740	55321	56210	93050	79160	75160	52001	96440	94160	87100	57811	86680	54320	23140	55710	34840	92810	52720	19050	24430	72130	33800	67870	90340	76840	31740	60650	79740	96521	58180	88100	25530	28900	75541	94320	90510	60540	29650	60670	81110	71130	78820	69480	76540	57880	45841	71400	51630	
74330	0	73510	12700	59640	116021	58220	42050	34690	62070	139240	101670	19590	67750	52600	47910	91870	31190	76040	65210	45580	89010	51840	124540	65780	82590	52710	40100	104060	61780	47790	88670	93540	39700	82000	68600	72830	32620	57770	59820	56140	115550	87110	55410	113520	84710	8540	33510	56630	125880	73310	
13870	73320	0	79880	45700	65390	100500	73310	71090	42380	84640	105360	88240	46340	79380	62030	20360	63160	46220	84980	60170	19580	30070	60330	20990	54020	83740	70990	36140	70000	87190	84370	44550	83490	11900	40280	64830	93460	97960	69380	37360	69850	91980	62680	65190	55850	77190	65330	36220	59600	62500	
81260	12800	80440	0	64730	126971	66490	44690	37480	68190	145360	114310	15830	72840	53270	60550	98800	43830	87090	65880	58220	95940	62050	130660	72710	87640	51840	43960	110990	74420	57560	93430	99660	38140	88930	79550	77880	21670	66820	72460	67090	126500	99750	60170	119640	89760	14970	46150	62750	132810	85950	
56030	59510	45480	65420	0	109620	99880	39180	41020	13070	85790	122190	74440	9770	41600	68230	64410	62150	79670	42950	64900	64220	46040	71780	27750	25630	46510	36460	80780	81100	87770	43690	40780	51261	44850	70831	22530	67560	98550	79140	59920	114080	106890	20650	60340	29020	63390	64770	9840	80630	85392	
56280	116250	65530	126850	109161	0	126900	132490	127250	105841	123020	82700	127291	111651	140520	77310	56540	89560	44420	147610	79570	54000	71530	98710	86400	120070	143670	130170	39120	69100	113590	151130	106240	139300	75050	50410	130150	142570	124360	69460	61010	6610	83240	124970	120720	120940	117740	91730	99681	92820	55910	
93020	58531	100500	66620	99400	125910	0	95740	87600	100920	178800	107000	55960	106910	106290	53240	114980	39520	82250	115100	50910	110890	71260	162282	100830	123280	106400	92900	118390	67110	15220	134090	132750	96561	112060	78560	114860	87870	6450	65150	67900	123970	92440	99370	153080	126340	53480	37930	95680	161082	78640	
79260	42261	73410	44630	38951	132250	95410	0	8400	47320	116180	126220	59990	44091	11500	71630	92550	62250	93900	24110	68300	89690	62020	106101	59070	55490	11610	3780	106250	84500	85130	51960	75101	15290	77120	85600	39900	33570	94960	82540	73370	132550	110920	22240	90730	57610	49211	64870	44080	114951	93610	
75200	35540	71110	38250	40720	127761	88530	7890	0	47170	120000	120720	53400	47440	18440	66130	90250	56440	88640	31050	62800	87390	57960	109450	56770	59310	18550	7070	103950	79000	78250	57600	78450	13580	74820	80340	44710	27750	88080	77040	67880	127290	105420	26520	94550	61430	42831	58960	43330	116870	88110	
50500	53860	43220	60420	23730	104090	92940	45770	43700	0	101770	113330	68780	30380	51840	59510	62360	55480	71250	57970	56180	59500	37620	87070	28480	46550	56200	43450	76060	72380	80870	65300	56070	56100	46530	62950	44140	67570	91640	70420	51500	107280	98030	36080	76050	49610	57730	58100	19160	88580	77530	
96610	139360	84880	145720	85770	123510	180320	115760	120130	87490	0	194491	154830	76550	112020	146620	83310	142550	129730	108580	143290	85500	114370	24960	87040	62190	116930	113670	86280	155810	168210	85120	47320	126300	73510	123900	81760	146511	178990	154710	122440	128770	177840	94220	26610	59070	143250	145210	84280	35150	147520	
93340	101980	105241	114530	120980	82620	108370	125210	119320	120854	193953	0	108761	126664	135610	54280	108840	71030	60930	141830	58130	106250	80651	164330	109303	141244	136580	122890	101990	40960	95060	159030	145063	131370	117421	66170	139800	132350	105830	42520	70051	78040	39660	124980	165703	143184	101010	73200	114694	158440	44460	
87090	20160	88590	15690	75770	126661	55770	59200	52530	77500	154670	107751	0	83280	66170	53991	106950	38550	83001	78780	51661	104090	64320	139970	80860	98930	64740	57940	116540	67861	47250	107120	108970	51040	97080	79311	89170	34570	56200	65901	68110	124721	93191	73250	128950	101050	11950	38250	72060	140960	79391	
58560	67390	46080	73370	9930	111440	107760	44141	48170	15600	76430	127392	82320	0	46240	74720	61440	70030	82591	46210	71390	61460	49680	62260	27250	16270	51150	42690	78020	87590	95650	40930	31260	56111	39910	73361	21390	74710	106430	85630	63281	115900	113240	25560	50980	19660	71270	72650	12370	71110	87922	
86470	52701	79190	53600	41850	140060	105850	11480	18840	52490	112740	136470	66960	46380	0	81570	98330	72310	102680	12980	78240	95480	70800	105400	64370	52050	4910	14730	112030	94440	95570	43750	74980	16060	82420	94380	34860	39640	105400	92480	82150	141600	121170	21720	87290	54170	59651	74930	49250	114770	103550	
54180	47700	62200	60250	68520	76870	54090	71970	66080	69190	146350	54170	54481	75000	82260	0	76030	16750	33210	88480	4910	71920	33670	122640	65110	91170	83150	69650	75330	14280	40780	105710	98710	78110	73760	32460	86480	79160	51550	12320	26780	74930	39200	71660	120630	94190	46730	18920	63940	121460	26490	
23140	91690	20460	98250	64200	56540	114850	91680	89460	60880	83120	109010	106610	61990	97750	76020	0	77510	51560	103880	74520	5450	45260	58810	38660	67340	102110	89360	18960	78340	101540	100020	51380	101860	22380	45870	80480	111830	112310	78230	51090	61000	98660	81690	68630	68210	95560	79680	54720	54620	68750	
56600	31200	64080	43750	62610	89490	39700	61760	55460	64340	141510	70580	38590	70120	72160	16820	78560	0	45830	78380	14490	74470	34840	123932	64410	86290	72940	59440	81970	30690	26390	96680	95810	65430	75640	42140	77490	63130	37160	28730	31480	87550	56020	62670	115790	89350	29980	2920	58900	123202	42220	
34710	75620	46600	86400	79441	43980	82790	93750	87910	76121	129540	60930	83181	81931	102930	33200	51630	45450	0	109150	35460	47620	34030	104780	63440	95710	104930	91430	48270	30270	69480	121071	90810	99960	58160	9370	99661	102120	80250	30630	22040	42040	48630	91040	111900	97620	75430	47620	69961	103400	18640	
92890	65301	85500	66200	43320	147650	115870	24080	31440	54170	108710	143540	79560	46030	13270	88120	104200	78830	109280	0	84760	101890	77320	101730	67230	48290	17150	27220	118450	101510	104500	33160	72810	28360	84330	100900	28850	51940	115280	99550	88670	148250	128240	23190	83260	50580	72251	81450	50940	111100	110620	
51720	44970	59740	57520	65240	78920	51360	69240	63350	65910	143070	57650	51751	71720	79530	4550	73680	14020	35260	85750	0	69590	31210	119730	62650	87890	80420	66920	75600	17760	38050	102980	96250	75380	71300	32730	83750	76430	48820	15800	25510	76980	43410	68930	117350	90910	44000	16190	60970	119000	29290	
19050	88870	19690	95430	63571	54000	110760	88860	86640	60251	85130	106470	103790	61870	94930	71910	5450	73420	47590	101060	70430	0	41170	60820	38480	67220	99290	86540	16840	74230	97450	99900	53390	99040	22200	41760	80360	109010	108220	74120	46980	58460	94690	79380	70640	68090	92740	75590	54091	58390	64780	
24170	51510	30190	61500	46070	71240	71210	62010	58010	43800	113950	81140	64170	49610	71190	33050	45620	33870	33980	77410	30880	41530	0	89880	32650	64920	73190	59690	53270	45470	57900	87640	68190	70110	41750	25680	66480	76020	68670	43990	14230	72630	67530	57370	88230	66830	53610	36040	38470	89150	40890	
72440	125210	60710	131570	72170	99340	162251	106381	110410	73340	24520	164980	140140	62600	105360	122470	59140	123290	105150	102270	120300	61340	90200	0	62870	54340	110270	104930	62110	131230	148680	83930	31300	118351	49340	99320	74950	136950	159711	130130	97860	104600	153050	86090	24780	51970	129090	125460	70130	11370	122730	
33350	65780	21000	72340	27560	86360	101170	58590	56780	24240	85100	109681	80700	26880	64140	64870	38620	63830	63440	68000	62490	38590	32600	62630	0	36070	68500	56270	55150	74791	87860	66420	39340	69180	19120	54210	46880	80650	98630	73401	44130	90820	96071	45700	59380	37980	69650	66000	18160	61900	70211	
67870	82650	54040	88030	25590	119970	123850	55610	59980	31770	62480	141892	98390	16380	51870	90890	67160	86100	95520	49040	87560	67180	64680	54000	36310	0	56780	53520	83740	105250	111740	35840	25080	66150	45630	86290	21720	86361	122520	102990	76210	124430	128282	34070	37030	3670	87340	88720	28540	63370	102422	
90390	52731	83530	52530	46630	143380	105980	11610	18970	56830	117620	137660	65600	51260	4910	82760	102670	73380	105030	16900	79430	99810	73150	110280	68710	56930	0	14910	116370	95630	95700	48500	79860	14270	86760	96730	39740	37850	105530	93670	84500	143870	122360	26560	92170	59050	59681	76000	53590	119650	104740	
77160	40660	71310	44370	36100	130150	93650	3020	7790	45220	113930	124120	58520	42380	13970	69530	90450	60150	91800	26220	66200	87590	59920	104390	56970	53240	14200	0	104150	82400	83370	51580	73390	17800	75020	83500	38000	33540	93200	80440	71270	130450	108820	19810	88480	55360	48361	62770	41980	113240	91510	
31290	103430	35840	109990	79721	39210	119080	105010	102790	76401	85410	102160	116290	78020	111080	75400	18570	81740	48280	117210	76900	16430	53320	61100	54630	83370	115440	102690	0	76150	105770	116050	67410	115190	38350	44810	96510	123570	116540	76510	52990	44470	95380	95530	83110	84240	105730	83910	70241	55210	65470	
60460	62170	70110	74720	81170	68720	68560	85350	79460	81840	155910	41010	68951	87650	95750	14470	78250	31220	30210	101970	18320	74140	45410	131110	74512	105330	96720	83030	76120	0	55250	119170	110272	91490	81670	34310	99940	92540	66020	2710	34810	64270	27040	85120	130912	108320	61200	33390	76900	129850	14980	
80070	47851	87550	57320	88510	112960	15580	84280	76920	90240	167910	94050	47150	96020	94830	40290	102030	26570	69300	104210	37960	97940	58310	149090	87880	112390	94940	82220	105440	54160	0	123200	121860	84990	99110	65610	103970	78660	12710	52200	54950	111020	79490	88480	142190	115450	42800	24980	84800	147830	65690	
97770	88540	85160	93260	44170	153110	135420	52550	58420	54810	85060	161370	107370	41730	44570	105950	100520	97440	121991	33460	102620	100540	88000	83650	67430	35600	48980	51890	117100	119340	123310	0	54840	60190	78990	112761	22560	83590	134090	117380	102681	158450	146070	35420	61200	35170	96140	100060	51580	93020	127322	
58240	93910	44580	100270	40870	106460	134280	75081	79110	42040	46960	145861	108840	31300	75000	98950	51480	96550	90590	73100	95910	53670	68640	30990	40270	25170	79910	73630	67900	110971	122170	55070	0	87051	34320	84650	45780	105650	132950	109581	80170	110920	132251	54790	21240	22800	97790	99170	38830	40360	106391	
87960	40111	84180	38620	51461	139371	96411	15260	14230	60240	126960	132330	51690	56601	16200	77740	103320	65960	100250	28510	74410	100460	70250	118611	69840	66270	14410	17960	117020	90610	85830	59950	87611	0	87890	91950	50680	24220	95961	88650	79490	138900	117030	34010	101510	68390	47061	68480	56400	127461	99720	
25740	81930	12080	88490	44730	75210	112370	76460	74650	41410	73210	117870	96850	40270	82010	73900	22450	75030	58090	85470	72040	22420	41940	48900	19300	45620	86370	74140	38980	81870	99060	78300	34280	87050	0	52150	58760	98520	109830	81250	49230	79670	103850	63170	53890	46490	85800	77200	35330	48170	74370	
28720	69040	40610	79640	70251	49210	79210	85510	80070	66931	123660	66880	79601	72741	94690	32580	45850	41870	9410	100910	34080	41740	25790	98900	54250	86520	96690	83190	44780	34330	65900	111881	84820	92120	52170	0	90471	95360	76670	34220	13800	47270	53830	82800	105460	88430	70530	44040	60771	98170	24350	
77130	73540	64610	78670	23420	130990	116420	40770	45870	34170	81680	142200	89410	21180	35720	86950	79970	78440	101171	29510	83620	79990	67250	74260	46880	20820	40630	38680	96550	100340	104310	22310	45340	51310	58440	91931	0	71640	115090	98380	81130	135450	126900	20050	56230	23110	78360	81060	30940	83630	106492	
94200	33560	93380	22190	67510	142671	88240	33340	27960	73960	146790	132970	35260	74230	39530	79150	111740	63610	102790	51840	75820	108880	75700	136240	81420	86100	37740	33160	123930	92020	79310	83260	105240	24800	99470	95250	70810	0	88570	90060	82790	142200	117670	52680	121340	88220	36720	66130	69050	141520	102170	
90540	57991	98020	67460	98860	123430	6540	95200	87060	100380	178260	104520	57290	106370	105750	50760	112500	37040	79770	114560	48430	108410	68780	159802	98350	122740	105860	92360	115910	64630	12410	133550	132210	96021	109580	76080	114320	88800	0	62670	65420	121490	89960	98830	152540	125800	52940	35450	95140	158602	76160	
60130	59640	69180	72190	78640	69220	66030	82820	76930	79310	154500	42500	66421	85120	93220	11940	77920	28690	30710	99440	15790	73810	43890	129700	73122	102080	94190	80500	76620	2610	52720	116640	108882	88960	80740	33980	97410	90010	63490	0	33290	64770	28530	82590	129032	105070	58670	30860	74370	128440	15480	
29490	56100	37510	66700	59900	60741	68480	73080	67480	56763	122300	70540	68150	62573	82260	26740	51090	31140	21620	88480	26990	46980	14190	97500	44090	76360	84260	70760	52950	34870	55170	101283	79630	79530	49070	13320	80303	82420	65940	33580	0	60270	56930	70730	99670	78270	57590	33310	50603	96770	30290	
60780	116100	70030	126700	113661	6640	124740	132540	127100	110341	128340	78100	125131	116151	142070	75150	61040	87400	42260	148300	77410	58500	72730	104030	90900	124570	143840	130220	44440	64580	111430	155710	110740	139150	79550	48260	134730	142420	122200	64940	60860	0	78720	128250	126040	125440	117380	89570	104181	98140	51390	
80820	87310	92100	99860	107160	83240	93700	111390	105500	107830	178380	39620	94091	113640	121790	39610	98090	56360	48860	128010	44310	94080	67780	153580	96432	128373	122760	109070	94770	27140	80390	145210	132192	117550	103660	53730	125980	118530	91160	28700	57180	78790	0	111160	152832	130313	86340	58530	101823	151410	31760	
70920	55110	62750	59830	20570	124510	100320	22360	27030	31420	94310	126000	72970	25370	21520	71100	81450	62590	91120	22870	67770	79920	57490	85350	44480	33620	26430	19840	96480	83970	88210	35090	54350	34160	61580	82820	19240	52880	98990	82010	70850	127700	110700	0	68860	35740	62410	65210	28190	94720	93080	
78880	113200	65220	119560	60430	120000	154150	90420	94790	61330	26170	166851	128130	51130	86680	120070	68660	115850	111480	83240	116290	70850	89570	24480	61200	36850	91590	88330	82770	131961	142040	61180	21160	100960	53860	105290	56420	121171	152820	130571	101100	125260	153241	68880	0	33730	117080	119040	58120	34660	127381	
69340	84760	55500	90140	29050	120900	126470	57600	61970	34210	59150	143511	100630	19840	53860	93330	68090	88720	97130	50920	90000	68110	66290	51340	37920	3640	58770	55510	84670	107690	114360	35130	22420	68140	46560	87900	23600	88351	125140	105690	77820	125360	129901	36060	33700	0	89580	91340	31000	60710	104041	
76520	8620	77050	14930	64230	117421	53430	49500	42230	65960	143130	100610	11490	71740	60050	46850	95410	30020	75860	72660	44520	92550	53750	128430	69320	87390	59860	47640	105970	60720	43000	95690	97430	46720	85540	70000	77630	36270	52980	58760	57540	116950	86050	62430	117410	89510	0	31590	60520	129420	72250	
58660	33240	66140	45790	65310	91550	37870	64460	58110	67040	144510	72640	38190	72820	74860	18880	80620	2810	47890	81080	16550	76530	36900	125992	66470	88990	75640	62140	84030	32750	24560	99420	98510	68080	77700	44200	80190	65630	35330	30790	33540	89610	58080	65370	118790	92050	31330	0	61600	125262	44280	
46440	55820	35890	62180	9830	100030	96080	43770	43440	6510	83680	115272	70750	12320	48990	63740	54820	58460	70471	50570	60410	54630	38200	68980	18360	28490	53350	41450	71190	76610	84080	51030	37980	55840	35460	61241	30050	68350	94850	74650	51161	104490	101662	28270	57960	31520	59700	61080	0	74300	75802	
71400	125830	59670	132390	79560	92950	160311	113771	116830	80390	34830	158590	140750	69990	114480	121430	54300	122250	103010	111390	119260	58030	89160	11470	61830	63460	119390	112320	55720	129940	147001	93050	40420	125741	48300	98280	84070	140700	157771	128840	96820	98210	151900	94300	34850	61090	129700	124420	74310	0	120200	
51150	72310	62430	84810	83763	56410	78700	92210	86320	80443	146870	44150	79091	86253	102610	26120	68830	41360	19600	108830	28860	64820	39790	122100	68892	100833	103580	89890	65510	14330	65390	125393	104652	98370	73990	24060	103983	100530	76160	14690	29190	51960	31130	91980	124802	102773	71340	43530	74283	120600	0	

0	                                    East_Grinstead	0	0	32400	0

1	                                     Waltham_Abbey	145	23761	27166	290
2	                                           Crawley	433	15725	19637	866
3	                                         Hoddesdon	289	21954	26087	578
4	                                        Addlestone	557	19571	22098	1114
5	                                           Bexhill	357	5263	7701	714
6	                                          Rochford	652	12288	15288	1304
7	                                       Chorleywood	427	5580	8605	854
8	                                           Watford	612	25807	28152	1224
9	                                             Esher	820	2299	6402	1640
10	                                        Portsmouth	175	8391	10908	350
11	                                        Whitstable	456	7423	10522	912
12	                                            Harlow	252	23397	28083	504
13	                                            Woking	524	11415	15345	1048
14	                                          Amersham	555	13718	18391	1110
15	                                         Gravesend	805	12323	15161	1610
16	                                      Burgess_Hill	394	3326	6811	788
17	                                            Aveley	823	7312	10353	1646
18	                                      Paddock_Wood	403	15088	19724	806
19	                                      High_Wycombe	819	14700	17711	1638
20	                                        Swanscombe	814	14304	16607	1628
21	                                    Haywards_Heath	699	5182	7707	1398
22	                                       Biggin_Hill	762	17014	21111	1524
23	                                        Chichester	612	5359	9669	1224
24	                                           Dorking	368	8442	11941	736
25	                                       Farnborough	387	17276	20478	774
26	                                           Chesham	353	21402	23921	706
27	                                     Rickmansworth	678	21202	24959	1356
28	                                             Lewes	666	5134	9258	1332
29	                                           Chatham	814	10766	14480	1628
30	                                    South_Benfleet	201	14644	18473	402
31	                                           Reading	348	23645	26585	696
32	                                         Haslemere	570	12069	14804	1140
33	                                   Hemel_Hempstead	585	7864	10574	1170
34	                                           Horsham	468	4298	6334	936
35	                                         Tonbridge	791	11089	14504	1582
36	                                         Bracknell	658	15809	18862	1316
37	                                          Codicote	735	16789	20256	1470
38	                                   Southend-on-Sea	621	9354	12726	1242
39	                                         Rochester	404	23422	25896	808
40	                                         Sevenoaks	612	19495	22625	1224
41	                                          Hastings	168	7251	12020	336
42	                                         Sheerness	581	18130	21990	1162
43	                                            Slough	234	9129	13867	468
44	                                       Petersfield	589	5589	7684	1178
45	                                         Aldershot	756	21763	25484	1512
46	                                            Epping	288	5557	10501	576
47	                                    South_Ockendon	322	20697	23876	644
48	                                            Cobham	123	13689	16271	246
49	                                      Bognor_Regis	724	15715	20706	1448
50	                                         Maidstone	653	18484	23035	1306
