50

6350	3650

20	90

0	79030	77200	74370	84590	41870	33810	48900	97980	40270	77510	33810	63170	22420	73290	23150	52410	74650	57720	61270	79370	53790	68390	85490	44730	89370	55120	74140	63930	44900	96850	60440	79590	73900	94150	79450	60190	57530	24670	92520	82010	81930	98520	75210	40600	79210	93900	12080	84920	73280	18580	
79330	0	90450	118840	111490	37610	83040	90740	28600	42070	32420	110110	25810	100880	56370	101120	34060	46270	59030	104670	105890	96740	38040	56620	42210	30360	133580	40800	31660	45850	96790	89990	91170	96340	78530	65900	24220	29510	91060	125760	31410	78930	108910	150891	101190	95110	81730	85370	96500	32120	61910	
77700	90530	0	44280	34350	76720	44780	125992	93390	72820	113441	97040	65370	76530	48020	85660	61540	58110	31420	138362	28910	30890	108261	58090	65310	82220	98370	62140	62190	95850	38190	137480	148420	18880	52600	43000	87580	67300	102080	47700	74860	33240	24020	91550	117140	5750	50470	66140	153750	66130	82760	
73990	117140	43530	0	17050	90153	44700	122100	121470	86253	134363	81920	91980	64820	79080	74720	86280	86320	58930	134470	16000	24640	127362	90610	83763	109970	75830	89890	88710	104903	79091	134070	153250	26120	90470	76950	108403	92040	96220	19800	102610	72310	64850	56410	108370	45540	89950	62430	158580	93770	85262	
84760	112170	34370	17790	0	93440	53260	134200	116500	89540	134061	95620	87010	77230	73280	87130	83100	81350	53960	146570	6130	32360	128421	84510	83060	105000	90070	84920	83740	112380	69931	145740	165380	15450	82600	70850	109220	88930	108630	15630	97640	63150	55690	71530	121860	36380	80790	73200	170710	88800	93952	
41770	37210	76190	91642	93070	0	51371	61990	56680	4750	43830	73430	24000	63320	52630	63560	16880	49470	45120	75920	87470	69491	38370	61421	13060	50960	96020	43570	28400	21410	85860	66720	75470	78440	77400	61090	19920	18260	54380	106172	44210	70460	94400	113300	66270	79950	80600	47940	80800	37200	25230	
33620	83110	44040	45810	52820	50901	0	82050	92450	47001	93061	54070	58260	33560	56610	41670	49350	61790	36820	94420	47220	21640	85420	69460	44511	81170	63800	63470	56060	64150	71450	93590	112740	40850	73030	58370	69151	55110	58000	61120	73810	58790	65360	69160	73060	46050	72780	22060	118070	65080	44300	
49340	90940	125460	122730	133950	62490	82440	0	114770	62600	72700	46060	86090	61340	112150	54010	77400	110410	99400	14210	128250	102420	63650	122520	72170	112110	70460	104930	89590	46650	140140	11750	30900	122470	136220	118830	68270	80350	30110	141720	105360	125210	147420	99340	22190	127470	136980	60710	36230	99250	48830	
96680	28890	93750	123010	115660	56600	92120	114290	0	58590	60970	129200	35540	114240	47430	118580	46190	36820	62610	128220	110060	101480	65890	41260	55670	11890	146940	32710	41390	70270	82100	115330	118570	100510	62930	55520	48830	41740	110150	129710	18820	69751	107320	160800	122040	98410	66130	97850	123900	28290	81000	
39910	41660	72650	87922	89350	4670	47651	62260	58710	0	48280	72360	25560	61460	49910	61700	15160	48170	41580	76190	83750	65771	42140	60280	9930	52990	94160	42690	27350	25180	82320	69800	79240	74720	74680	58370	24370	19820	53940	102452	46240	67390	90860	111440	65830	76230	77880	46080	84570	38420	24790	
77590	32300	113611	136252	133411	43850	93501	72300	60560	48310	0	106510	48861	99140	81051	99380	51810	73901	81910	86230	127811	113560	10290	84641	53010	59330	131170	67001	55341	35630	121961	66810	63310	118411	106321	90101	27120	50900	83960	147321	60380	104421	132071	155000	90250	118271	109521	87860	68640	58351	61040	
33760	109850	96140	81620	95020	73460	54080	45520	129430	72870	106690	0	96200	21120	103050	14150	85270	105530	83770	57890	91410	72470	97010	115780	77940	121180	24480	105430	96070	73800	122680	57060	76210	91520	119980	105320	90610	90580	26690	99410	113820	107760	117460	54020	27400	98150	119730	35160	81540	105090	50480	
61580	25690	65210	93080	85730	23760	57800	85350	35380	25370	48761	94600	0	79920	33410	83480	11090	27030	33790	99280	80130	71360	52400	38450	20570	28270	112620	19840	6770	42870	72970	88370	97120	71100	58770	42460	26630	6640	78140	100000	21520	55110	83320	124510	90030	69870	61970	62750	102450	13770	48990	
22200	100630	75590	64780	76950	63470	33530	60820	113570	61870	98990	21120	79380	0	84160	11620	69021	86640	64880	73190	72240	51920	89870	96890	63571	102290	32980	86540	77180	66380	103790	72360	91510	71910	101090	86430	81790	74781	35060	83360	94930	88870	96910	54000	46160	77600	100840	19690	96840	86200	40060	
74120	57140	48110	80800	72850	52880	56700	111610	47520	50060	80991	102970	33280	84080	0	89520	36150	11630	21140	125540	67250	60260	83340	13910	42660	36710	115840	17040	30610	73810	42430	119200	127950	58220	26720	10840	58860	39590	95630	86040	29540	24570	61050	120561	110890	52770	29920	68580	133280	26290	68210	
23100	101040	84870	74780	86950	63880	41630	53700	118860	62280	99400	14150	84050	11610	89590	0	73120	92070	70310	66070	82240	61200	90280	102320	66560	107720	33900	91970	82610	66790	109220	65240	84390	81310	106520	91860	82200	78880	27910	93360	100360	94300	106190	56330	37710	86880	106270	22420	89720	91630	40470	
51740	33760	61510	87460	82030	16730	49080	76980	45890	14970	51820	84760	11080	69911	35740	73170	0	33150	30090	90910	76430	63760	47190	45190	9630	38780	102611	27520	12990	37660	69860	83050	91800	67400	60510	44200	26040	5760	68660	95220	32030	53990	79620	115281	80550	66170	63710	51920	97130	24060	38850	
74820	46810	58960	88110	80760	48950	61930	109450	36420	47440	73481	106190	26520	87390	12130	92830	32470	0	28230	123380	75160	67570	77441	13320	40720	25610	120090	7070	24000	68560	53400	114060	122810	66130	35000	21650	52100	32970	96330	93950	18440	35540	71900	127761	111590	63620	38200	71110	128140	15730	67840	
57460	59150	31480	60500	53150	45620	36520	98410	62580	41720	82020	83360	34030	64470	20740	69910	30200	27760	0	112340	47550	39960	76921	33810	34210	51410	95660	31330	30840	64750	40930	106080	117020	38520	38220	22100	56240	35960	80550	66340	44050	26000	49590	100261	95810	36140	37970	48970	122350	35320	55010	
61350	104350	137470	134740	145960	75900	94450	14270	128180	76010	86110	58070	99500	73340	125560	66020	90810	123820	112810	0	140260	114430	77060	135930	85580	125520	82470	118340	103000	60060	153800	23210	42360	134480	149630	132240	81680	93760	42120	153730	118770	138620	159430	111350	32030	139480	150390	72720	47690	112660	61080	
79890	106900	30010	16710	5600	88170	47950	128850	111230	84270	128791	92340	81670	72960	68010	82860	77830	76080	48690	141220	0	27050	123151	79240	77790	99730	87300	79650	78470	106390	65571	140390	159842	11090	77770	65580	103950	83590	104270	18790	92370	58790	51330	70450	117590	32020	76430	68330	165172	83530	88642	
53690	96500	30640	25720	31960	69053	21680	102120	101590	65153	113263	72490	71330	51980	59830	61270	63650	67070	39680	114490	26360	0	104810	72090	62450	90220	70850	70640	68670	82890	66201	113660	133300	21400	71950	58430	87303	69410	78070	40280	82860	55690	51960	64880	93130	32650	71700	42130	138630	74130	63040	
68990	38140	108842	129031	128522	38631	85630	62360	65980	42481	10230	96590	52920	90540	83370	90470	47890	78111	77422	76290	122922	105240	0	88851	48411	63540	121330	71211	58030	27030	117532	56870	53480	113522	108140	91830	26420	47450	74040	142432	64590	101890	127302	146400	80310	113502	111340	79250	58810	62561	52440	
86180	57750	58030	91840	83450	61340	69330	121840	41160	59830	84741	115600	38270	96710	13870	102150	44860	13560	33990	135770	77850	72010	88701	0	53110	30350	128470	18760	36390	80950	41080	126450	135200	68820	21910	15390	63800	44720	107690	96640	25900	29661	69030	132311	122950	62690	25110	81210	140530	26990	80080	
44850	41980	64770	85392	82860	13130	45121	71780	55460	9770	53010	77870	20650	64220	42700	66440	9890	41020	33700	85710	77260	62410	48020	53130	0	48350	96920	36460	22480	34540	74440	79320	88600	68230	67470	51000	28250	15010	62360	96050	41600	59510	82980	109620	75350	69430	70670	45480	93930	33550	31760	
89550	31330	82250	111150	103800	51080	80670	111890	11870	53070	59530	121590	28410	102790	36700	108230	39060	26090	51110	125820	98200	89980	63490	30530	48540	0	135490	21980	31570	67870	71370	112930	116170	88890	52200	44790	46430	34610	105460	118070	7320	59021	96470	147380	117350	86910	55400	86510	121500	16790	76310	
55180	133610	98220	74550	89770	96450	64020	69860	146630	94850	130880	24690	112360	33260	116060	34180	102001	119620	96270	82230	86650	70940	121460	128910	96551	135270	0	119520	110160	97790	132490	81400	100550	86760	132480	117820	114600	107761	50680	90360	127910	120120	119540	33260	51540	100230	132230	52670	105880	119180	73040	
75020	41030	62770	91510	84160	43380	63890	104390	31950	42380	66991	106390	19810	87590	17250	93030	27410	7790	31630	118320	78560	70970	70951	19110	36100	21140	120290	0	18850	62490	58520	107990	116740	69530	40790	27180	45390	26260	96070	97350	13970	40660	77020	130150	107960	67430	43990	71310	122070	9950	65640	
62720	31530	62030	89900	82550	28710	55690	89700	41220	27690	55231	95740	6760	77810	30820	83250	13470	24440	30610	103630	76950	68380	57350	36480	22450	31540	110510	18810	0	47820	69350	93320	102070	67920	56030	39720	32300	11590	81380	95740	24180	51930	80140	122400	93270	66690	59230	61530	107400	15450	51570	
45020	45630	95960	106711	112720	21360	64350	46310	70310	25200	35320	73750	43030	66570	73210	66810	37730	68940	64890	60240	106430	82920	26200	80891	34420	67580	98030	62480	47870	0	105630	46640	55390	97170	97980	81670	22960	37290	51200	121241	60830	90700	114190	119820	57570	98910	101180	55280	60720	54720	28470	
97080	97110	38250	79391	69461	87100	71710	139970	81270	83280	121571	122980	73250	104090	42130	109530	70520	52530	41700	153900	64021	66001	118031	40270	75770	70460	132640	57940	69980	106310	0	147640	158580	53991	19050	33120	96560	76280	120290	82811	66170	20160	40020	126661	135680	42530	17150	88590	163910	67190	95140	
60500	90060	136630	134410	145110	66770	93600	11950	115140	69870	66970	57220	88280	72490	118460	65170	82980	114190	106130	23350	139410	113580	57920	126141	79440	112700	81620	107730	93120	46760	146870	0	19150	133790	142950	125560	68040	82540	41270	153500	106080	131940	155990	110500	33320	138640	143710	71870	24480	99970	58240	
79380	90930	147320	153390	162781	74820	112480	30830	117840	78660	62790	76100	96330	91370	126510	84050	91030	122240	115660	42230	157181	132080	53960	134191	87880	115400	100500	115780	101170	54810	156940	18880	0	148730	151280	134970	72950	90590	60150	170401	114130	141470	165530	129380	52200	150240	153240	90750	7080	108020	70950	
73760	96820	18920	26490	15470	78900	40870	122640	100900	75000	118641	91670	71660	71920	58010	81340	67830	66080	38690	135010	10440	21390	113001	69240	68520	89620	86630	69650	68470	96780	54481	134180	150260	0	67150	55580	93870	73590	98140	29230	82260	47700	40240	76870	113200	20930	65340	62200	155590	73530	81400	
94970	79290	52910	91940	82780	76890	74030	135460	62540	74060	106221	120870	58510	101980	25910	107420	60160	34610	38590	149390	76960	72710	107350	21540	66670	51730	133170	40290	55840	97820	19490	143130	151960	67310	0	18560	84090	64760	118180	95750	47440	19560	56700	133011	133570	57750	3520	86480	157290	48530	92060	
79440	66620	43060	78350	69960	61140	58500	118110	55640	58310	90471	105340	42760	86450	10160	91890	44410	20900	22640	132040	64360	58550	91600	15420	50570	44830	117640	26710	40090	82070	33681	125780	136210	55330	18600	0	68340	49010	102020	83150	38660	15821	54510	118851	117280	47720	21800	70950	141540	35950	74710	
59630	23970	87690	109942	108730	20020	69671	67980	48650	24480	27140	90220	26680	81180	58880	81420	26170	52500	56270	81910	103130	87791	26310	63840	28880	46210	113880	45310	32500	23090	96040	68240	73640	93580	84240	67930	0	25190	71170	122830	43390	80170	106150	134190	78220	92350	87440	66240	78970	37550	42020	
57160	28990	67190	93140	87710	18140	54760	79730	41440	19750	50280	90180	6630	75591	39710	78850	5670	33330	35770	93660	82110	69440	46780	44810	15050	34330	108291	26200	11630	37250	75540	82750	91500	73080	65070	48760	24570	0	72520	101980	27580	59670	85300	120961	84410	71850	68270	57600	96830	19830	43370	
24630	90780	101390	96190	108320	54390	58000	29750	110360	53910	84100	26650	78390	35180	95160	27860	68710	96520	81050	42120	103560	77980	74420	107360	62510	105350	50930	95970	80900	51210	120280	41290	60440	98090	117580	101480	71540	72650	0	114730	98600	105360	122710	79930	23740	103400	117330	36270	65770	91590	31620	
92530	125590	48700	20630	16110	106563	61560	142450	129920	102663	147481	100050	100430	82950	86700	92850	96520	94770	67380	154820	19330	41080	141841	97930	96480	118420	90700	98340	97160	121313	84261	153990	173362	29780	96460	84270	122640	102350	114350	0	111060	77480	70020	69800	126730	50710	95120	80970	178692	102220	101672	
82420	32220	74930	103550	96200	44390	73350	105400	18840	46380	59960	114270	21720	95480	29450	100910	32370	18840	43790	119330	90600	82660	63920	25880	41850	7360	128170	14730	24250	61300	66960	106800	115080	81570	47790	38470	43280	27920	98770	110470	0	52701	89220	140060	110660	79590	50990	79190	120410	9470	69620	
82000	79270	33510	73310	63380	70840	59230	124540	69890	67750	103121	107900	55410	89010	24290	94450	54180	34690	26430	138470	57940	55720	101370	29710	59640	59080	120200	40100	52140	90880	19590	132210	143150	47910	19640	15280	80220	59940	105210	76730	52600	0	41590	116021	120600	38370	18720	73510	148480	49350	80060	
98690	108680	24110	65270	55340	94290	65770	147580	107490	90390	131591	118030	82850	97520	61200	106650	79020	71290	48900	160020	49900	51880	126401	69370	82880	96370	119360	76590	79660	113620	40660	155250	166190	39870	57030	54700	105730	84780	123070	68690	89200	42221	0	112540	138130	20720	55130	87130	171520	83610	101730	
75050	149600	91730	55910	71820	113350	69160	98710	160560	111651	154780	54020	124970	54000	120390	56460	114611	127250	100240	111080	70770	65180	145660	132650	109161	147930	33240	130170	122770	119670	127291	110250	129400	77310	132510	118990	134060	120371	79930	69480	140520	116250	113050	0	80590	93740	132260	65530	134730	131790	92910	
40590	101850	116730	108330	121620	66570	73340	21470	122540	66090	90480	27800	90570	46160	110360	37330	80890	111720	96250	31900	116910	93320	80930	122560	75660	117530	52040	108420	93080	57720	135640	32940	52090	113430	132940	116680	79180	84830	23960	127170	110780	120720	138050	81080	0	118740	132690	51840	57420	103770	44610	
79160	95120	5940	45740	35810	80010	46240	127452	97980	76110	118031	98500	69960	77990	52740	87120	66130	62830	36010	139822	30370	32350	112851	62810	69330	86810	99830	66730	66770	98750	42520	138992	151370	20340	57850	47720	92170	71890	103540	49160	79450	38490	20740	93010	118600	0	55720	67600	156700	70720	84220	
94490	82730	50720	90840	80910	80330	73550	136220	65980	77500	109661	120390	61950	101500	29350	106940	63600	38050	38110	150150	75470	72230	110790	24980	70110	55170	132690	43730	59280	101260	17120	143890	154830	65440	3760	22000	87530	68200	117700	94260	50880	18870	54330	132531	133090	55380	0	86000	160160	51970	92550	
11900	85100	65330	62500	72720	47940	21940	60330	97490	46340	87660	35250	62680	19580	68610	22390	51750	71090	49330	72700	67500	41920	78660	81340	45700	86740	52280	70990	61630	55170	88240	71870	91020	62030	85540	70880	66490	57510	36280	80650	79380	73320	86650	65390	51340	67340	85290	0	96350	70650	28160	
85040	96590	152980	159050	168441	80480	118140	36490	123500	84320	68450	81760	101990	97030	132170	89710	96690	127900	121320	47890	162841	137740	59620	139851	93540	121060	106160	121440	106830	60470	162600	24540	6410	154390	157480	140630	78610	96250	65810	176061	119790	147130	171190	135040	57860	155900	158900	96410	0	113680	76610	
73580	33120	66090	94710	87360	36960	64510	98550	28400	38570	58401	105430	13400	86630	26480	92070	24290	16380	34950	112480	81760	73820	62361	27120	33470	16920	119330	10910	15430	54910	67750	100410	109160	72730	48800	36010	37460	19840	91340	101630	9560	49890	83650	131220	103230	70750	52000	70350	114490	0	62190	
18380	61770	81730	86381	93291	25380	44220	48600	81350	24900	61000	50450	49380	39930	67910	40170	39050	68230	54800	61360	87691	62790	51880	79750	31900	76340	72630	65830	51240	28390	94930	58160	72440	81040	91620	74230	42530	43640	31610	100911	69590	80010	102460	92720	44320	83740	91980	28170	77770	62310	0	

0	                                           Horsham	0	0	32400	0

1	                                  Henley_on_Thames	572	20903	24308	1144
2	                                    South_Ockendon	820	7547	11459	1640
3	                                         Maidstone	198	23534	27667	396
4	                                        Gillingham	506	11447	13974	1012
5	                                          Knaphill	560	6595	9033	1120
6	                                             Oxted	649	4800	7800	1298
7	                                        Chichester	375	13241	16266	750
8	                                Princes_Risborough	240	14180	16525	480
9	                                            Woking	293	6557	10660	586
10	                                            Tadley	332	23707	26224	664
11	                                              Hove	720	25216	28315	1440
12	                                            Slough	669	3607	8293	1338
13	                                    Haywards_Heath	411	5979	9909	822
14	                                       Borehamwood	306	22599	27272	612
15	                                    Hurstpierpoint	454	22027	24865	908
16	                                           Staines	301	11952	15437	602
17	                                           Watford	599	14534	17575	1198
18	                                            London	763	2553	7189	1526
19	                                            Selsey	418	14782	17793	836
20	                                            Strood	192	8849	11152	384
21	                                           Kemsing	199	26868	29393	398
22	                                       Basingstoke	264	17504	21601	528
23	                                      Saint_Albans	187	10291	14601	374
24	                                        Addlestone	101	6356	9855	202
25	                                   Great_Missenden	790	22998	26200	1580
26	                                           Seaford	218	11777	14296	436
27	                                     Rickmansworth	499	11595	15352	998
28	                                              Iver	659	6312	10436	1318
29	                                           Farnham	394	24868	28582	788
30	                                            Harlow	732	21161	24990	1464
31	                                          Emsworth	224	20702	23642	448
32	                                           Fareham	186	22173	24908	372
33	                                         Gravesend	494	24296	27006	988
34	                                          Hertford	632	3813	5849	1264
35	                                       Potters_Bar	696	3984	7399	1392
36	                                        Crowthorne	726	19641	22694	1452
37	                                       Old_Windsor	232	13939	17406	464
38	                                       Storrington	220	6216	9588	440
39	                                     Sittingbourne	522	13117	15591	1044
40	                                          Amersham	715	21677	24807	1430
41	                                     Waltham_Abbey	187	11722	16491	374
42	                                          Wickford	403	4085	7945	806
43	                                           Bexhill	164	20245	24983	328
44	                                     Littlehampton	819	13324	15419	1638
45	                                             Grays	499	7668	11389	998
46	                                              Ware	595	9763	14707	1190
47	                                           Crawley	271	8410	11589	542
48	                                 Lee-on-the-Solent	140	5232	7814	280
49	                              Chalfont_Saint_Peter	137	16195	21186	274
50	                                         Cranleigh	579	19988	24539	1158
