50

6350	3650

20	90

0	99950	11220	82890	14240	44160	97110	85500	47660	89781	84530	26140	23890	23140	97700	93330	43570	33060	90171	41120	92650	21770	42810	28240	65260	83180	40370	90580	49860	28820	35820	36480	43690	7260	17710	39380	39200	37870	29910	79740	43960	91401	69200	33390	86361	50152	51890	39050	29790	25910	93300	
100200	0	94530	28810	86250	79940	39530	29330	62320	36020	53420	74470	105031	114381	51140	21070	135911	112951	47570	78380	45550	96891	65900	72550	160831	48680	136591	33700	145261	95950	99620	113661	135010	98160	87210	81440	65780	87910	81400	176100	83670	48950	34700	75650	43760	101170	147741	86480	78190	81740	69440	
11180	94811	0	77751	8790	41650	91971	80361	42650	84642	79520	21130	15260	21030	92690	88191	45440	24280	85032	36110	87640	12110	37800	23230	69870	78041	45580	85441	54700	29030	25570	27700	53440	11460	7700	29130	34190	27620	24900	84580	39780	86391	64061	23860	81222	58791	56730	36630	24780	20900	90790	
83490	28770	77820	0	69540	66190	16820	5210	45610	10140	42020	57760	86261	95611	65560	14290	117141	94181	22640	63080	49060	80181	50600	55840	142061	34930	117821	10290	126491	80200	82910	94891	120150	81450	70500	64730	49070	71200	64690	157931	69920	58410	20950	58940	21190	87420	128971	72730	61480	65030	71740	
14500	86150	9150	69090	0	32860	83310	71700	33860	75981	70730	12340	23640	29410	83900	79530	53820	32660	76371	27320	78850	18600	29010	14440	78060	69380	53170	76780	62660	20240	28410	35930	51830	12590	5780	25700	25400	27360	16110	92540	30990	77601	55400	19590	72561	50001	64690	27840	15990	12110	82000	
44480	79800	41720	65710	33090	0	79930	68320	24800	73100	49672	30700	56180	61950	57430	73180	63420	65200	74851	9360	58092	51090	17620	31310	84510	56331	59620	73400	69110	16330	60900	68420	54360	37270	38270	50360	25720	55320	18500	96960	4050	51600	46960	43650	71041	28490	71140	6860	19440	22350	49460	
97220	39640	91550	16680	83270	79920	0	11620	59340	8270	55750	71490	99991	109341	79290	20780	130871	107911	22770	76810	62790	93911	64330	69570	155791	48660	131551	7200	140221	93930	96640	108621	133880	95180	84230	78460	62800	84930	78420	171661	83650	72140	34680	72670	23840	101150	142701	86460	75210	78760	85470	
85730	29330	80060	5190	71780	68430	11740	0	47850	7910	44260	60000	88501	97851	67800	12110	119381	96421	22700	65320	51300	82421	52840	58080	144301	37170	120061	5210	128731	82440	85150	97131	122390	83690	72740	66970	51310	73440	66930	160171	72160	60650	23190	61180	22500	89660	131211	74970	63720	67270	73980	
48950	63220	43280	46160	35000	24220	60380	48770	0	53051	43130	23220	55251	63650	58431	56600	84650	63171	53441	19450	51250	48650	6970	21300	105740	45230	80850	53850	90340	37520	51900	63881	75590	43690	35960	33760	11740	40230	23850	118190	27510	51681	31250	27970	49631	51770	92370	30760	20990	24670	57460	
89801	36330	84131	10010	75851	73220	8380	8270	51921	0	49050	64071	92572	101922	72590	20150	123452	100492	15840	69391	56090	86492	56911	62151	148372	41960	124132	6780	132802	86511	89221	101202	125051	87761	76811	71041	55381	77511	71001	164242	76950	65440	27980	65251	16070	94450	135282	79760	67791	71341	78770	
84620	53770	79300	41700	70670	48680	55920	44310	43240	49090	0	63380	91881	99530	24850	49170	112020	99801	56940	54490	9050	85801	42010	61460	133210	11480	108220	49390	117710	64690	88530	100511	102960	78830	75850	70350	53220	76820	58990	142560	52410	17700	22120	64560	53130	68000	119740	55220	56130	59810	33800	
26400	74620	20890	57560	12450	30810	71780	60170	22330	64451	63390	0	33960	41260	78560	68000	64840	42880	64841	23680	71510	26260	23670	2910	89270	57850	64670	65250	74160	26120	35260	43590	59410	24360	13570	20470	14130	25430	13070	102010	28220	72261	43870	13760	61031	54990	76190	25800	11870	10750	76980	
23880	103141	15190	86081	23320	55850	100301	88691	54301	92972	91911	34210	0	9660	106890	96521	31460	9600	93362	50310	100031	9060	52000	36220	55890	86371	32140	93771	40810	43230	19600	13430	42070	25610	21170	37670	46860	33420	39100	71140	53980	100591	72391	33580	89552	70242	43290	50830	38980	35100	104990	
23140	112441	20960	95381	29090	61620	109601	97991	62620	102272	99490	41100	9680	0	112660	105821	24820	14020	102662	56080	107610	17920	57770	43200	49250	95671	24960	103071	34080	48900	28900	18960	32820	28840	28000	46940	54160	42720	44870	63960	59750	106361	81691	41670	98852	69200	36110	56600	44750	40870	110760	
98240	51380	92920	65480	84290	57970	79700	68090	58480	72870	25090	78810	107380	113150	0	71030	121310	116113	80720	65960	19590	102113	55630	77772	142500	33370	117510	73170	127000	73980	104842	116823	112250	92450	89470	86662	68460	93132	72610	149000	61700	8890	45900	80872	76910	74390	129030	64510	69750	73430	19960	
93600	21210	87930	14370	79650	73340	20640	12130	55720	19680	49170	67870	98431	107781	70910	0	129311	106351	34470	71780	56210	90291	59300	65950	154231	42080	129991	16360	138661	89350	93020	107061	128410	91560	80610	74840	59180	81310	74800	169500	77070	65560	28100	69050	33180	94570	141141	79880	71590	75140	78890	
43560	134521	45380	117461	53510	62900	131681	120071	85190	124352	112402	65520	31960	24820	120160	127901	0	25830	124742	71940	120822	40440	78160	67600	25120	117751	8750	125151	10130	47560	47110	30580	21210	49260	52420	67870	74550	62480	63800	42230	62700	114330	103771	64530	120932	59940	14280	57790	65120	61240	112040	
32810	111331	23980	94271	32110	64640	108491	96881	62491	101162	100101	43000	9370	13840	116224	104711	25330	0	101552	59100	108221	17100	60790	45010	49760	94561	26010	101961	34680	52020	22750	5680	36380	34400	29960	43550	55050	38160	47890	65010	62770	109381	80581	40210	97742	72850	37160	59620	47770	43890	113780	
90241	47640	84571	22190	76291	74601	22990	22510	52361	15400	55810	64511	93012	102362	79350	34260	123892	100932	0	69831	62850	86932	57351	62591	148812	48720	124572	21870	133242	86951	89661	101642	120941	88201	77251	71481	55821	77951	71441	164682	77891	72200	34740	65691	8840	101210	135722	81021	68231	71781	85530	
41430	78130	36110	62790	27480	9350	77010	65400	20030	69681	54720	23700	50570	56340	65560	71510	72450	59590	70071	0	62840	45480	12560	24310	93540	56950	68650	70480	78140	25360	55290	62810	63390	35430	32660	43360	17150	48320	14910	105990	13080	59730	45290	36650	66261	37520	80170	15890	12220	15730	57590	
92980	45910	87660	48500	79030	57040	62720	51110	51300	55890	8990	71440	99941	107890	19720	55970	120380	107861	63740	62850	0	93861	50370	69520	141570	14180	116580	56190	126070	73050	96590	108571	111320	87190	84180	78410	61280	84880	67350	150920	60770	13480	28920	72620	59930	76360	128100	63580	64490	68170	34550	
21670	96941	12050	79881	18250	51110	94101	82491	47960	86772	85711	26530	9140	17830	101834	90321	40020	17140	87162	45570	93831	0	47260	28540	64450	80171	40700	87571	49370	38490	15490	17850	50240	22470	13490	31260	39760	28090	34360	79700	49240	95084	66191	25990	83352	68251	51850	46090	34240	30360	100250	
43160	65690	37840	50350	29210	17640	64570	52960	7590	57241	42280	23730	52300	58070	55450	59070	78330	61320	57631	12600	50400	47210	0	24340	99420	44510	74530	58040	84020	31200	57020	64540	69270	37370	34390	39840	16260	46310	17530	111870	20660	49151	32850	34050	53821	45190	86050	24030	14670	18350	53870	
28670	72670	23150	55610	14720	31360	69830	58220	20380	62501	61440	2890	36220	43520	77563	66050	67100	45140	62891	24230	69560	28520	24220	0	90900	55900	66010	63300	75500	27460	37050	45850	60750	26630	15830	22260	12180	27220	13920	103350	28770	70813	41920	15550	59081	55540	77530	26350	12420	12090	77530	
65470	159251	69630	142191	77760	84070	156411	144801	106360	149082	133622	89690	56210	49070	141380	152631	25080	50080	149472	93110	142042	64690	99330	90920	0	140281	27040	149881	15600	68730	71360	54830	39500	71170	76670	92120	95720	86730	84970	24080	83870	135550	128501	88780	145662	78230	16980	78960	86290	82410	133260	
83630	48520	77960	34430	69680	56270	48650	37040	45220	41820	11450	57900	86401	95751	33390	41900	117281	94321	49670	57110	14250	80321	44630	55980	140800	0	115810	42120	125300	72280	83050	95031	110550	81450	70640	64870	49210	71340	61610	150800	60000	27190	14850	59080	45860	76240	127330	62810	58750	62430	44220	
40390	134391	45290	117331	53040	58990	131551	119941	81280	124222	108492	64610	31830	24730	116250	127771	8830	25700	124612	68030	116912	40310	74250	65840	27410	115151	0	125021	12010	43650	46980	30450	13580	46090	52330	67740	70640	62350	59890	41830	58790	110420	103641	64400	120802	52310	14040	53880	61210	57330	108130	
90760	33760	85090	10220	76810	73460	7240	5240	52880	6710	49290	65030	93531	102881	72830	16510	124411	101451	21480	70350	56330	87451	57870	63110	149331	42200	125091	0	133761	87470	90180	102161	127420	88720	77770	72000	56340	78470	71960	165201	77190	65680	28220	66210	21930	94690	136241	80000	68750	72300	79010	
50180	143781	54640	126721	62770	68780	140941	129331	91070	133612	118332	74400	41220	34080	126090	137161	10090	35090	134002	77820	126752	49700	84040	75630	15650	124991	11750	134411	0	53440	56370	39840	24210	55880	61680	77130	80430	71740	69680	33870	68580	120260	113031	73790	130192	62940	5920	63670	71000	67120	117970	
28960	95810	29020	80200	20390	16330	94420	82810	38270	87091	65682	26340	43480	48800	73440	89190	47900	52500	87481	25370	74102	38390	31240	27570	68990	72341	44100	87890	53590	0	48200	55720	38840	21750	25570	44440	31780	46850	16620	81440	16130	67610	62970	38330	83671	30371	55620	11220	19320	16940	65470	
35740	99830	25650	82770	28160	61020	96990	85380	50990	89661	88600	34970	19490	28840	104723	93210	46750	22740	90051	55480	96720	15500	57170	36960	71180	83060	47430	90460	56100	48400	0	23450	57800	36220	23400	25180	42940	17380	44270	86430	59150	97973	69080	24990	86241	78161	58580	56000	44150	40270	108002	
36400	112201	27570	95141	35680	68230	109361	97751	63361	102032	100971	43960	13010	18970	117094	105581	30090	5690	102422	62690	109091	17970	64380	45970	54520	95431	30770	102831	39440	55610	23620	0	41140	37990	30920	44420	55920	39030	51480	69770	66360	110344	81451	41080	98612	77610	41920	63210	51360	47480	117370	
43720	134771	53580	120210	52150	54210	134430	122820	76500	124521	103712	59830	42300	33020	111470	128151	21120	36620	121471	63250	112132	50540	69470	61060	39390	110371	13490	127900	23990	38870	57900	41370	0	44850	57330	76550	65860	73270	55110	48500	54010	105640	100850	70440	117661	41310	26010	49100	56430	52550	97290	
7250	98010	11450	80950	12300	36980	95170	83560	44460	87841	79150	24200	25670	28830	92320	91390	49260	34690	88231	35440	87270	22520	37430	26300	70950	81240	46060	88640	55550	21640	36130	38110	44490	0	17330	37560	33820	38180	24230	85430	36780	86021	67260	31450	84421	47401	57580	31870	24110	20230	86120	
17760	87531	7730	70471	5530	38390	84691	73081	35360	77362	76260	13930	21290	28100	89430	80911	52170	30210	77752	32850	84380	13590	34540	15940	76600	70761	52650	78161	61520	25770	23400	30920	57360	17510	0	22960	27160	23120	21640	91650	36520	83131	56781	17690	73942	55531	63800	33370	21520	17640	87530	
39430	81570	29340	64510	25500	50430	78730	67120	32840	71401	70340	20430	37460	46790	86463	74950	67200	43350	71791	43300	78460	31150	39650	22420	91630	64800	67880	72200	76550	44310	25220	44060	76170	37570	22910	0	27440	9770	32690	106880	47840	79713	50820	6950	67981	74071	79030	45420	31490	30370	89742	
39540	65920	34220	48860	25590	25810	63080	51470	10970	55751	53320	14250	46870	54450	68621	59300	74710	54790	56141	17330	61440	39680	16400	12330	95800	49160	70910	56550	80400	31660	43190	55500	65650	33750	26990	27460	0	33360	16150	108250	24500	61871	35180	21140	52331	51880	82430	25660	12940	16490	68270	
37550	87880	27460	70820	26880	54940	85040	73430	39150	77711	76650	24940	33000	42350	92773	81260	61630	37780	78101	47810	84770	27750	45960	26930	86060	71110	62310	78510	70980	46690	16960	38490	72680	37860	22860	9610	32910	0	37200	101310	52350	86023	57130	13080	74291	76451	73460	49930	36000	34880	96052	
30150	81570	24830	64510	16200	18480	78730	67120	24600	71401	59290	13060	39290	45060	72460	74950	64120	48310	71791	14900	67410	34200	17570	13930	85210	61520	60320	72200	69810	16620	44010	51530	55060	24150	21380	32720	16180	37680	0	97660	16220	66161	49860	26010	67981	42650	71840	13460	3760	4450	67620	
80130	174261	84680	157201	92780	97040	171421	159811	119330	164092	143640	102660	71220	64120	148980	167641	42640	65090	164482	106080	152060	79700	112300	103890	24200	151591	41700	164891	34090	81700	86370	69840	48830	85830	91720	107130	108690	101740	97940	0	96840	144790	142831	103790	160672	74310	29000	91930	99260	95380	131560	
44340	83570	39670	69480	31040	4090	83700	72090	28040	76870	53442	28250	54130	59900	61200	76950	63280	63150	78081	13130	61862	49040	20570	28860	84370	60101	59480	77170	68970	16190	58850	66370	54220	37130	36220	47910	24410	52870	16340	96820	0	55370	50730	41200	74271	29200	71000	6110	16990	19960	53230	
91670	49170	86350	58080	77720	51560	72300	60690	51450	65470	17690	72240	100810	106580	8910	65550	114900	109083	73320	59550	13350	95083	49060	70742	136090	27180	111100	65770	120590	67570	97812	109793	105840	85880	82900	79632	61430	86102	66040	144410	55290	0	38500	73842	69510	69850	122620	58100	63180	66860	22190	
69620	34510	63950	20420	55670	46940	34640	23030	31220	27810	21960	43890	72391	81741	45500	27890	103271	80311	35660	45420	28950	66311	32940	41970	128191	14820	103951	28110	112621	62950	69040	81021	100400	67580	56630	50860	35200	57330	49920	142730	50670	38350	0	45070	31850	68170	115101	53480	47060	50740	52490	
33810	76080	24110	59020	19830	43950	73240	61630	27350	65911	64850	13950	33620	41560	80973	69460	64050	40200	66301	36820	72970	25920	34160	15940	88480	59310	64730	66710	73400	38640	25030	40910	70500	31900	17680	7040	21300	13280	26210	103730	41360	74223	45330	0	62491	68130	75880	38940	25010	23890	84252	
85971	43370	80301	21140	72021	70331	24200	22540	48091	16120	51540	60241	88742	98092	75080	32970	119622	96662	8930	65561	58580	82662	53081	58321	144542	44450	120302	21900	128972	82681	85391	97372	116671	83931	72981	67211	51551	73681	67171	160412	73621	67930	30470	61421	0	96940	131452	76751	63961	67511	81260	
50182	101041	58881	86951	50251	28480	101171	89561	52340	94341	68740	54800	70282	68960	74080	94421	59980	72740	101201	37520	77160	68251	45160	55410	78250	76641	52350	94641	62850	30391	78061	77490	41410	47601	55431	74301	51770	76711	42600	74160	29150	69890	68201	67750	97391	0	64870	30960	43540	46450	56350	
52230	145881	56780	128821	64880	70830	143041	131431	93120	135712	120332	76450	43320	36220	128090	139261	14700	37190	136102	79870	128752	51800	86090	77680	16910	126991	13800	136511	5920	55490	58470	41940	25960	57930	63820	79230	82480	73840	71730	28480	70630	122260	115131	75890	132292	64690	0	65720	73050	69170	119040	
39160	86380	36710	72290	28080	6900	86510	74900	31380	79680	56252	25770	51170	56940	64010	79760	58100	60190	81431	15940	64672	46080	24000	26380	79190	62911	54300	79980	63790	11010	55890	63410	49040	31950	33260	45430	25760	50390	13490	91640	6030	58180	53540	38720	77621	31060	65820	0	14960	17340	56040	
30030	78450	24710	61390	16080	19500	75610	64000	21680	68281	56370	11820	39170	44940	69540	71830	65180	48190	68671	12150	64490	34080	14650	12430	86270	58600	61380	69080	70870	19330	43890	51410	56120	24030	21260	31480	13060	36440	3760	98720	16910	63241	46940	24770	64861	43680	72900	14940	0	4330	67860	
26160	81790	20840	64730	12210	22350	78950	67340	25370	71621	60060	10950	35300	41070	73230	75170	61310	44320	72011	15670	68180	30210	18340	12180	82400	62290	57510	72420	67000	16950	40020	47540	52250	20160	17390	30610	16400	35570	4460	94850	19890	66931	50630	23900	68201	46520	69030	17330	4340	0	71380	
94000	69340	91240	71260	82610	49840	85480	73870	58290	78650	33530	77380	105700	111470	19620	78730	112940	114720	86500	57830	35100	100610	54200	77990	134130	43950	108170	78950	118630	65850	108610	117940	97230	86790	87790	90442	68510	96912	68020	131610	53570	22560	52510	84652	82690	56260	118920	56380	67960	71470	0	

0	                                           Rhondda	0	0	32400	0

1	                                           Dursley	698	18133	21538	1396
2	                                        Tonyrefail	620	11857	15769	1240
3	                                     Stoke_Gifford	679	15405	19538	1358
4	                                        Pontypridd	401	27234	29761	802
5	                                          Brynmawr	728	17051	19489	1456
6	                                          Keynsham	279	10082	13082	558
7	                                      Mangotsfield	617	5509	8534	1234
8	                                           Cwmbran	295	14541	16886	590
9	                                           Bristol	805	19172	23275	1610
10	                                          Coleford	593	24626	27143	1186
11	                                        Caerphilly	592	10889	13988	1184
12	                                        Aberkenfig	108	21253	25939	216
13	                                           Maesteg	167	3114	7044	334
14	                                            Yatton	223	5278	9951	446
15	                                  Chipping_Sodbury	675	8086	10924	1350
16	                                           Swansea	519	20783	24268	1038
17	                                              Pyle	528	17722	20763	1056
18	                                           Nailsea	216	7033	11669	432
19	                                       Abertillery	310	7058	10069	620
20	                                        Cinderford	797	11436	13739	1594
21	                                           Pencoed	692	17379	19904	1384
22	                                        Pont-y-pwl	740	9914	14011	1480
23	                                            Bedwas	485	2047	6357	970
24	                                        Burry_Port	605	17923	21422	1210
25	                                            Lydney	711	15892	19094	1422
26	                                           Clydach	713	8351	10870	1426
27	                                         Kingswood	383	8528	12285	766
28	                                         Gorseinon	701	8069	12193	1402
29	                                    Merthyr_Tydfil	280	23524	27238	560
30	                                    Llantwit_Major	452	15291	19120	904
31	                                         Porthcawl	754	16562	19502	1508
32	                                        Ystalyfera	747	26113	28848	1494
33	                                          Ferndale	529	25855	28565	1058
34	                                            Beddau	487	8347	10383	974
35	                                           Penarth	806	19500	22915	1612
36	                                             Risca	462	20305	23358	924
37	                                             Barry	672	7301	10768	1344
38	                                           Bargoed	606	3015	6387	1212
39	                                        Carmarthen	769	11627	14101	1538
40	                                         Ebbw_Vale	518	6495	9625	1036
41	                                       Ross_on_Wye	348	20811	25580	696
42	                                          Chepstow	751	13100	16960	1502
43	                                           Cardiff	696	4739	9477	1392
44	                                        Portishead	252	19009	21104	504
45	                                            Brecon	385	23815	27536	770
46	                                      Pontardulais	518	17003	21947	1036
47	                                          Tredegar	342	11016	14195	684
48	                                         Blackwood	397	26216	28798	794
49	                                         Gelligaer	379	22636	27627	758
50	                                          Hereford	189	21256	25807	378
