50

6350	3650

20	90

0	72271	94760	40130	37130	74760	31280	32220	32360	44560	25290	30610	71881	43090	97450	27040	81720	20220	39860	99643	34070	96610	55950	27920	95880	47630	45430	51300	99651	90222	7430	67600	70820	27990	32480	31280	58650	37360	95140	73060	21900	82050	96420	45210	79210	64390	21730	63710	43050	75430	75540	
71961	0	46900	57351	90241	120941	90222	44581	60861	81921	76291	72731	15400	69831	44950	84571	136791	64511	100932	92050	93012	66372	70620	55821	61942	77891	41030	34740	33060	85530	65691	22510	55810	86932	71441	68231	118692	88201	49960	133242	77251	47640	62010	81021	22990	124572	89661	123892	88031	34260	135722	
94840	46780	0	80230	113120	150240	113101	67460	83740	104800	99170	95610	32280	92710	9570	107450	166841	87390	125871	86840	117951	59170	86460	78700	45460	99550	56870	50580	44350	101370	88570	28890	71650	109811	94320	91110	143631	111080	9200	158181	100130	39940	41530	102360	25300	149511	112540	148831	110910	23090	160661	
40320	57631	80120	0	43160	69270	50900	13150	11320	25620	29210	21060	57241	12600	82810	37840	85120	23730	61320	68150	52300	71641	19200	16260	79520	20660	30780	32850	85011	53870	34050	52960	42280	47210	17530	14670	67150	37370	80500	84020	34390	65690	80060	24030	64570	74530	57020	78330	36360	59070	86050	
37120	90171	112660	42810	0	43690	24370	49360	35460	37000	14240	22580	89781	41120	115350	11220	55200	26140	33060	110400	23890	113891	58020	39200	113780	43960	63330	69200	117551	93300	33390	85500	84530	21770	29910	29790	31240	7260	113040	49860	17710	99950	114320	39050	97110	40370	35820	43570	18760	93330	51890	
75330	121471	150470	69470	43720	0	46580	78790	62120	47050	52150	49220	124521	63250	153160	53580	21750	59830	36620	120600	42300	131440	68070	65860	146970	54010	94630	100850	152151	97290	70440	122820	103712	50540	55110	56430	17510	44850	150850	23990	57330	134771	151370	49100	134430	13490	57900	21120	33980	128151	26010	
31630	90732	113221	50920	24400	46280	0	50571	43570	46220	21910	30690	90342	49230	115911	15570	53820	30190	12930	118104	4930	117211	68630	43420	114341	52900	63891	69761	118112	103910	29650	86061	89281	4200	38020	37900	30200	25990	113601	45160	17150	100511	114881	49750	97671	36490	16400	35810	37570	93891	47640	
32020	45111	67600	13350	49290	78240	50241	0	18090	38320	35340	30030	44721	25830	70290	43620	94090	23560	60951	70331	53031	69440	29050	12740	68720	33890	18260	24130	72491	60210	25750	40440	41820	46951	28740	25530	76120	46340	67980	92990	36300	54890	69260	37140	52050	83500	49680	83911	45330	48270	95020	
32420	61191	83680	11430	35810	61920	43550	18420	0	21120	21860	13710	60801	11950	86370	30490	77770	16380	53970	79020	44950	82511	30070	5490	84800	19060	34350	40220	88571	64740	25620	56520	53150	39860	11110	7730	59800	30020	84060	76670	27040	70970	85340	20220	68130	67180	47670	70980	29010	64350	78700	
44870	82261	104750	25680	37090	46970	46220	38250	21130	0	24530	16380	81871	20170	107440	33160	62820	25330	56640	80940	47620	88050	24990	26560	103580	10520	55420	57770	109641	60270	38280	77590	60482	42530	13050	14890	44850	29880	105130	61720	29710	90610	104980	5460	89200	52230	52340	56030	19010	83990	63750	
25490	76371	98860	29010	14500	51830	22290	35560	21660	24310	0	8780	75981	27320	101550	9150	67680	12340	32660	96600	23640	100091	46720	25400	99980	30990	49530	55400	103751	82000	19590	71700	70730	18600	16110	15990	44040	12590	99240	62660	5780	86150	100520	27840	83310	53170	28410	53820	18920	79530	64690	
30830	72931	95420	20930	22870	48960	30610	30260	13580	16380	8920	0	72541	19220	98110	17550	64810	11290	41030	88520	32010	92011	38790	17320	96540	23060	46090	51960	100311	74070	24240	68260	62650	26920	8010	7890	46840	17060	95800	63710	14100	82710	97080	19910	79870	54220	36730	58020	16050	76090	65740	
71521	15840	32290	56911	89801	125051	89782	44141	60421	81481	75851	72291	0	69391	30340	84131	141462	64071	100492	83062	92572	56722	63860	55381	50980	76950	34270	27980	30990	78770	65251	8270	49050	86492	71001	67791	118252	87761	35210	132802	76811	36330	49930	79760	8380	124132	89221	123452	87591	20150	135282	
43240	70071	92560	12560	41430	63390	49170	25590	11910	20060	27480	19240	69681	0	95250	36110	79240	23700	59590	78260	50570	84081	22310	17150	91960	13080	43220	45290	97451	57590	36650	65400	54720	45480	14910	12220	61270	35430	92940	78140	32660	78130	92500	15890	77010	68650	55290	72450	34610	71510	80170	
97340	44920	9580	82730	115620	152740	115601	69960	86240	107300	101670	98110	30420	95210	0	109950	169341	89890	128371	95040	120451	67370	88960	81200	53660	102050	59370	53080	36430	103870	91070	30020	74150	112311	96820	93610	146131	113580	17840	160681	102630	47230	49730	104860	23440	152011	115040	151331	113410	28430	163161	
26870	85032	107521	37800	11180	53440	15590	44350	30450	33100	8790	17570	84642	36110	110211	0	61320	21130	24280	105390	15260	108881	55510	34190	108641	39780	58191	64061	112412	90790	23860	80361	79520	12110	24900	24780	37360	11460	107901	54700	7700	94811	109181	36630	91971	45580	25570	45440	23040	88191	56730	
81910	137401	164601	85280	55500	21810	53600	94600	77930	62860	67960	65030	141722	79060	167291	61330	0	75640	43200	132250	49330	147250	83880	81670	162780	69820	110560	116660	169492	108160	81900	137441	119522	57810	70920	72240	25260	60660	164981	16740	68370	150581	166261	64910	149051	19070	64480	22050	49790	143961	11240	
20350	64841	87330	23670	26400	59410	29950	24030	16320	25150	12450	11200	64451	23680	90020	20890	75260	0	42880	91260	33960	89180	42310	14130	88450	28220	38000	43870	92221	76980	13760	60170	63390	26260	13070	11870	55940	24360	87710	74160	13570	74620	88990	25800	71780	64670	35260	64840	26500	68000	76190	
40220	101552	124041	60790	32810	36380	12890	61391	53440	56090	32110	40560	101162	59100	126731	23980	43340	43000	0	128924	9370	128031	78500	55050	125161	62770	74711	80581	128932	113780	40210	96881	100101	17100	47890	47770	20270	34400	124421	34680	29960	111331	125701	59620	108491	26010	22750	25330	45980	104711	37160	
99972	92600	86540	68460	111070	120660	118233	70260	79230	81510	97120	88970	82870	78790	94880	105750	132280	91640	129600	0	120210	28660	56900	81290	44190	74530	66590	58450	113000	25210	93702	77290	36750	114943	85440	82580	124030	105280	81570	140900	102300	51510	50090	77340	88590	131410	117672	135210	96880	71160	142930	
34340	93362	115851	52000	23880	42070	4850	53201	44650	47300	23320	31770	92972	50310	118541	15190	49470	34210	9600	119590	0	119841	69710	46860	116971	53980	66521	72391	120742	104990	33580	88691	91911	9060	39100	38980	25990	25610	116231	40810	21170	103141	117511	50830	100301	32140	19600	31460	37190	96521	43290	
96430	66640	59330	71130	113740	132080	116861	69040	81900	87790	99790	91640	56910	83610	67670	108420	147930	88980	129631	28660	121711	0	63740	80290	16390	80810	54070	45930	87040	46690	90160	51330	30670	111401	88110	85250	129960	107950	54360	146830	101720	25550	22290	83620	62630	137340	114130	141140	103160	45200	148860	
56230	71141	86231	19480	58700	68580	69000	28860	30250	25250	47310	39160	63851	22530	88921	55940	84430	42660	79420	56760	70400	64400	0	33790	79930	18270	38710	37711	93981	35270	49960	59071	38030	65310	32720	32660	66460	51490	86341	83330	52490	70551	84921	21080	70681	73840	73890	77640	40620	63931	85360	
27940	56141	78630	16400	39540	65650	43370	13080	5500	26560	25590	17440	55751	17330	81320	34220	81500	14250	54790	81321	46870	80490	33600	0	79750	24500	29310	35180	83521	68270	21140	51470	53320	39680	16150	12940	63530	33750	79010	80400	26990	65920	80290	25660	63080	70910	43190	74710	32740	59300	82430	
95650	61480	45310	79630	113930	147780	113911	68270	84550	103490	99980	96420	50730	92110	53650	108260	163630	88200	126681	44360	118761	16100	79440	79510	0	96510	54720	48430	78280	62390	89380	44040	46370	110621	95130	91920	144441	111890	39990	158991	100940	16950	8090	99320	51200	150321	113350	149641	111720	33050	161471	
47790	78081	99250	20570	44340	54220	52730	33600	18980	10580	31040	22890	76870	13130	101940	39670	70070	28250	63150	73900	54130	81010	17950	24410	96540	0	50150	50730	105461	53230	41200	72090	53442	49040	16340	16990	52100	37130	99360	68970	36220	83570	97940	6110	83700	59480	58850	63280	26260	76950	71000	
45270	42140	56670	30660	63550	94250	63531	17890	34170	55230	49600	46040	34290	43140	59360	57880	110100	37820	74241	66330	66321	54330	38830	29130	54820	50200	0	9020	64420	58670	39000	29510	30090	60241	44750	41540	92001	61510	56780	106551	50560	40990	55360	53010	41120	97881	62970	97201	61340	34370	109031	
51340	35660	50190	32940	69620	100400	69601	23950	40240	57650	55670	52110	27810	45420	52880	63950	116250	43890	80311	58200	72391	46150	37580	35200	48340	50670	8980	0	57940	52490	45070	23030	21960	66311	49920	47060	98071	67580	50300	112621	56630	34510	48880	53480	34640	103951	69040	103271	67410	27890	115101	
98991	33350	44760	84381	117271	148051	117252	71611	87891	108951	103321	99761	31080	96861	37090	111601	163901	91541	127962	113412	120042	87062	94070	82851	78680	104921	64480	58190	0	108980	92721	38850	79260	113962	98471	95261	145722	115231	51680	160272	104281	66910	77620	108051	29210	151602	116691	150922	115061	49460	162752	
90922	86500	101030	54200	94000	97230	104300	60080	64970	60550	82610	74460	78650	57830	103720	91240	108070	77380	114720	25290	105700	46490	35300	68510	62020	53570	58720	52510	108780	0	84652	73870	33530	100610	68020	67960	101760	86790	99400	118630	87790	69340	67920	56380	85480	108170	108610	112940	75920	78730	118920	
7510	66301	88790	34160	33810	70500	29610	26250	25740	38290	19830	24340	65911	36820	91480	24110	81850	13950	40200	93673	33620	90640	49980	21300	89910	41360	39460	45330	93681	84252	0	61630	64850	25920	26210	25010	57890	31900	89170	73400	17680	76080	90450	38940	73240	64730	25030	64050	37590	69460	75880	
67450	22700	28890	52840	85730	122390	85711	40070	56350	77410	71780	68220	7910	65320	29980	80060	137391	60000	96421	77110	88501	50760	59070	51310	43980	72160	29480	23190	38440	73980	61180	0	44260	82421	66930	63720	114181	83690	30460	128731	72740	29330	42930	74970	11740	120061	85150	119381	83520	12110	131211	
70830	56940	71470	42010	84620	102960	89091	41640	52780	59390	70670	62520	49090	54490	74160	79300	118810	63380	99801	36670	91881	30920	36860	53220	46450	52410	30260	22120	79220	33800	64560	44310	0	85801	58990	56130	100840	78830	71580	117710	75850	53770	52350	55220	55920	108220	88530	112020	74760	49170	119740	
28140	87162	109651	47260	21670	50240	4210	47001	39910	42560	18250	27030	86772	45570	112341	12050	58030	26530	17140	114534	9140	111501	64970	39760	110771	49240	60321	66191	114542	100250	25990	82491	85711	0	34360	34240	34160	22470	110031	49370	13490	96941	111311	46090	94101	40700	15490	40020	34050	90321	51850	
32600	71791	94280	17570	30150	55060	37890	29110	11160	13040	16200	7960	71401	14900	96970	24830	70910	13060	48310	85160	39290	88651	32340	16180	95400	16220	44950	49860	99171	67620	26010	67120	59290	34200	0	3760	52940	24150	94660	69810	21380	81570	95940	13460	78730	60320	44010	64120	23330	74950	71840	
31360	68671	91160	14650	30030	56120	37770	25990	7730	14890	16080	7840	68281	12150	93850	24710	71970	11820	48190	82240	39170	85731	32580	13060	92280	16910	41830	46940	96051	67860	24770	64000	56370	34080	3760	0	54000	24030	91540	70870	21260	78450	92820	14940	75610	61380	43890	65180	23210	71830	72900	
58430	118632	141121	67220	31230	16800	30060	76540	59870	44800	43880	46970	118242	61000	143811	37060	24680	55780	19720	122080	25780	129190	65820	63610	142241	51760	91791	97661	146012	101100	57770	113961	101462	34020	52860	54180	0	36930	141501	18950	44100	128411	142781	46850	125571	9460	41000	13260	31730	121791	20980	
37350	88231	110720	37430	7250	44490	26000	46750	30080	29820	12300	17180	87841	35440	113410	11450	60340	24200	34690	105020	25670	108511	50840	33820	111840	36780	61390	67260	115611	86120	31450	83560	79150	22520	24230	24110	36930	0	111100	55550	17330	98010	112380	31870	95170	46060	36130	49260	11580	91390	57580	
95260	50320	9180	80650	113540	150660	113521	67880	84160	105220	99590	96030	35240	93130	17810	107870	167261	87810	126291	81710	118371	54040	86500	79120	39600	99590	56910	50620	51300	99740	88990	30500	71690	110231	94740	91530	144051	111500	0	158601	100550	34820	34630	102400	31370	149931	112960	149251	111330	22640	161081	
73800	134002	156491	84040	50180	24210	45490	93360	76690	61620	62770	63790	133612	77820	159181	54640	16700	74400	35090	138950	41220	146060	82640	80430	157611	68580	107161	113031	161382	117970	73790	129331	118332	49700	69680	71000	19280	55880	156871	0	61680	143781	158151	63670	140941	11750	56370	10090	48550	137161	5920	
21890	77752	100241	34540	17760	57360	17280	37060	27190	29840	5530	14310	77362	32850	102931	7730	68390	13930	30210	102130	21290	102091	52250	27160	101361	36520	50911	56781	105132	87530	17690	73081	76260	13590	21640	21520	44430	17510	100621	61520	0	87531	101901	33370	84691	52650	23400	52170	24450	80911	63800	
81920	47570	39770	65900	100200	135010	100181	54540	70820	90650	86250	82690	36020	78380	47170	94530	150860	74470	112951	51410	105031	25060	70580	65780	16930	83670	40990	34700	66550	69440	75650	29330	53420	96891	81400	78190	130711	98160	34800	145261	87210	0	19090	86480	39530	136591	99620	135911	97990	21070	147741	
96450	62100	41190	80430	114730	151570	114711	69070	85350	105180	100780	97220	49790	92910	49530	109060	168451	89000	127481	50230	119561	21970	85110	80310	8090	98200	55520	49230	77330	68260	90180	43100	52240	111421	95930	92720	145241	112690	34940	159791	101740	19220	0	101010	50250	151121	114150	150441	112520	32100	162271	
45310	81431	102060	24000	39160	49040	49770	36950	20330	5360	28080	19930	79680	15940	104750	36710	64890	25770	60190	76710	51170	83820	20760	25760	99350	6030	52960	53540	108811	56040	38720	74900	56252	46080	13490	14960	46920	31950	102170	63790	33260	86380	100750	0	86510	54300	55890	58100	21080	79760	65820	
78940	22770	25400	64330	97220	133880	97201	51560	67840	88900	83270	79710	8270	76810	23450	91550	148881	71490	107911	88600	99991	62250	70560	62800	51210	83650	40970	34680	28970	85470	72670	11620	55750	93911	78420	75210	125671	95180	31380	140221	84230	39640	50150	86460	0	131551	96640	130871	95010	20780	142701	
64410	124612	147101	74250	40390	13580	36100	83570	66900	51830	53040	54000	124222	68030	149791	45290	18940	64610	25700	129110	31830	136220	72850	70640	148221	58790	97771	103641	151992	108130	64400	119941	108492	40310	59890	61210	9490	46090	147481	12010	52330	134391	148761	53880	131551	0	46980	8830	38760	127771	14040	
21690	90051	112540	57170	35740	57800	16540	49890	47380	52470	28160	36940	89661	55480	115230	25650	64760	34970	22740	117423	19490	114390	73620	42940	113660	59150	63210	69080	117431	108002	24990	85380	88600	15500	44270	44150	41690	36220	112920	56100	23400	99830	114200	56000	96990	47430	0	46750	47080	93210	58580	
64540	124742	147231	78160	43560	21210	36230	84581	70810	55740	53510	57910	124352	71940	149921	45380	21960	65520	25830	133020	31960	140130	76760	74550	148351	62700	97901	103771	152122	112040	64530	120071	112402	40440	63800	65120	13400	49260	147611	10130	52420	134521	148891	57790	131681	8750	47110	0	42670	127901	14280	
43250	88381	110870	36380	18970	33800	37760	45700	29030	19130	19060	16130	87991	34670	113560	23210	49650	26740	46450	96100	37430	103210	40150	32770	111990	26090	61540	67410	115761	75430	37350	83710	75642	34280	23460	23340	31680	11760	111250	48550	24240	98160	112530	21180	95320	39060	46870	42860	0	91540	50580	
75320	34470	23080	59300	93600	128410	93581	47940	64220	84050	79650	76090	19680	71780	28420	87930	144260	67870	106351	71180	98431	44830	63980	59180	32910	77070	34390	28100	49090	78890	69050	12130	49170	90291	74800	71590	124111	91560	22530	138661	80610	21210	31850	79880	20640	129991	93020	129311	91390	0	141141	
75900	136102	158591	86090	52230	25960	47590	95410	78740	63670	64880	65840	135712	79870	161281	56780	11200	76450	37190	140950	43320	148060	84690	82480	159711	70630	109261	115131	163482	119040	75890	131431	120332	51800	71730	73050	21330	57930	158971	5920	63820	145881	160251	65720	143041	13800	58470	14700	50600	139261	0	

0	                                       Dinas_Powys	0	0	32400	0

1	                                           Nailsea	796	7384	10789	1592
2	                                            Neston	579	21417	25329	1158
3	                                        Pont-y-pwl	617	8954	13087	1234
4	                                           Rhondda	654	22854	25381	1308
5	                                        Ystalyfera	137	8139	10577	274
6	                                             Coity	561	1476	4476	1122
7	                                          Caerleon	409	5792	8817	818
8	                                          Abercarn	265	20534	22879	530
9	                                           Rhymney	640	7346	11449	1280
10	                                        Pontypridd	220	14249	16766	440
11	                                            Nelson	762	3586	6685	1524
12	                                           Bristol	419	19568	24254	838
13	                                       Abertillery	359	23752	27682	718
14	                                  Bradford-on-Avon	476	5329	10002	952
15	                                        Tonyrefail	221	25203	28041	442
16	                                         Ammanford	673	12442	15927	1346
17	                                        Caerphilly	698	3552	6593	1396
18	                                              Pyle	286	14057	18693	572
19	                                           Ledbury	793	10761	13772	1586
20	                                        Aberkenfig	726	6781	9084	1452
21	                                        Gloucester	139	16968	19493	278
22	                                       Abergavenny	605	23443	27540	1210
23	                                             Risca	715	1460	5770	1430
24	                                            Stroud	120	5435	8934	240
25	                                         Ebbw_Vale	557	25362	28564	1114
26	                                          Caldicot	302	13290	15809	604
27	                                          Chepstow	448	14475	18232	896
28	                                             Wells	336	9963	14087	672
29	                                          Hereford	638	19668	23382	1276
30	                                           Cardiff	376	18514	22343	752
31	                                      Mangotsfield	208	16909	19849	416
32	                                          Coleford	716	16961	19696	1432
33	                                           Pencoed	611	13834	16544	1222
34	                                           Bargoed	217	8413	10449	434
35	                                         Blackwood	704	13534	16949	1408
36	                                             Neath	340	4390	7443	680
37	                                          Ferndale	432	22047	25514	864
38	                                        Chippenham	135	23539	26911	270
39	                                         Gorseinon	346	20556	23030	692
40	                                            Beddau	566	8617	11747	1132
41	                                           Dursley	186	23011	27780	372
42	                                          Chalford	290	22000	25860	580
43	                                          Tredegar	160	14093	18831	320
44	                                          Keynsham	363	21183	23278	726
45	                                           Clydach	236	7749	11470	472
46	                                    Llantwit_Major	438	1553	6497	876
47	                                           Swansea	274	3089	6268	548
48	                                          Aberdare	150	19866	22448	300
49	                                  Chipping_Sodbury	672	17863	22854	1344
50	                                      Pontardulais	231	20962	25513	462
