100

6350	3650

20	90

0	68131	93120	32630	83810	82360	80441	90730	63490	59691	76580	27000	55081	75761	17600	83630	41650	62221	69980	58750	61850	71120	50711	75031	72531	62630	59000	65311	89840	76590	67361	45590	66511	58600	43840	88431	59580	50310	72980	23860	29340	79950	81011	47580	85201	81850	87241	73230	92020	98690	97260	84700	36770	68820	95180	68980	46981	95220	56260	60651	76150	17380	62320	55760	81401	70341	51661	76700	61110	74501	70131	72181	42400	69760	86071	68910	66181	50691	47740	42770	67100	49420	72230	61351	78300	85021	65390	38550	81040	82381	63960	27420	85990	78401	78620	74971	64380	84911	48220	26470	61520	
68310	0	57040	94170	61000	47360	41530	44870	128801	23040	110900	85020	13290	30250	54820	47960	31590	6830	60240	19490	36250	42330	26450	25070	26610	8280	49540	18180	53240	38420	6650	24830	19630	119170	108841	28220	14230	33210	12410	88861	94341	14910	31770	26820	37250	83090	41540	124970	99852	134580	61250	52950	76280	40250	59600	50610	22840	62040	37110	17440	22270	82381	109874	20850	37540	23770	18090	49610	29190	30790	24670	12890	29950	37180	44810	8150	27450	20210	63130	26850	57440	69350	56080	7910	42950	32820	19390	103551	74610	27680	111514	77080	56680	11790	87832	34070	17910	33530	96542	44770	32540	
93350	56980	0	121180	20020	101970	19200	97920	145520	78540	93290	97420	61920	84860	79860	102570	52310	59020	112140	46880	91750	22970	77390	79590	81220	52920	100890	72790	107850	93030	62260	58570	74240	146180	133881	76280	50850	86130	46940	113901	110850	53190	85690	49920	90600	54140	23580	159180	150682	177410	115860	9780	89990	95750	114210	33340	72370	6580	39030	72940	37150	105550	105670	46260	21640	78380	61580	105110	38280	27970	79280	68320	54920	91740	12470	51120	82010	71150	75760	74190	51040	112180	111580	62420	97560	30120	39860	120130	126530	79720	105600	109250	111290	59050	138332	25800	41580	86230	102380	82760	88040	
32650	94140	121040	0	111730	101110	108361	112490	59060	83350	83590	34010	81820	99150	45520	104080	69580	88960	73720	86670	82150	99040	74280	99340	96350	90550	67840	90550	107870	98350	92600	73510	91750	28350	27010	114530	87500	73370	100900	12370	25990	107870	104310	75500	107250	88860	115161	42070	89570	72330	115520	112620	43780	88100	112030	96900	72220	123140	84180	85890	104070	28800	69330	83680	109321	94260	79090	90800	89030	102421	93950	97420	70320	91520	113991	96830	90010	75930	54750	67640	81350	48920	78650	86590	98750	112941	93310	34120	84780	106790	70970	24350	101190	103640	76170	102891	92300	108730	55230	49530	83270	
84130	61350	20070	111960	0	105320	24620	104340	129150	79000	75090	81260	61710	88700	70640	105920	43380	61700	104800	45960	89140	18890	70920	84470	85060	55600	93550	76630	111690	96380	66580	52600	78080	136920	120340	83670	52100	79110	52040	102130	94930	60580	91240	44090	96720	35940	35430	149960	143012	171160	119210	13810	74070	94240	117560	17360	65350	18440	30310	73400	44540	89630	87470	42970	31450	82220	55680	103600	35410	33930	83120	73390	47510	93140	25110	54890	83410	66550	59600	66850	34020	106350	105610	65100	100910	41130	42710	104210	119190	86150	87400	100030	111410	65480	130992	32100	43350	92660	85150	76930	86530	
82270	47250	102050	101940	105220	0	86290	20760	147240	29790	154333	108500	45720	19800	73410	6580	69980	48250	32010	63710	21690	86550	37750	25710	21110	52500	33500	30560	12270	10210	41500	59440	27720	121510	124620	35920	58300	33600	57930	103570	112720	53110	21100	65210	21750	126250	86760	119740	70550	124610	19690	97640	111530	14210	17550	93770	43410	107050	81070	31960	67580	98880	145760	65070	82550	24400	51070	11430	73410	75800	23480	38850	68340	14450	89820	53660	22180	42510	98380	45940	97470	61040	27850	43060	4820	78040	63610	121930	42970	26840	147400	76970	12750	46690	62030	79080	62130	25510	131600	55880	21610	
80271	41350	19160	108101	24530	86130	0	82770	138590	61540	95110	88300	44920	69020	66781	86730	39910	42020	94910	29880	74750	11000	60390	64070	65380	35920	83660	56950	92010	77190	46740	41540	58400	133101	120802	61130	33850	69130	31570	100822	100420	38040	70540	34390	75450	55960	14160	146101	133122	161450	100020	13940	79560	78750	98370	25740	55370	24160	26930	55940	22000	94342	100610	29170	8320	62540	44580	88110	21050	11580	63440	52980	39390	75680	8350	34420	65950	54150	66410	56960	43010	96220	94580	45420	81720	18590	22860	109700	109300	64570	100780	96171	95450	43900	121102	9750	24580	71080	94350	66800	71040	
90100	45190	96830	112350	103980	20690	81710	0	152321	33570	156000	115521	46840	17180	78340	16490	71100	47100	45900	62560	31000	85310	43220	20420	19840	51350	46430	30240	16350	14720	39590	60560	27460	131920	132361	25930	57300	41430	52560	111400	117861	45080	13840	66330	8530	127370	79740	132320	86500	138930	23300	93580	113660	24670	23910	93680	47440	101830	80180	33460	60850	105901	149973	63920	77330	23860	52190	27380	72260	72290	23090	32930	69460	21310	84600	51740	25970	43630	100510	51160	98590	73620	41740	42990	16990	71020	62090	127071	58920	18650	151613	88260	30010	38990	76920	74590	60980	12760	136741	63710	29440	
63460	128631	145330	59130	128770	145450	135600	152161	0	120191	98880	49300	115581	136261	79280	146720	101810	122721	122090	119320	124120	125010	111211	135531	133031	123500	116210	125811	152930	139651	127861	106860	127011	63140	39980	148931	120450	112520	133850	47030	34610	141410	141511	107990	145701	104150	147741	89240	143650	121270	162541	136910	59070	131910	158270	113430	107481	144420	109470	121151	136720	46910	84620	116330	141120	130841	112161	139170	120510	135001	130631	132681	103090	132850	141630	129780	126681	111191	70040	103801	96640	99190	127010	121851	141390	145521	125960	25650	133150	142881	86260	74270	149080	138901	130250	135471	124950	145411	70520	88680	123790	
59840	23100	78830	83320	80660	29900	62140	33470	120331	0	124710	83531	19500	17570	46350	30500	43760	22050	37200	39020	13210	62400	10170	17040	14050	28020	28300	10600	36370	20960	18780	32560	9600	107090	100371	32990	32080	12310	34200	80391	85871	32830	22800	38990	27010	98220	63330	106500	78612	115960	43790	73490	83770	17210	42140	67550	15650	83830	54850	5650	44060	73911	117773	40380	59330	11960	24850	26570	49100	52520	11650	18860	42120	16550	66600	29510	7990	14730	70620	18360	71250	49670	33040	16840	25490	54610	39460	95081	51570	24490	119413	63430	34380	28120	66592	55780	37980	26430	104751	33920	9500	
77020	110990	93470	83340	75220	154401	95310	155100	99660	124540	0	49710	107260	138970	88820	155220	85540	109400	140030	93380	134040	85000	115520	134740	135330	104790	134150	123600	161391	145230	116220	95230	124800	107430	90850	138410	99520	122840	106320	72640	65440	116380	142090	87650	147570	40090	106180	125190	161590	155450	168811	87180	62220	140290	167161	72830	110000	91050	75230	118940	106300	60140	23430	90390	100930	128630	101220	150060	85940	100390	129250	123040	87940	138680	95860	107290	128950	112090	55260	107900	55900	117130	144950	114740	150210	110290	96910	74720	151090	138000	23320	92210	158031	119830	148190	100170	96660	143850	33400	101950	131480	
27410	85080	96930	33730	81050	109050	88410	115821	50050	83851	49670	0	78360	99921	43290	110320	55630	82130	90420	72130	87720	78100	74871	99191	96691	78000	84540	89471	116530	102460	90310	65710	90671	57820	41240	112591	74950	76180	87370	23030	15830	95460	105171	61080	109361	56070	99770	75580	111980	105840	123950	88510	12880	94690	121870	65750	71141	95980	63280	84811	89530	10530	35410	69140	93930	94501	73200	102570	73600	88881	94291	96341	56180	95630	94440	84280	90341	74851	23850	67461	48920	67520	95340	85511	104990	99130	78770	25110	101480	106541	37050	42600	112680	96700	98580	89210	77760	109071	21310	52340	87390	
55320	13350	62210	81770	62380	45820	45260	46690	115811	19500	107440	78130	0	30850	41830	46420	26490	7440	50650	20400	32710	45520	15570	28280	27210	11920	39400	18560	52290	36880	14360	15950	19760	106770	95851	38870	13460	24310	22660	75871	81351	27280	35370	21720	40180	80950	49210	112570	88862	122180	59710	56610	69390	36710	58060	49270	10550	67210	36850	13900	30810	69391	102843	21760	43370	23590	6440	46070	30480	35640	24210	21620	24850	33640	50640	17740	23910	9330	56240	14450	53980	56950	50810	8610	41410	41440	22580	90561	65040	33030	104483	64680	53880	24350	76842	38900	21100	38480	90882	32370	29000	
75870	30590	85390	99600	88560	19580	69630	17130	136361	17620	139020	99561	30950	0	62380	19360	55210	31590	42080	47050	20340	69890	27270	6630	3950	35840	36460	14350	24570	10480	24840	44670	11570	119230	116401	19690	41790	28590	41200	96421	101901	34050	6410	50440	10620	110650	68380	119940	82940	128100	32630	80980	97770	18220	31000	78170	31550	90390	64670	17570	49490	89941	134083	48410	65890	7970	36300	25390	56750	59140	7200	19460	53570	13160	73160	37000	10050	27740	84620	35200	82700	61810	37920	27430	15170	59660	46950	111111	55360	10780	135723	75570	28900	27630	73100	62420	45470	11040	120781	50200	16480	
17710	54451	79440	45540	70130	73190	66761	77981	79151	46011	88830	42661	41401	62081	0	74460	27970	48541	63790	45440	52680	57440	37031	61351	58851	49320	52540	51631	80670	65471	53681	32540	52831	70540	59501	74751	46270	41140	59670	39521	45001	66640	67331	34270	71521	77850	73561	83540	87430	104540	88090	71020	47600	59650	86010	55300	33301	81540	42580	46971	62840	33041	77981	42450	67721	56661	37981	67530	47800	60821	56451	58501	29090	60590	72391	55600	52501	37011	34450	29621	50880	44830	65770	47671	69130	71341	52080	54211	76450	68701	79621	33410	76820	64721	74030	61291	51070	71231	63881	19740	52350	
83440	47630	102430	104350	105600	6590	86670	16490	148410	30170	155103	109670	46100	19230	74580	0	70360	48630	34840	64090	23550	86930	38610	25600	21490	52880	36680	30940	7070	10000	41880	59820	28100	123920	126680	35290	58680	34770	58310	104740	113890	52520	20470	65590	18500	126630	86850	122920	72870	126930	14490	98020	112350	16150	12490	94150	44230	107430	81450	32340	67960	100050	146930	65450	82930	24780	51450	13750	73790	76180	23860	38600	68720	15200	90200	54040	22560	42890	99200	46800	97850	64220	30160	43440	5570	78130	63990	123100	45290	26210	148570	80150	15070	46100	64350	79460	62510	22960	132770	57050	22730	
41520	31670	52140	69350	43340	70180	39890	71050	101701	43860	85650	55860	26580	55210	28030	70780	0	28720	70170	18490	54510	30140	36290	52640	51570	24590	58920	42920	76650	61240	36900	14550	44120	94350	82051	59040	21540	44480	33960	62071	67551	41910	59730	7670	64540	59160	48650	107350	106410	128550	84070	43720	47120	59610	82420	28510	30720	54240	15790	38260	35890	55591	78864	15500	42810	47950	20540	68970	20850	35400	48570	43710	4910	58000	46480	30870	48270	31410	33970	30640	32190	63810	70980	34270	65770	45490	25130	76761	84560	57710	80504	57420	76780	42870	93010	36380	24120	62840	66903	34810	51900	
62380	6810	59410	88830	61390	48300	42460	47030	122871	21980	109680	82160	7360	31240	48890	48900	28730	0	57710	18570	35190	42720	21960	27010	27600	6550	46460	19170	54230	39360	9120	21670	20620	113830	102911	32750	11630	31370	16490	82931	88411	20740	34020	23960	39500	81850	45700	119630	95922	129240	62190	53810	73420	39190	60540	49370	17610	64410	36190	16380	26350	76451	107014	19930	40570	24760	12160	48550	28650	32840	25660	16640	27090	36120	47840	11200	26390	15720	60270	21510	56220	64010	55020	6110	43890	36980	19780	97621	72100	29930	108654	71740	56360	17810	83902	36100	18300	35780	93682	39430	31480	
70010	59790	112510	73550	105610	31980	95340	45910	121410	36680	139470	89890	50870	42040	63640	34830	69520	58010	0	68990	23990	91020	36700	47030	42340	62690	11420	46160	38250	33360	55470	56870	43350	93120	96230	59390	64230	29810	70890	76250	88340	69520	44570	64750	46080	123980	99980	90100	43620	93610	44930	104600	99660	26060	42300	92500	40840	115740	80080	42340	80750	80270	125210	69800	94140	42500	53310	21180	75450	86410	42190	54480	67880	31570	101410	66200	36860	42750	92340	40240	97010	31400	5170	53530	31500	91300	73350	96470	16310	50310	126850	49460	31560	64810	31600	89670	71870	48980	111110	44000	28420	
58520	19440	46690	86350	46080	63900	29740	62580	119011	38920	93540	71890	20430	46790	45030	64500	18460	18500	68110	0	52130	28120	34200	42560	43150	13240	56860	34720	69780	54960	24670	15940	36170	111350	99051	46810	7970	42390	18490	79071	84010	27090	49570	11980	55050	65730	35800	124350	106322	136180	77790	40150	63150	56130	76140	33250	28630	51690	19750	33320	21590	72591	95373	3250	29960	40310	16070	65490	12210	22230	41210	31480	16980	53060	35880	15740	43330	28000	50000	30160	40080	70950	68890	23190	59490	31460	10830	93290	82500	45480	97013	74200	73220	30400	94302	25030	9670	51330	83412	41530	48420	
61660	35940	91670	82260	90010	21350	74980	31050	123980	12830	133770	87120	32340	20460	52800	23500	53920	34890	24050	51860	0	75240	19610	23730	19130	40860	16910	22310	29710	16910	31620	41270	19500	101830	102940	37650	44920	12990	47040	82960	89460	45670	25320	49150	28260	108380	76170	101240	66000	110700	37110	86330	92240	7630	34170	76900	24360	96670	64480	18490	56900	77500	122500	53220	72170	18650	36830	14910	59850	65360	18340	30630	52280	10570	79440	42350	13050	24990	79090	26480	81410	44100	19890	29680	18170	67450	52300	98670	38420	28740	124140	58170	24830	40960	55070	68620	50820	29950	108340	35270	4570	
71110	42750	22730	98940	18810	87210	11040	85750	124820	62620	84840	78030	46000	70100	57620	87810	30070	43100	90830	28440	75170	0	56950	65870	66460	37000	79580	58030	93090	78270	47980	36330	59480	123940	111641	65450	34140	65140	33440	91661	90150	43300	72640	27680	78120	45690	22500	136940	129042	155170	101100	14310	69290	79830	99450	15470	51380	27160	16790	57020	27690	84850	90340	25450	16660	63620	41710	89190	17640	17870	64520	54790	32680	76760	17070	36290	67030	52580	56140	52880	32740	89940	91640	46500	82800	26020	24110	99430	105220	67550	90510	87010	96530	46880	117022	16040	24750	74060	84080	60520	72120	
50420	26500	77780	74060	71830	37390	60830	42730	110911	10170	115290	74111	15670	26830	36930	38590	35740	22090	36460	34330	19850	57240	0	26590	23600	27490	25210	17420	44800	30220	22510	23090	18470	99060	90951	40540	29030	10120	37600	70971	76451	37940	32080	30970	36270	90200	64780	101730	74672	111190	52220	70820	74060	23850	50210	58720	6180	81960	46300	12200	46380	64491	107513	35690	58940	21510	18650	33210	41670	51210	21200	24990	34100	24140	66210	32390	17250	6510	60910	8310	63230	44900	36620	18950	33260	57010	38150	85661	50850	34040	109153	55970	41020	33230	62652	54470	36670	35980	95331	24660	16140	
75050	25430	79800	99340	84020	25800	64290	20500	135541	17080	134480	98741	28410	6640	61560	25730	52670	27050	47220	42510	23360	65350	26730	0	5750	31300	39310	11010	30940	16850	19830	42130	9030	122040	115581	16410	37250	28330	35680	95601	101081	28980	7400	47900	12880	106110	63160	122750	88810	130910	38490	75710	95230	23660	37370	73630	29010	84800	60130	15030	44270	89121	131543	43870	60300	5350	33760	31260	52210	53550	6580	13220	51030	18080	67570	31980	12140	25200	82080	33020	80160	64620	43060	22890	21390	54440	42330	110291	61230	8570	133183	78380	35120	22560	77602	56830	40930	10510	119332	49940	19500	
72950	27080	81880	96430	85050	21160	66120	19720	133441	14170	135510	96641	27440	3880	59460	21660	51700	28080	42490	43540	18630	66380	23820	5500	0	32330	34750	10840	26870	12220	21330	41160	8060	117520	113481	19440	38280	25420	37760	93501	98981	33800	8840	46930	13210	107140	66590	118230	84170	126390	34930	77470	94260	19020	33300	74660	28040	86880	61160	14060	47410	87021	130573	44900	62380	4460	32790	26620	53240	55630	3690	18670	50060	13390	69650	33490	7410	24230	81110	32010	79190	60100	38330	23920	16750	57870	43440	108191	56590	10530	132213	73860	30480	27380	73042	58910	41960	12470	117861	47030	14770	
62720	8370	53230	90550	55210	52830	36280	51510	123211	27920	104680	78040	11950	35720	49230	53430	24610	6520	62500	13270	41130	36540	27420	31490	32080	0	51250	23650	58710	43890	13600	17850	25100	115550	103251	35740	7510	36160	12060	83271	88751	17930	38500	19840	43980	76870	40230	124420	100712	134030	66720	47630	69300	45130	65070	44390	22400	58230	30890	22320	21810	76791	101523	14630	34390	29240	14620	54490	23350	26660	30140	20410	22970	42060	41660	6930	32330	21180	56150	26300	51220	68800	60960	12120	48420	32440	13600	97961	76890	34410	103163	75700	62150	19570	88692	29920	12120	40260	89562	43030	37420	
58950	49250	101350	67760	94450	33430	84180	46480	115620	27810	133680	84100	39710	36280	52480	36640	58360	46850	11490	57830	16860	79860	25540	38910	34720	51530	0	37490	40190	32510	44930	45710	34680	87330	90440	53240	53070	18650	60350	70460	82550	59770	41140	53590	44080	112820	88820	86440	51320	95900	46980	93440	93870	21950	44350	81340	29680	104580	68920	32460	70210	74480	119420	58640	82980	33830	42150	23120	64290	75250	33520	45800	56720	26270	90250	55660	28520	31590	81180	29080	85850	27740	13480	42990	32600	80760	62190	90680	26680	44330	121060	43670	33510	55060	39130	78510	60710	45770	105320	32840	20390	
65200	18230	73030	90490	76200	30690	57270	30200	125691	10600	123770	88891	18560	14360	51710	31290	42820	19230	46750	34690	22760	57530	17380	11030	10720	23480	37850	0	37160	21750	12480	32280	2960	115490	105731	23310	29430	21630	28910	85751	91231	26630	18120	38050	23600	97280	57740	115820	88162	125280	44580	68620	85380	24720	42930	65810	19160	78030	52310	5370	38560	79271	119383	36050	53530	7100	23910	34310	44390	46780	8000	9830	41180	20480	60800	24640	10750	15350	72230	23170	70310	58990	42590	15070	26280	49020	34590	100441	61120	17260	121023	72750	40010	20210	76142	50060	33110	21230	107172	41090	18320	
89780	53580	107970	108980	111550	12370	92620	16320	154750	36320	161253	116010	52250	24560	80920	7170	76510	54580	38290	70040	29890	92880	44950	30450	26940	58830	40230	37090	0	16150	47830	65970	34250	128550	131660	38090	64780	41110	63700	111080	120230	56550	23880	71740	20680	132780	90880	126470	76320	130380	8060	103970	119070	22490	7560	100300	50380	112970	87600	38490	71990	106390	153154	71400	88470	30930	57600	17200	79740	82130	30010	42960	74870	21540	95740	59990	28710	49040	105920	53140	104000	67770	33610	49590	11910	82160	69940	129440	48740	29960	154794	83700	17100	50130	67800	85410	68460	24920	139110	63390	29070	
76160	38300	93100	98410	96270	9800	77340	14280	139581	20840	145773	101620	36770	10440	65600	9810	61030	39300	33400	54760	17060	77600	30490	16760	12160	43550	32600	21610	15680	0	32550	50490	18770	117980	119400	26560	49350	27490	48980	97460	105121	43750	11740	56260	13140	117300	77810	118490	74260	126430	23100	88690	103020	10840	21450	84820	34900	98100	72120	23010	58630	92000	137674	56120	73600	15450	42120	16490	64460	66850	14530	29810	59390	7370	80870	44710	13230	33560	89870	38420	88520	59790	29240	34110	5550	69090	54660	114331	46680	17480	139314	74320	19120	37330	64420	70130	53180	16150	124001	49770	15500	
67290	6700	62240	92580	66130	41630	46730	39320	127781	18740	116030	90150	14080	24520	53800	42230	36720	9160	55940	24620	31950	47460	22460	19520	20880	13410	45240	12450	47510	32690	0	28390	13900	117580	107821	24750	19360	28910	18120	87841	93321	16170	26220	31950	31700	88220	46950	123100	95552	132560	55520	58150	81410	35690	53870	55740	21250	67240	42240	13140	27770	81361	115004	25980	42740	18040	18880	45280	34320	35990	18940	7760	35080	31450	50010	14020	21720	18620	68260	25260	62570	66270	51780	6050	37220	38230	24520	102531	70310	22130	116644	75490	50950	11460	83532	39270	23040	27980	102902	43180	28240	
45690	24880	58400	73520	52900	59860	41530	60730	106551	33540	95210	65540	16260	44890	32510	60460	14260	21930	59100	15960	43270	36400	25050	42320	41250	17800	47850	32600	66330	50920	28930	0	33800	98520	86591	52250	14750	33240	28150	66611	72091	35120	49410	9490	54220	68720	49440	110460	97312	120520	73750	49980	56800	48370	72100	38070	19480	62540	25350	27940	35230	60131	90193	15990	43600	37630	10220	57730	21640	36190	38250	36450	12620	47680	47890	24080	37950	21090	43650	19060	41750	55290	59740	24380	55450	45350	24540	81301	73490	48800	91833	58540	65540	36080	84490	37170	22720	52520	78232	25870	40660	
66370	19650	74450	91660	77620	27850	58690	27420	126861	9590	124940	90061	19730	11580	52880	28450	43990	20650	43940	36110	19950	58950	18360	9010	7940	24900	35040	2960	34320	18910	13900	33450	0	116660	106901	24730	30850	21900	30330	86921	92401	28050	16100	39220	20910	98450	59160	116090	85352	125550	41740	70040	86550	21910	40090	67230	20330	79450	53730	6350	39980	80441	120553	37470	54950	4320	25080	31500	45810	48200	5220	11250	42350	17670	62220	26060	7940	16520	73400	24340	71480	59260	39780	16490	23440	50440	36010	101611	58310	17270	122193	73020	37170	21630	73332	51480	34530	19210	108342	42260	15510	
59380	119620	146520	28630	137210	121350	133841	132730	63340	106970	107530	57950	107300	119390	71000	124320	95050	114440	93960	112150	102390	124520	99760	121930	117740	116030	88080	116030	128110	118590	118080	98990	116580	0	24150	136260	112980	95360	126380	35500	45620	133590	124550	100980	127490	112800	140641	27830	99570	59860	135760	138100	67720	108340	132270	122080	97700	148620	109660	110860	129550	52740	93270	109160	134801	116850	104570	111040	114510	127901	116540	122980	95800	111760	139471	122310	111540	101410	78690	93120	105290	66290	98880	112070	118990	138421	118790	45290	101410	127350	94910	46160	121430	129200	86170	128371	117780	129180	79170	75010	103510	
44260	109081	134070	27010	120380	123970	121391	132340	40100	100641	90490	40910	96031	116711	60080	125240	82600	103171	96880	100070	103380	112070	91661	115981	113481	103950	91000	106261	131030	118200	108311	87310	107461	23910	0	129381	100900	91840	114300	20380	25590	121860	121961	88900	126151	95760	128191	50010	110400	82040	138680	125650	50680	110430	135190	105040	87931	135310	97210	101601	117470	37620	76230	97080	122351	111291	92611	113960	102430	115451	111081	113131	83720	111370	127021	110230	107131	91641	61650	84251	88250	70800	101800	102301	119910	125971	106710	23970	107940	123331	77870	48650	124350	119351	96950	115921	105700	125861	62130	68000	103050	
88540	28320	75240	114380	82580	35660	60120	25920	149031	33100	139130	112231	38590	19760	75050	35300	58990	32940	59180	46890	37250	65120	40720	16490	19750	35680	53370	23530	38100	26450	24750	52230	24980	136140	129071	0	41630	44350	32370	109091	114571	23420	15300	54220	18590	108830	58150	136850	100040	145010	45050	71990	103680	36110	45660	75950	42500	80240	64510	28710	39260	102611	138923	48250	55740	21370	43390	42350	53470	50700	22600	19540	57350	31970	63010	33190	26710	38690	90530	46510	84840	78720	55020	30560	31410	49430	41980	123781	72460	9110	140563	92480	44980	18800	90200	53000	43140	14440	126712	64430	33390	
59600	14340	50890	87430	51860	58760	33940	57480	120091	32440	99320	74920	13950	41690	46110	59360	21490	12020	64500	7910	45650	33620	29420	37460	38050	7890	53250	29620	64680	49820	19570	14730	31070	112430	100131	41710	0	38160	14350	80151	85631	22370	44470	16720	49950	71510	37890	124910	102712	134970	72650	44840	66180	49650	71000	39030	24400	55890	25530	26840	21480	73671	98403	9270	32050	35210	12870	59010	17990	24320	36110	26380	19850	46580	39320	11020	36850	23180	53030	28300	45860	69740	64660	17720	54350	31620	11150	94841	78890	40380	100043	72990	66820	25540	90692	27580	9330	46230	86442	40320	41940	
50180	32960	86540	73190	80050	33600	69590	41970	112440	12280	122930	75640	24430	28520	41320	34870	43960	31570	29630	42550	13090	65460	10260	28270	25280	36250	18380	21390	41080	27830	28640	31310	21890	95490	91460	44220	37790	0	44060	71480	77980	43480	33770	39190	36730	98420	73190	94900	67842	104360	48500	79040	81700	20060	46420	66940	14400	90180	54520	16170	53920	66020	110960	43910	67700	23190	26870	27940	49890	59970	22880	29510	42320	21000	74970	39370	18940	16310	68550	15630	71450	38070	29560	26700	29540	64470	46910	87190	44020	35720	112600	51830	37230	38770	55822	63230	45430	37670	96860	23790	12760	
73030	12470	46590	100860	52210	57770	31470	52690	133521	34260	106680	87410	22570	40660	59540	58370	33980	16310	71460	18550	47470	33540	37370	35390	37020	12040	60760	28590	63650	48830	18060	28160	30040	125860	113561	32390	14390	44430	0	93581	99061	10370	40460	27750	45370	76380	30160	135040	111072	144650	71660	43330	78670	51470	70010	43900	33020	51590	32890	28660	10810	87101	110820	19330	27090	34180	25240	60830	21420	20800	35080	23090	32340	47540	34360	5540	37810	31130	65520	36920	53220	79420	67300	19130	53360	21440	9930	108271	85830	34490	110990	86320	67090	13820	99052	24080	11090	41000	98932	53650	43760	
23880	88701	113690	12400	101920	104010	101011	112231	46960	80261	72030	22450	75651	96331	39700	105280	62230	82791	77000	79690	83500	91690	71281	95601	93101	83570	71120	85881	111150	98240	87931	66930	87081	35240	20480	109001	80520	71960	93920	0	13890	101430	101581	68520	105771	77300	107811	54250	98560	84510	118800	105270	32220	90470	115310	86580	67551	115790	76830	81221	97090	17240	57770	76700	101971	90911	72231	94080	82050	95071	90701	92751	63340	91410	106641	89850	86751	71261	43190	63871	69790	54100	81930	81921	99950	105591	86330	22020	88060	102951	59410	29180	104470	98971	85160	95541	85320	105481	43670	48120	83170	
29270	94091	111220	26010	95380	110910	101210	117621	34510	85651	65490	15910	81041	101721	45090	112180	67610	88181	88970	84930	89580	90900	76671	100991	98491	88960	83090	91271	118390	105111	93321	72320	92471	45480	25490	114391	85910	78040	99310	13910	0	106870	106971	73880	111161	70760	112570	67860	110530	98120	125810	102800	25680	97370	123730	80040	72941	110310	76080	86611	102330	13160	51230	81940	106730	96301	77621	105250	86400	100461	96091	98141	68730	98310	107240	95240	92141	76651	36650	69261	63250	66070	93900	87311	106850	110981	91570	9570	100030	108341	52870	41150	114540	104361	97130	100931	90560	110871	37130	54200	89250	
80070	14890	52150	107900	59490	53190	37030	45190	141731	33170	116840	95530	27390	34050	66580	52830	41960	20930	69960	27180	45970	43060	38050	28990	34040	17930	60250	26290	57340	43980	16170	35200	27740	133490	121771	23390	22380	43920	10480	101531	107271	0	33290	36720	37870	86540	35060	138110	110562	147570	64330	48900	86650	49530	64470	54060	36620	57150	43050	27880	16170	94141	120493	28350	32650	31880	32190	59060	31580	27610	32780	18500	40320	45290	39920	11430	35560	33990	73500	40630	63380	81280	65800	21380	48840	26340	20090	116481	84330	27200	121150	90860	62510	6480	98542	29910	21250	33500	108282	58550	42260	
81150	32180	84620	104750	91060	20950	69500	13810	141641	22800	141990	104841	35500	6410	67660	20590	59760	34090	44470	49550	25300	72390	32450	7410	9070	38340	41420	18100	24470	11740	26580	49220	16120	124320	121681	15420	44290	33830	40350	101701	107181	33200	0	54990	6040	114210	67530	125030	85330	133190	31810	81370	102320	21400	32030	80670	36100	89620	67170	22120	48640	95221	138633	50910	65120	12440	40850	27640	59250	60080	12320	19920	58120	17930	72390	38730	15330	32290	89170	40110	87250	66900	40310	29980	16700	58810	49080	116391	57750	6340	140273	80660	30270	26780	75490	62380	47970	4770	126061	55480	21550	
46870	26410	51010	74700	44730	64920	35580	65790	107030	38600	87040	60240	21320	49950	33380	65520	6810	23460	64910	13330	49250	29010	31030	47380	46310	19330	53660	37660	71390	55980	31640	9290	38860	99700	87401	53780	16280	39220	28700	67421	72360	36650	54470	0	59280	60550	43490	112700	103122	128130	78810	42590	51500	54350	77160	29900	25460	55150	17180	33000	30730	60941	83723	10340	37650	42690	15280	63710	15690	30240	43310	38450	5330	52740	41940	25610	43010	26150	38350	26670	33580	62900	65720	29010	60510	40330	19970	81640	79300	52450	85363	62620	71520	37610	91102	31220	18960	57580	71762	33480	46640	
85330	37600	89370	107750	96480	21730	74250	8550	145821	27040	148410	109021	40310	10650	71840	18410	64570	39510	45960	54970	28300	77810	36690	12830	13310	43760	44420	23520	20740	13230	32000	54030	20930	127320	125861	18510	49710	36830	45100	105881	111361	37620	6090	59800	0	119630	72280	128030	86820	136190	27690	86120	107130	23230	28300	86090	40910	94370	72590	26930	53390	99401	143443	56330	69870	17330	45660	28420	64670	64830	16560	25340	62930	19760	77140	44150	19510	37100	93980	44660	92060	69900	41800	35400	17860	63560	54500	120571	59240	11190	145083	83660	31050	31530	76980	67130	53390	5300	130241	59110	24550	
80690	83350	54180	87010	35930	125100	56020	126750	103330	97580	40030	55410	80300	110130	77550	125700	58580	81640	123890	65740	108230	45710	90010	106470	106490	77150	112640	96640	132350	116160	88580	68270	97840	111100	94520	108210	71880	98200	76140	76310	69110	86190	114650	60690	120130	0	66890	128860	158860	159120	139770	47890	53850	113330	138120	33760	84440	51080	48270	91980	72260	63810	55030	62750	61640	101670	74260	123380	55190	62370	102290	95390	62710	111720	56570	78220	101990	85130	44050	85650	26630	116260	124700	87100	120690	71000	66730	78390	138970	110310	54960	95880	131190	89640	145460	60880	66520	116410	52710	87260	105620	
87391	41430	23020	115221	35400	86430	14160	79810	147882	63220	106560	99750	48960	68340	73901	87030	49070	45430	99510	35980	76430	22450	64430	63130	65680	39960	88260	57250	91630	77490	46720	49740	58700	140221	127922	58110	37890	73170	30060	107942	111870	35020	67580	42590	72490	67410	0	153221	137722	169650	98950	22710	91010	80390	98670	37190	59410	28020	37060	57620	19560	101462	112060	35450	5800	62840	49420	89790	29940	14360	63740	50210	47590	76200	11890	34660	66470	58190	77860	63310	54460	104420	96260	48090	82020	9030	26900	121150	113900	61610	112230	103291	95750	40940	125702	14220	28620	68120	105800	75000	72720	
73310	125050	159180	41980	149870	119670	146501	132480	89290	106460	125340	75760	112730	119610	83660	122880	107720	119870	90160	124810	101880	137180	101740	122150	117960	124550	86440	115570	126430	118510	122820	109830	116070	27340	50100	136480	124290	94850	135290	54120	67740	137660	124770	113640	127710	130610	153301	0	80380	32030	133510	150760	85530	107950	130590	135040	103130	161280	122320	110350	142210	70550	111080	121820	147461	116750	113640	109360	127170	140561	116440	123690	108460	111660	152131	130170	111030	106840	96500	99500	123100	61210	95090	117500	118600	151081	131450	71240	89780	127570	112720	53180	119750	133360	71590	141031	130440	129400	96980	84080	103000	
92260	100060	151050	89660	143750	70490	133480	86450	143660	78620	161720	111790	89010	82840	87660	72800	107030	96150	43970	107130	66080	129160	74840	88740	84140	100830	51250	88250	76220	74160	95740	95010	85440	99210	110500	100190	102370	67950	111160	98150	110240	110580	85370	102890	86880	159400	138120	80380	0	65820	77410	142740	121560	67160	75320	130640	78980	154280	118220	83270	119720	102170	147460	107940	132280	84590	91450	59200	113590	124550	84280	96570	106020	73020	139550	106450	78950	80890	120230	78380	132430	47800	46720	93330	70510	130350	111490	118370	29270	91110	149100	70860	67530	105870	15400	127810	110010	89780	133010	72400	70510	
98560	134640	176810	72460	170790	124610	161120	139090	121330	115830	155820	106240	122320	128250	104580	126920	128640	129460	93610	135770	111250	154810	111110	130790	126600	134140	95810	124940	130340	126540	132190	120100	125440	59380	82140	145120	134560	104220	144880	84600	98220	147030	133410	127900	136350	161270	169030	32040	65590	0	136900	168390	116010	117200	134060	155960	112720	180950	143240	119720	153030	101030	141560	135580	163190	125710	123910	113320	141230	155780	125400	133060	128150	120620	167480	139760	120400	116430	126980	109090	153580	70580	97900	127090	124630	163660	144350	102450	88080	136210	143200	71420	123370	142320	69890	156760	142530	138040	127460	94350	112370	
97100	61100	114940	115610	119070	19660	99820	23290	162551	43640	168573	123330	59570	32700	88240	14460	83830	62100	44920	77560	37210	100400	52270	37420	34960	66350	46860	44410	8150	23470	55350	73290	41570	135180	138290	45060	72150	48430	70670	118310	127550	63520	30850	79060	27650	140100	97850	133360	77330	137140	0	111490	126390	29810	6550	107620	57700	119940	94920	45810	78960	113710	160474	78920	95440	38250	64920	23740	87260	89650	37330	49930	82190	28860	102710	67510	36030	56360	113240	60460	111320	74400	39990	56910	19230	89130	77460	136760	51710	36930	162114	90640	15370	57100	69470	92700	75980	31890	146430	70710	36390	
84750	52870	9600	112580	13720	97650	13940	94630	136920	73060	86990	88820	56440	80540	71260	98250	43710	53540	104470	40280	86270	14370	70590	75590	76900	47440	93220	68470	103530	88710	58260	49970	69920	137580	125281	72990	45050	78780	43090	105301	102250	49900	82290	41320	87310	47840	22650	150580	142682	168810	111540	0	81390	90270	109890	24740	65020	14030	30430	67460	33860	96950	99370	39090	20180	74060	54980	99630	30630	23250	74960	64500	46320	87200	12330	45940	77470	65670	67160	66520	42440	103580	105280	56940	93240	29940	34380	111530	118860	76430	99300	100650	106970	55760	130662	21420	35580	82940	93780	74160	82560	
36590	76350	89690	42910	74050	111320	79680	113790	59230	83480	62260	12890	69630	97950	47710	112480	46900	73400	99600	63400	92630	69370	74410	95380	94310	69270	93720	85660	119380	102940	81580	56980	86860	67000	50420	104990	66220	81730	78640	32210	25010	86590	102470	52350	107280	54450	91040	84760	121160	115020	126810	81270	0	97780	125150	58510	68890	88820	54550	81000	80800	19710	48210	60410	85200	90690	64470	107140	64870	80151	91310	88390	47450	98070	85710	75550	89970	71720	15320	66790	41920	76700	104520	77750	107190	90400	70040	34290	110660	102170	49850	51780	114950	87550	107760	80480	69030	105580	34110	61520	90070	
68670	40430	96010	88450	95460	14180	79470	24770	133640	17370	140320	94130	36830	18170	59810	16220	59370	39380	26130	56350	7940	79730	24150	23580	18980	45350	22010	24660	22430	10800	35630	46720	21850	108020	111130	36080	49410	20000	51530	89970	99120	49630	21260	54600	23290	113830	80660	107450	67170	116890	29850	90820	97930	0	27000	82350	29810	101010	69930	22980	61390	84510	132160	57710	76510	21000	41700	10260	65300	69760	20070	32980	57730	7070	83780	46840	14700	29530	84780	32340	86860	49200	21970	34170	10890	71940	56790	108330	39590	27000	133800	64360	17810	43360	57150	73040	55310	25670	118000	42280	8010	
95050	59450	114250	113060	117420	17520	98490	23770	160020	41990	166923	121280	57920	31050	86190	12480	82180	60450	42370	75910	34470	98750	50530	37420	33310	64700	44310	42760	7440	21820	53700	71640	39920	132630	135740	45540	70500	46380	70130	115760	125500	64000	31330	77410	28130	138450	98330	130550	75390	134180	6610	109840	124740	26990	0	105970	56050	119250	93270	44160	79440	111660	158540	77270	94750	36600	63270	21190	85610	88000	35680	50410	80540	27470	102020	65860	34380	54710	111590	58720	109670	71850	37440	55260	17840	89610	75810	134710	49160	37410	160180	87780	12820	57580	66920	91280	74330	32370	144380	68660	34390	
69420	51010	33170	97250	17520	92760	25800	93630	113680	66440	72920	66050	49150	77790	55930	93360	28670	49300	92240	33400	76580	15490	58360	74130	74150	44810	80990	65500	99230	83820	56240	38360	66700	121450	104870	75870	39540	66550	43800	86660	79460	53850	81140	30780	86620	33770	37260	135250	130452	156450	106650	24750	58600	81680	105000	0	52790	32070	16070	60840	42040	74160	77270	30410	31420	70530	43120	91040	22850	32150	71150	63050	32800	80580	31310	45880	70850	53990	44390	54290	19670	91680	93050	54760	88350	40780	34390	88740	106630	77050	77440	85320	98850	57300	118432	30660	34180	82900	71010	62550	73970	
46880	22480	72360	72180	65870	42980	55410	47020	107371	15140	109570	70571	10250	31180	33400	44140	29780	17390	40650	28370	24340	51280	6120	28610	27540	22070	29400	18890	50010	34600	20940	17130	20090	97180	87411	42010	23610	14310	32810	67441	72911	36370	35700	25010	40510	84240	59360	102910	78862	112520	57430	64860	68340	29440	55780	52760	0	76000	40340	14230	40960	60951	101793	29730	53520	23920	12690	38800	35710	45790	24540	25760	28140	29730	60790	27690	21630	4270	55190	4860	57270	47290	40810	14930	38850	51590	32730	82131	55040	35960	103433	55020	46610	31980	66842	49050	31250	38810	89832	22770	21730	
94790	61980	6590	122620	18410	106970	24200	102920	144280	83540	90830	96120	66920	89860	81300	107570	53750	64020	114960	51880	96750	27260	81080	84590	86220	57920	103710	77790	112850	98030	67260	62720	79240	147620	135020	81280	55850	89270	51940	115341	109610	58190	90690	54070	95600	50860	28580	160620	153802	181560	120860	14070	88750	100750	119210	32040	75510	0	40470	77940	42150	104310	104060	51260	26640	83380	65840	110110	43280	32970	84280	73320	57880	96740	17470	56120	87010	76150	74460	77010	49740	116330	115770	67420	102560	35120	44860	118890	129350	84720	103990	110690	116290	64050	141152	30800	46580	91230	101080	86910	93040	
56500	37330	38830	84330	30800	80500	26890	80470	109550	54180	75300	63210	36890	64680	43010	81100	15750	36390	79980	19720	64320	16830	46100	60450	61040	31130	68730	52610	86970	71560	42560	25440	54060	109330	97031	64700	25860	54290	32660	77051	75330	42710	67460	16830	72940	48440	37030	122330	118192	143530	94390	30410	54470	69420	92740	15960	40530	40930	0	48580	32640	70030	79440	16730	31190	58200	30860	78780	12280	26210	58890	49370	19880	68320	33170	33630	58590	41730	41320	42030	21840	78760	80790	41080	76090	37840	23250	84610	94370	63370	79610	72400	86590	46160	106172	26470	23000	69220	73180	49630	61710	
60420	17620	73350	85760	75180	31970	56660	33330	120911	5650	119230	84111	14020	17490	46930	32570	38280	16570	42850	33540	18860	56920	12140	14920	13850	22540	32720	5350	38440	23030	13300	27740	6400	110760	100951	28470	26600	16390	28720	80971	86451	27440	22010	33510	26820	92740	57850	110580	83032	120040	45860	68010	80840	22860	44210	62070	14620	78350	49370	0	38580	74491	114843	34900	53850	10230	19370	32220	43620	47040	10850	13470	36640	19790	61120	24030	10060	10810	67690	18630	65770	53750	38690	11360	27560	49130	33980	95661	57220	22420	116483	67510	40030	22730	71012	50300	32500	25120	102632	36360	15150	
76000	22410	36540	103830	43880	67400	21420	60870	136491	44200	106470	89370	30880	49400	62510	68000	35940	26260	81400	21570	57410	27700	46350	44190	46650	21860	70180	38220	72690	58460	27690	35120	39670	128830	116531	39170	21730	54370	10890	96551	101490	16080	48640	29460	53550	72320	19390	141830	119642	152960	80010	33290	80630	61360	79640	42100	41330	41540	32680	38600	0	90071	110610	21040	17040	43810	33260	70770	21210	12000	44710	31270	34460	57170	24310	15490	47440	40110	67480	45230	53010	87730	77240	29070	62990	10670	11080	110770	95770	42670	110780	91750	76720	22000	107622	14300	13510	49180	100892	60710	53700	
17650	82531	105620	28160	89780	99290	94841	106061	47080	74091	59890	10310	69481	90161	33530	100560	56060	76621	80890	73520	77960	85300	65111	89431	86931	77400	75010	79711	106770	92700	81761	60760	80911	52250	37490	102831	74350	66420	87750	17460	12860	94720	95411	62350	99601	65160	101641	70010	102450	100270	114190	97200	20080	84930	112110	74440	61381	104710	70480	75051	90920	0	45630	70530	95801	84741	66061	92810	75880	88901	84531	86581	57170	85870	100471	83680	80581	65091	31050	57701	57650	57990	85820	75751	95230	99421	80160	22140	91950	96781	47270	33070	102920	92801	89050	89371	79150	99311	31530	42580	77630	
63300	109840	105760	69620	87510	145000	100490	150281	85940	117310	23370	35990	103060	134010	79180	146270	78630	106890	126310	95680	123670	90180	107840	131440	130370	101550	120430	119490	152480	137771	115070	90130	120690	93710	77130	138910	98500	112070	110480	58920	51720	120260	139631	84630	143821	55370	111950	111470	147870	141730	159900	99470	48770	131460	157820	76990	102320	104130	79390	114830	110460	46420	0	92690	106110	126580	97500	139340	90100	104550	127200	122060	79730	132400	106000	109040	124690	105150	48120	100320	60060	103410	131240	111280	140940	115470	101070	61000	137370	137580	2790	78490	148630	121500	134470	104810	100820	143380	15510	88230	123340	
55530	20960	45660	83360	43090	65420	28710	64100	116021	40440	90550	68900	21950	48310	42040	66020	15470	20020	69260	3250	53600	25450	35380	44080	44670	14760	58010	36240	71300	56480	26190	15890	37690	108360	96061	48330	9490	43570	19340	76081	81020	28340	51090	8990	56570	62740	35270	121360	107472	135800	79310	39030	60160	57650	77660	30260	29810	50660	16760	34840	21060	69601	92383	0	29430	41830	17590	67010	9220	21700	42730	33000	13990	54580	34850	17260	44850	29520	47010	31310	37090	70570	70070	24710	61010	30930	10300	90300	83650	47000	94023	71280	74740	31920	95452	23880	9290	52850	80422	41150	49940	
81591	37430	21650	109421	31400	82420	8360	78370	142082	59220	100760	93950	43160	65310	68101	83020	43270	40260	93710	30180	72430	16650	58630	60050	61670	34160	82460	53240	88300	73480	42710	43940	54690	134421	122122	56730	32090	67370	27390	102142	106070	33640	66140	36790	71050	61610	5840	147421	131922	163850	96310	20240	85210	76380	94660	31390	53610	26650	31260	53620	17600	95662	106260	29650	0	58830	43620	85790	24140	8560	59730	48770	41790	72190	9420	31570	62460	52390	72060	57510	48660	98620	92260	43660	78010	10890	21100	115350	108100	60170	106430	97491	91740	39500	119902	8420	22820	66680	100000	69200	68720	
70030	23480	78280	94320	81450	24790	62520	24120	130521	12060	128600	93721	23390	8280	56540	25390	47650	24480	43190	39940	19200	62780	21710	5320	4640	28730	34290	6790	31260	15850	17730	37110	4010	117020	110561	21270	34680	23310	34160	90581	96061	31880	12410	42880	17610	102110	62990	116450	84602	125890	38680	73870	90210	21160	37030	71060	23990	83280	57560	10010	43810	84101	126523	41300	58780	0	28740	30250	49640	52030	2020	15080	46010	15780	66050	29890	7190	20180	77060	28000	75140	59600	39030	20320	20380	54270	39840	105271	57560	13580	128163	73360	34110	25460	72582	55310	38360	15520	114312	44920	14760	
51850	18110	61450	79100	57290	51110	44500	51980	112341	24790	101410	72980	6450	36140	38360	51710	20460	12200	53070	16090	36760	42400	18540	33570	32500	14590	41820	23850	57580	42170	19120	9920	25050	104100	92381	43630	12870	26730	25330	72401	77881	32040	40660	15690	45470	74920	49400	113480	91282	123090	65000	54910	64240	41330	63350	44180	12970	66450	31550	19190	33350	65921	97373	17450	43560	28880	0	50690	26170	35830	29500	26640	18820	38930	50640	21160	29200	12340	51090	15840	47950	57860	53230	14570	46700	43470	22660	87091	67460	38990	99013	62370	58500	29110	79262	39090	20840	43770	85412	29700	33620	
76470	49340	105070	91870	104320	11430	88380	27390	139730	26230	149593	101930	45740	25360	67610	13740	68230	48290	21180	65260	14990	88640	33010	31260	26660	54260	23120	34260	17160	16680	45020	55580	31450	111440	114550	42550	58320	27800	60440	94570	106660	58830	27730	63460	28380	123690	89570	109360	59260	113320	23860	99730	106790	10300	21230	91210	38670	110070	78790	31890	70300	92310	139960	66620	85570	29950	50560	0	74160	78760	29030	42580	66590	16160	92840	55750	24300	38390	93640	41200	95720	50660	16550	43080	11450	80850	65700	114790	31680	33470	141600	66590	10390	52410	50740	82020	64220	32140	125800	50080	17200	
61040	29590	38230	88870	35580	74050	21060	72730	120380	49220	86100	73590	30870	56940	47550	74650	20980	28940	75020	12270	59360	17440	41140	52710	53300	23680	63770	44870	79930	65110	34820	21650	46320	113870	101571	53280	18410	49330	21210	81591	85710	31260	59720	14500	65200	55230	29960	126870	113232	141560	87940	30630	64850	64460	86290	22750	35570	43230	12310	43620	21190	75111	90240	9280	24120	50460	25900	73820	0	17650	51360	41630	19500	63360	27420	23290	53630	36770	51700	37070	32640	76330	75830	33340	69640	28600	11800	94990	89410	55380	90410	76790	81630	34710	101212	18630	11590	61480	83980	46910	56750	
74381	30650	27930	102211	33850	75640	11580	72360	134872	52050	100600	88721	35430	58530	60891	76240	36060	32530	85980	22450	65260	17680	50900	53260	54890	26430	74730	46460	81520	66700	35930	36710	47910	127211	114912	51090	24360	59640	20740	94932	100412	28000	59960	29580	65040	62350	14350	140211	124192	156640	89530	23260	79981	69260	87880	32130	45880	32930	26260	46450	12390	88452	104740	21920	8510	52050	35890	78620	18250	0	52950	42170	34580	65410	15700	24790	55680	44660	66831	49780	47140	91410	85090	35930	71230	12490	13370	109622	100370	54160	104910	90281	84960	33490	112172	3280	15090	60670	98480	61990	61550	
70510	24650	79450	93990	82620	23670	63690	23050	131001	11730	129410	94201	24200	7210	57020	24270	48460	25650	42520	41110	18660	63950	21380	6560	3570	29900	33960	7960	30140	14730	18900	37920	5180	116690	111041	22510	35850	22980	35330	91061	96541	33050	12320	43690	16540	102920	64160	116120	84272	125560	37560	75040	91020	20090	35910	72230	24800	84450	58730	10820	44980	84581	127333	42470	59950	1630	29550	29130	50810	53200	0	16250	46820	14290	67220	31060	6090	20990	77870	28810	75950	59270	38360	21330	19260	55440	41010	105751	56890	14010	128973	73030	32990	26630	72252	56480	39530	15950	115122	44590	14160	
72080	12940	67330	97370	73020	38920	52210	32970	132571	19030	122920	95771	21600	19440	58590	38700	43610	16680	55070	31510	31080	54350	24930	13210	18230	20300	46110	9800	43620	29820	7760	35910	11250	122910	112611	19540	26250	29780	23060	92631	98111	18500	19870	38840	25350	95110	50240	123970	96422	133430	50960	64080	88300	33040	50340	62630	26040	72330	49130	13740	31350	86151	122143	32870	47830	15390	26400	42630	41210	42230	16290	0	41970	28800	55100	20260	19070	22230	75150	30050	69460	67140	50910	13570	34510	41520	31010	107321	69440	14880	123783	80280	48240	12080	84402	45090	29930	21520	109932	47970	26640	
42450	30090	54940	70280	47340	68600	39510	69470	102860	42280	87652	56070	25000	53630	28960	69200	4270	27140	68590	17260	52930	32940	34710	51060	49990	23010	57340	41340	75070	59660	35320	12970	42540	95280	82981	57460	19960	42900	32380	63001	68190	40330	58150	6090	62960	63160	47420	108280	105950	128580	82490	46520	47330	58030	80840	32510	29140	58240	19790	36680	34660	56521	79553	14270	41580	46370	18960	67390	19620	34170	46990	42130	0	56420	45870	29290	46690	29830	34180	29220	36190	63350	69400	32690	64190	44260	23900	77470	82980	56130	81193	58200	75200	41290	92550	35150	22890	61260	67592	34350	50320	
69780	37170	91970	92030	94790	14890	76210	21360	134691	16640	138840	95240	33630	13170	60710	15720	57890	36180	31720	53150	10730	76470	24300	18040	13420	42150	26390	20450	21930	7220	31420	46870	17640	111600	113020	31870	46210	21110	47850	91080	100230	45570	17680	53120	19710	112350	76680	111030	73130	120470	29350	87560	98080	7120	28060	81680	29960	96970	68980	19870	57500	85620	132784	54510	72470	15260	38980	16170	63230	65720	14160	28770	56250	0	79740	43580	9690	29680	84930	32490	85380	53580	27560	30970	10090	67960	53530	109440	45550	22960	134424	67940	22100	39150	62740	69000	52050	22090	119110	43390	9120	
86231	44710	12420	114061	25030	89700	8350	85650	144300	66500	96780	94440	50440	72590	72741	90300	46480	47540	100990	36030	79710	17140	65910	67320	68950	41440	89740	60520	95580	80760	49990	47920	61970	139061	126762	64010	39370	74650	34670	106782	106560	40920	73420	40770	78330	57630	11840	152061	139202	167830	103590	12340	85700	83660	101940	31450	60890	17420	33200	60900	24880	100302	106320	35370	9370	66110	50730	93070	27430	15700	67010	56050	45770	79470	0	38850	69740	59670	72550	63340	48720	102600	99540	50940	85290	19130	28380	115840	115380	67450	106490	102131	99020	46780	127182	13530	30100	73960	100060	73180	76000	
68930	8150	51170	96760	54980	53880	34820	51940	129421	29560	107220	84210	17640	36770	55440	54480	30780	11180	66760	15810	42770	36310	32240	32140	33130	6910	56060	24700	59760	44940	14020	24060	26150	121760	109461	33170	11010	39730	5530	89481	94961	11400	38840	25350	44320	78130	34740	129910	106202	139520	67770	46240	75470	46770	66120	45650	27890	56170	33430	23960	15390	83001	109064	17170	31670	30290	21140	56130	23170	24990	31190	20260	29140	43700	38940	0	33970	26000	62320	31790	53760	74290	62600	14140	49470	26020	12840	104171	81130	33950	110704	82020	63200	14710	94182	28270	11890	40590	95732	49550	39060	
66250	27470	82270	89980	85090	22360	66510	25930	126741	8000	129140	89941	23930	10030	52760	22960	48190	26480	37020	43450	13160	66770	17650	12060	7270	32450	28570	10750	28830	13420	21720	37650	7940	111300	106781	26590	36510	18970	38150	86801	92281	35870	15280	43420	19470	102650	66980	110710	78882	120170	36250	77860	90180	14590	34600	71980	22060	87270	59280	10170	47800	80321	124834	44810	62770	7090	29280	24180	53530	56020	6030	19070	46550	9730	70040	33880	0	20720	77030	25580	75680	53880	32860	21270	17950	58260	43830	101491	51390	17680	126474	67640	31530	29450	66862	59300	42350	19620	111161	40580	8660	
50630	20240	71520	75920	68110	42550	54570	43510	111121	14150	112280	74321	9410	27670	37140	43150	31330	15830	42530	28100	25260	53470	6510	25100	24030	21230	31280	15380	49020	33610	18700	19370	16580	100920	91161	38500	22770	16190	31340	71181	76661	34130	32190	26560	37000	85790	58520	106720	80742	116330	56440	65920	71590	29260	54790	55000	4590	76520	42420	10720	40120	64701	105043	29460	52680	20410	12420	38620	37820	44950	21030	22250	29690	29550	59950	26130	20640	0	58440	8600	58820	50970	42690	12690	38140	50750	31890	85871	56920	32450	106683	58830	46430	29740	68722	48210	30410	35300	93082	26520	21550	
48070	63340	75100	54390	59220	98310	66670	100780	70710	70470	55240	24370	56620	84940	34700	99470	33890	60390	92550	50390	79620	56360	61400	82370	81300	56260	81300	72650	106380	89930	68570	43970	73850	78480	61900	90710	53210	68720	65630	43690	36490	73580	89460	39340	94270	44780	78030	96240	120150	126500	113800	66680	15740	84770	112140	43920	55880	74150	41540	67990	67790	31190	47981	47400	72190	77680	51460	94130	51860	67141	78300	75380	34440	85060	72700	62540	76960	58710	0	53780	27090	77550	94540	64740	94180	77390	57030	45770	106940	89160	49621	63260	101940	74540	106750	67470	56020	92570	35860	48550	77060	
42900	26760	73800	67590	66900	45680	56630	51020	103571	18460	108020	66771	14440	35120	29590	46880	30610	21580	40030	30460	26520	52310	8410	32890	31820	26260	28780	23170	53090	38510	25220	18160	24370	92590	83611	46290	27800	15530	37000	63631	69111	40650	39980	26040	44560	85270	63550	99720	78242	109330	60510	65890	66790	32140	58500	53790	4840	77030	41370	18510	45150	57151	100243	31090	57710	28200	16580	41370	36740	49980	28820	30040	29170	32430	62990	31880	25540	8550	53640	0	58300	44100	42020	19210	41550	55780	36920	78321	54420	40240	101883	50860	49310	36260	66222	52270	35440	43090	87991	18190	24430	
67490	57520	50540	80490	34030	97390	42860	98260	96810	71070	55920	48890	53790	82420	51040	97990	32070	55930	97380	39910	81720	32550	63500	79850	78780	51320	86130	70130	103860	88450	62750	41760	71330	104580	88000	84890	46050	71690	52850	69790	62590	62900	86940	34180	91750	27090	54320	122340	132350	152600	111280	42120	42010	86820	109630	19360	57930	49590	21760	65470	52830	57290	60060	36920	48480	75160	47750	96180	32470	46920	75780	69560	36200	85210	48370	53820	75480	58620	27230	59140	0	89750	98190	61270	92980	57840	43440	71870	111770	83560	60230	83260	103990	66350	118950	47180	43190	89410	53800	60750	79110	
49190	69260	111790	48920	106070	61020	96100	73830	98510	49550	116570	66990	56940	61970	44590	64230	63950	64080	31510	70750	44210	89790	44830	64510	60320	68760	27790	58660	67780	59860	65910	55080	59160	65760	70810	78840	69540	37940	79500	53350	65440	80750	67130	62880	70070	116330	104010	61290	47620	70750	74570	103370	76760	49300	71940	91240	47340	115930	78520	53440	87650	57370	102310	70560	98170	59430	58760	50710	76210	90760	59120	66780	63130	53620	102460	74380	54120	50880	77160	43710	89360	0	36430	61710	59950	98280	79330	73570	39920	69930	103950	26250	61100	76040	34220	91740	77510	71760	88210	29330	46090	
72160	55690	111420	78480	106360	27880	94730	41810	126340	32580	144400	94820	50740	37940	65690	30190	70270	54640	5170	68860	19890	91770	36570	42930	38240	60610	13470	42060	33610	29260	51370	57620	39250	98050	101160	55290	64100	29340	66790	81180	93270	65420	40470	65500	41980	124730	95920	95030	46570	97910	40110	105350	104590	21960	37480	93250	40710	116420	80830	38240	76650	85200	130140	70220	91920	38400	53180	16590	76200	85110	38090	50380	68630	27470	99190	62100	32760	42620	94390	42290	97760	36330	0	49430	27400	87200	72050	101400	18990	46210	131780	54390	26640	60710	35900	88370	70570	44880	116040	46050	24320	
61280	7860	63030	86570	65010	43120	46080	42900	121771	16800	114910	84971	8610	27110	47790	43720	34170	6440	54000	23500	30010	46340	18850	22880	23470	12290	43300	15040	49590	34180	6050	24160	16490	111570	101811	30560	17360	26970	18960	81831	87311	21440	29970	29400	35450	87100	48090	117370	93082	126980	57010	57430	77600	34010	55360	54620	15240	68030	41120	11200	28820	75351	111303	24860	44090	20630	14650	43370	33200	36460	21440	13570	32530	30940	51360	14270	21210	12610	64450	19250	61450	61750	49840	0	38710	39370	23400	96521	68370	26230	112943	69480	51180	17050	81062	39720	21920	32080	99092	37170	26300	
78170	42810	97610	99080	100780	4800	81850	16990	143140	25350	149913	104400	41280	15400	69310	5630	65540	43810	31490	59270	18280	82110	33330	21270	16670	48060	32640	26120	11840	5770	37060	55000	23280	118650	121410	31600	53860	29500	53490	99470	108620	48790	16780	60770	17790	121810	82320	118530	70610	124520	19260	93200	107110	10880	17970	89330	38990	102610	76630	27520	63140	94780	141660	60630	78110	19960	46630	11490	68970	71360	19040	34410	63900	9630	85380	49220	17740	38070	93960	41520	93030	59830	27330	38620	0	73600	59170	117830	43030	22520	143300	74990	14120	42370	62090	74640	57690	21190	127500	51780	17460	
85181	32710	29930	113011	41040	77710	18580	71090	145672	54500	110040	99400	41330	59620	71691	78310	45970	36710	91700	31600	67710	25930	56800	54410	56960	32310	80630	48530	82910	68770	38000	45150	49980	138011	125712	49390	31760	64670	21340	105732	111212	26300	58860	39490	63770	70890	8900	151011	130092	163410	90230	29840	90660	71670	89950	40670	51780	34930	37970	48900	10840	99252	115540	31070	10900	54120	43290	81070	29010	12540	55020	41490	44490	67480	19020	25940	57750	50560	77510	55680	57940	98180	87540	39370	73300	0	21110	120422	106070	52890	115710	101081	87030	32220	118072	14460	23540	59400	109280	70740	64000	
65340	19380	39920	93170	42550	63840	22970	62250	125831	39250	97020	78710	22630	46730	51850	64440	25280	19730	73180	10910	52460	23880	38100	42450	43090	13630	61930	34660	69720	54900	24610	24530	36110	118170	105871	42020	11140	46840	9950	85891	90830	20000	49150	18800	54630	66720	26920	131170	111392	144710	77730	34390	69970	56460	76080	34240	33080	44920	23230	33650	11240	79411	101160	10380	21080	40250	22670	65820	11760	13350	41150	31360	23800	53390	28350	12800	43660	31860	56820	36980	43560	79480	72290	23130	59430	21210	0	100110	87570	44120	101330	81090	73160	23450	99372	16610	2920	50630	90232	50120	48750	
38580	103401	119730	34250	103890	120220	109720	126931	25620	94961	74000	24420	90351	111031	54400	121490	76930	97491	97210	93440	98890	99410	85981	110301	107801	98270	91330	100581	127700	114421	102631	81630	101781	45310	24000	123701	95220	87350	108620	22150	9730	116180	116281	82390	120471	79270	121080	71410	118770	102470	135120	111310	34190	106680	133040	88550	82251	118820	84590	95921	110840	22030	59740	90450	115240	105611	86931	114290	94910	109771	105401	107451	77490	107620	115750	104550	101451	85961	45160	78571	71760	74310	102140	96621	116160	120291	100080	0	108270	117651	61380	49390	123850	113671	105370	110241	99070	120181	45640	63510	98560	
81100	74300	126520	84640	119620	42910	109350	58870	132500	51190	150560	100980	64880	55260	76500	45220	83530	72020	15850	83000	38500	105030	50710	61160	56560	76700	26210	60670	48640	46580	69980	70880	57860	101050	107320	72610	78240	43820	85400	87340	99430	84030	57790	78760	59300	138990	113990	89780	29270	88050	51620	118610	110750	39580	48990	106510	54850	129750	94090	56850	95260	91360	136300	83810	108150	57010	67320	31620	89460	100420	56700	68990	81890	45440	115420	80710	51370	56760	106350	54250	111020	40000	19140	68040	42930	105810	87360	107560	0	63530	137940	60550	39950	79320	20750	103680	85880	62200	122200	58010	42930	
82160	27670	78700	106920	85850	26620	63580	19140	142651	24660	137840	105851	33010	10950	68670	26260	57500	29940	50140	45400	28440	67180	34310	8710	10940	34190	44560	17150	30480	17410	22430	48560	17270	127330	122691	9400	40140	35910	34430	102711	108191	27280	6270	52730	11820	110060	61610	128040	91000	136200	37820	75450	102000	27070	37900	76520	36120	83700	63020	22330	42720	96231	137433	46760	59200	13590	39050	33310	55100	54160	14180	14810	55860	23160	66470	33920	17900	32310	88850	40130	83350	69910	45980	26210	22370	52890	44040	117401	63420	0	139073	83670	35940	20860	81160	56460	43820	6940	125222	57520	24580	
64800	111350	105670	71120	87420	146500	100610	151791	87440	118820	23280	37490	104570	135520	80680	147770	80130	108400	127810	97190	125170	90300	109350	132950	131880	103060	121930	121000	153980	139281	116580	91640	122200	95210	78630	140420	100010	113570	110600	60420	53220	120660	141141	86140	145331	55280	112070	112970	149370	143230	161400	99380	50280	132960	159320	77110	103830	104040	79510	116340	110580	47920	2840	94200	106230	128090	99010	140840	90220	104670	128710	123570	81240	133900	106120	110550	126200	106660	49630	101830	60180	104910	132730	112790	142440	115590	101190	62500	138870	139090	0	79990	150130	123010	135970	104930	100940	144890	16530	89730	124840	
27510	77250	109180	24350	99870	76980	96501	88400	73730	62640	91790	42210	64930	75060	33660	79990	57710	72070	49630	74220	58060	87180	56060	77600	73410	75660	43750	71750	83740	74260	75710	58550	72250	45680	48550	91930	73010	51030	86400	28570	40660	91140	80220	63640	83160	97060	103301	53190	70820	71660	91430	100760	51980	64010	87900	85040	55330	111280	72320	66530	92210	32590	77530	71820	97461	72520	62360	66670	77170	90561	72210	79870	58460	67430	102131	82230	67210	59040	62950	50910	83160	26250	54560	69700	74660	101081	81450	48790	60690	83020	79170	0	77060	86750	57420	91031	80440	84850	63430	32800	59180	
85770	56500	111300	102220	112560	12750	95540	30010	150080	34470	157833	112000	53930	29050	76910	15060	76470	56480	31530	72960	24920	95800	41250	34960	30360	61750	33470	39810	16980	19460	50750	63820	36970	121790	124900	45170	66510	37100	67180	104920	116220	62360	30350	71700	31000	131930	96010	119710	67580	123370	15450	106890	115030	17710	12820	99450	46910	116300	87030	40080	76830	102380	149260	74320	91800	33650	58800	10350	82400	85050	32730	48100	74830	22060	99070	62910	31370	46630	101880	49440	103960	61010	26600	51270	14070	87290	72860	125140	40000	36090	150900	76940	0	55940	59060	88330	71380	34760	135100	59380	25110	
78340	11790	58060	103630	65210	46770	42940	39100	138831	28470	120150	96790	24150	27630	64850	46410	42850	17690	65260	30470	41270	46540	33350	22570	27620	19540	55550	20190	50920	37560	11470	36090	21640	129170	118871	18800	25490	39220	13790	98891	104371	6480	26870	38080	31780	89850	40970	133430	105862	142870	58240	54810	87540	43430	58050	57370	32300	63060	46360	23180	22080	92411	121753	31830	38560	25780	28950	52640	34890	33520	26680	12080	41210	39190	45830	14720	29460	29670	74390	36310	66690	76580	61100	17060	42420	32250	23400	113581	79630	20900	123393	86540	56090	0	93842	35820	24560	27410	109542	54230	37030	
78760	87990	138690	76160	131790	62160	121520	77290	129810	66550	147870	98290	77050	73420	74160	64470	93520	84190	31810	95170	55370	117200	62880	77650	73460	88870	39180	76230	67890	64740	83670	83050	73420	85710	96950	90770	90410	55990	99090	84650	96740	98510	75950	90930	77460	145900	126160	72100	15400	70370	69670	130780	108060	57440	67040	118680	67020	141920	106260	71200	107760	88670	133610	95980	120320	72570	79490	50870	101630	112590	72260	84540	92700	62950	127590	94400	67260	68930	106730	66420	118930	34300	36100	81370	62180	118390	99530	104870	20940	81690	135250	57360	59200	93800	0	115850	98050	80360	119510	58900	59130	
74771	33930	25760	102601	32020	78920	9750	75640	135262	55180	100010	89120	38560	61810	61281	79520	36450	35660	89110	25160	68390	16010	54030	56540	58170	29560	77860	49740	84800	69980	39210	37120	51190	127601	115302	54000	27490	62770	24020	95322	100802	30910	63240	29970	68320	60860	14230	140601	127322	157030	92810	21430	80371	72390	91160	30640	49010	30760	26430	49580	14870	88842	104910	23910	8390	55330	39020	81750	18640	3280	56230	45450	34970	68690	13530	28060	58960	47790	67221	52540	47310	91800	88220	39060	74510	14400	16500	110012	103500	57440	105080	90671	88240	36770	115302	0	18220	63950	98650	62380	64680	
64150	17990	41560	91980	43090	62450	24610	61130	124641	37860	96540	77520	21240	45340	50660	63050	24090	18340	71790	9720	51070	24420	36710	41110	41700	12240	60540	33270	68330	53510	23220	22850	34720	116980	104681	43730	9460	45450	11740	84701	89640	21560	48120	17610	53600	66240	28560	129980	110002	143090	76340	35510	68780	55070	74690	33760	31690	46560	22750	32260	13710	78221	100680	9190	22720	38860	20990	64430	11280	14990	39760	30030	22610	52000	29990	11690	42270	30470	55630	35590	43080	77860	70900	21740	58040	23680	2870	98920	86180	44030	100850	79900	71770	25160	97982	18250	0	49880	89042	48440	47360	
85260	33610	84120	108740	91270	25360	69000	12790	145751	26480	143830	108951	38650	11070	71770	22890	62910	35840	48880	51300	29960	72600	36130	10560	12760	40090	46080	21250	24980	16150	28330	52370	19270	128980	125791	13260	46040	37730	39850	105811	111291	32370	4800	58140	5300	115910	67030	129690	89740	137850	31930	80870	105470	25810	32540	82420	39250	89120	68920	25270	48140	99331	141783	52660	64620	15590	44000	32050	60950	59580	16000	20750	61270	22340	71890	39860	19720	35440	92320	43260	89250	71560	44720	32110	21110	58310	49460	120501	62160	5940	143423	85320	34680	26280	79900	61880	49720	0	129572	59340	26210	
48550	96420	101920	54870	85260	130190	94240	136961	71190	104991	33540	21240	90850	121061	64430	131460	66410	93470	111560	83470	108860	83930	95630	119230	117831	89340	105680	107280	137670	124420	102860	77920	108480	78960	62380	126700	86290	97320	98710	44170	36970	108050	126311	72420	130501	53130	105700	96720	133120	126980	145090	93500	34020	116650	143010	70740	90110	100970	73140	102620	100870	31670	15520	80480	99860	114370	85290	124530	83850	98300	114990	109850	67520	117590	99750	95620	111481	92940	35860	88110	53810	88660	116480	98970	126130	109220	90110	46250	122620	125370	16610	63740	133820	109290	119720	98560	89100	130211	0	73480	108530	
26470	44680	82530	49480	77030	55960	66840	64330	88730	33890	101510	51930	32360	50130	19710	57230	35210	39500	44140	41490	35450	60530	24820	49880	46890	42930	32890	41090	63440	50190	43140	25820	42290	74480	67750	64210	40280	23910	53670	47770	54270	58570	55380	33620	59090	87580	74750	84670	72100	94730	70860	74110	61560	42420	68780	62200	22760	86670	49480	36430	60760	42310	87250	41300	68910	44800	29630	50300	46950	61500	44490	47960	34380	43360	73200	49500	40550	26470	48410	18180	60610	29500	46130	37130	51900	70880	50070	63480	58530	57330	88890	32750	59590	54180	58700	62480	48250	59270	73150	0	35130	
61650	33480	89210	83900	88460	21250	72520	29420	123970	10370	132460	87110	29880	16210	52790	22450	52370	32430	28590	49400	4600	72780	17150	19250	14560	38400	20580	18760	28660	15280	29160	39720	15950	103470	102930	33080	42460	12980	44580	82950	89450	43210	21190	47600	24130	106830	73710	102880	70540	112340	36080	83870	90930	7710	34070	75350	22810	94210	62930	16030	54440	77490	122490	50760	69710	15100	34700	17070	58300	62900	14310	27080	50730	8400	76980	39890	8920	22530	77780	25340	79860	46050	24430	27220	17120	64990	49840	98660	42960	24170	124130	59810	24880	37460	58872	66160	48360	25820	108330	35260	0	

0	                                            Scalby	0	0	32400	0

1	                                          Barnsley	382	12447	27047	764
2	                                         Mansfield	250	8273	20522	500
3	                                            Watton	723	9038	20275	1446
4	                                          Boughton	345	6964	11171	690
5	                                           Baildon	816	13252	20701	1632
6	                                            Clowne	472	15801	27156	944
7	                                        Queensbury	311	4331	17711	622
8	                                         Easington	581	22046	28665	1162
9	                                         Lofthouse	712	5606	16557	1424
10	                                             Louth	142	12561	26634	284
11	                                Barton_upon_Humber	646	6931	16273	1292
12	                                         Hemsworth	672	3284	7399	1344
13	                                       Cleckheaton	341	18712	23053	682
14	                                             Goole	710	5968	8009	1420
15	                                           Bingley	532	13823	27317	1064
16	                                         Armthorpe	270	19585	27037	540
17	                                          Cudworth	561	8326	21968	1122
18	                                     Knaresborough	574	7624	13308	1148
19	                                        Mexborough	542	8154	21760	1084
20	                                   Chapel_Allerton	224	3607	13714	448
21	                                           Worksop	162	7097	13680	324
22	                                        Castleford	325	13041	27030	650
23	                                          Mirfield	529	15056	25522	1058
24	                                      Heckmondwike	699	15895	19507	1398
25	                                          Darfield	445	12599	23519	890
26	                                          Wetherby	560	6075	15700	1120
27	                                           Horbury	193	8427	22781	386
28	                                          Keighley	575	14486	17505	1150
29	                                          Bradford	675	10261	17316	1350
30	                                            Darton	451	21335	27807	902
31	                                          Carcroft	206	24216	29037	412
32	                                            Ossett	107	10607	22778	214
33	                                       Bridlington	419	7994	22619	838
34	                                           Hornsea	305	2227	4627	610
35	                                           Meltham	124	8373	21179	248
36	                                Bolton_upon_Dearne	170	4572	12917	340
37	                                          Garforth	508	2739	17299	1016
38	                                        Chapletown	619	14193	25604	1238
39	                                          Beverley	790	20834	22835	1580
40	                                Kingston_upon_Hull	790	7656	17628	1580
41	                                      Stocksbridge	352	17655	22422	704
42	                                         Brighouse	136	7182	12425	272
43	                                         Doncaster	294	10327	15725	588
44	                                           Halifax	758	15447	25324	1516
45	                                           Lincoln	678	19219	22072	1356
46	                                      Chesterfield	180	5140	14671	360
47	                                       Scarborough	277	5651	12454	554
48	                                     Northallerton	700	6304	8970	1400
49	                                            Whitby	464	7919	11005	928
50	                                          Glusburn	741	5781	18968	1482
51	                                            Warsop	309	19493	22126	618
52	                                            Brough	577	15688	23029	1154
53	                                         Horsforth	423	4724	7649	846
54	                                           Silsden	277	12354	18102	554
55	                                           Retford	430	6042	16347	860
56	                                        Pontefract	189	15488	22865	378
57	                                         Rainworth	322	14051	21428	644
58	                                          Bircotes	306	14605	20858	612
59	                                         Wakefield	618	6300	21183	1236
60	                                         Sheffield	794	14190	24478	1588
61	                                     North_Ferriby	456	12054	21063	912
62	                                       Cleethorpes	132	6021	20961	264
63	                                       Conisbrough	137	14606	19656	274
64	                                          Staveley	174	4330	18099	348
65	                                          Dewsbury	140	12517	20249	280
66	                                     South_Elmsall	367	7127	16215	734
67	                                             Otley	195	5726	13273	390
68	                                            Maltby	456	3808	12366	912
69	                                          Beighton	630	4844	12085	1260
70	                                            Batley	564	6458	11386	1128
71	                                      Clayton_West	754	3766	5852	1508
72	                                      Kirk_Sandall	300	6256	10933	600
73	                                            Pudsey	812	3964	18420	1624
74	                                          Bolsover	181	19286	26585	362
75	                                    Hoyland_Nether	331	7638	11228	662
76	                                            Morley	265	13950	24554	530
77	                                      Featherstone	487	7414	21350	974
78	                                        Scunthorpe	556	2568	7508	1112
79	                                       Knottingley	766	9083	11292	1532
80	                                      Gainsborough	329	25083	28734	658
81	                                             Haxby	309	16628	25822	618
82	                                         Harrogate	606	2914	17222	1212
83	                                           Royston	239	8113	22342	478
84	                                           Shipley	681	23217	26959	1362
85	                                         Dronfield	765	8025	17257	1530
86	                                         Rotherham	397	16185	18729	794
87	                                             Hedon	204	16796	27301	408
88	                                             Ripon	292	5232	11073	584
89	                                      Huddersfield	253	8243	15925	506
90	                                        Humberston	297	11635	16464	594
91	                                       Pocklington	387	26376	29163	774
92	                                            Ilkley	149	11976	25378	298
93	                                         Penistone	346	3625	8131	692
94	                                            Thirsk	399	6531	18769	798
95	                                        Killamarsh	689	22045	27095	1378
96	                                          Rawmarsh	640	14466	20654	1280
97	                                            Elland	520	4700	18388	1040
98	                                         Immingham	424	3307	6351	848
99	                                             Selby	822	5193	7613	1644
100	                                             Leeds	476	9947	18392	952
