100

6350	3650

20	90

0	62090	87000	50420	80720	89970	54180	92970	42160	40320	32830	95670	31390	84080	65680	57200	65620	85360	93320	45980	77580	77200	45440	87100	66230	29420	97530	73250	90590	30790	82050	25910	65580	86700	55140	38710	61260	95700	46250	15290	46400	93210	91860	90700	76540	80810	17750	63000	23220	56270	76840	78720	75150	76450	71980	68640	42780	93430	70070	32320	78260	90760	73020	28490	77200	95530	98110	30950	98050	51580	85900	93720	26910	77850	27040	68120	64950	87210	61390	62590	82750	99290	21740	14780	72220	74640	9210	8220	96160	89490	29630	93840	82240	92000	88880	51240	85190	80440	41850	46100	27460	
62750	0	62680	70560	128950	129014	114990	154330	103520	98340	81730	148163	71740	139180	102570	118110	126720	85230	122670	35800	115890	20950	94380	144800	107160	90330	144563	41410	149820	51640	125504	80160	126490	94900	64990	96920	72850	113460	107610	48370	88453	132794	143360	137923	137450	142170	79110	91030	84580	100523	32320	80170	83350	137810	106250	76840	24610	37700	129960	93680	85980	120110	85190	89750	85400	157450	159650	68700	113360	112490	70310	147290	81160	94610	75680	129480	92450	148120	75660	11230	144110	62840	82650	60380	133130	50320	70570	69130	153960	152100	68220	140873	120170	92340	149260	112150	147450	114690	80780	94240	79270	
86590	62420	0	55740	118230	168051	118530	176651	122420	104480	114000	180900	77360	169310	142340	132940	150850	145680	167990	44900	155660	80090	126650	172330	87020	104430	181170	25170	138230	57470	163790	86820	142270	55170	49160	123870	125470	167090	128870	79430	127440	172371	131210	174330	155430	166040	101730	136350	108380	137610	35710	39650	51740	159200	148640	48250	68300	38960	133400	114940	142510	165430	138820	109720	51730	177650	150080	107610	74190	130470	13810	178950	89660	148240	107950	151750	70840	164190	55200	71680	167980	123290	100790	73340	149200	12830	94880	89830	181390	158660	73840	177280	159940	152790	174110	125220	159780	157100	118990	89270	111540	
49990	70600	55790	0	67990	134350	64840	125361	72650	50790	80120	137390	23900	122600	113440	79250	103750	134640	144240	35380	124920	91390	92280	125230	38870	52050	141290	52930	87990	28360	126480	33890	88580	36840	10550	83250	110010	146620	80180	58990	93740	137400	80970	134090	103210	116611	60100	111750	67690	103240	69960	31390	25290	109150	119740	18780	56530	78500	79710	68870	129150	141680	123700	62740	27340	123580	98630	79700	52980	78250	48460	134870	36730	128630	74380	102170	24170	110500	11530	79240	118881	123171	51020	39590	95510	47980	54460	48200	134290	104970	20940	137600	129580	141750	125380	71530	106090	128200	90600	35580	73930	
80990	129021	118430	68060	0	125790	28320	87500	57240	42000	92800	123770	58750	103580	117951	43280	88120	168621	150371	95471	121330	149841	94291	104200	31470	51350	130870	118400	20790	78861	117920	56260	44770	72370	76080	80020	142210	162741	67260	93780	101261	128840	13770	122910	60020	84340	75440	130751	76700	100800	129601	82530	70220	73390	126191	70240	108361	143970	23530	65030	158821	150821	148861	64710	71240	75970	31430	107380	70060	49490	105660	116500	55490	149301	89900	73040	48160	63350	70000	134621	87320	185900	59110	76730	51200	113450	77510	73380	111230	42020	61810	127290	126110	177630	98170	36000	53540	132740	106090	39530	86700	
89380	128941	168722	135250	127470	0	99730	75620	70480	99280	57520	38410	114030	50930	29621	86890	47720	84181	48820	124252	16190	133691	44970	56370	133090	87650	25510	151522	125601	119830	9390	103510	85750	167403	144180	52850	66511	66960	60240	90402	44000	7740	130481	22730	80160	65450	76430	48501	68830	35500	150786	167572	159782	70860	36331	154610	109811	165241	107030	66520	71741	51360	61781	72840	162202	91140	129070	61581	173344	80420	167622	48580	100680	60140	62610	65740	142971	89890	147360	121871	65240	117571	84460	103820	87530	156362	82570	88870	62650	112470	114760	20740	18200	88320	65910	94450	94090	32910	51751	112550	64420	
54070	114380	119050	65160	28390	97970	0	66720	29420	18270	64980	96630	44710	76440	89901	16030	60980	139631	122321	81441	93510	130030	66471	79070	44130	24430	103050	108681	37080	64831	90100	37510	24240	81310	73870	52200	113220	134691	39440	67580	73421	101020	39530	95090	39530	61520	47850	102701	48880	72980	115571	88460	78660	50570	98141	75080	94331	132161	16560	37210	130550	122771	120220	36890	80180	59240	44600	79160	84780	22240	110380	89360	35700	121110	62080	47530	57100	46160	70170	115420	64500	153500	32190	56530	31170	108681	50590	46460	87650	41010	47820	99470	98290	146271	75350	8750	41750	104690	78050	31730	58880	
93050	153970	176792	124671	87610	75110	66610	0	52251	78050	76260	51371	103210	29690	80660	50960	31920	135820	109970	134931	76190	167720	70460	26430	109740	74060	67001	162201	74000	118561	67460	91590	44180	146920	133981	61090	116820	123820	49320	107140	74810	76420	82120	61750	28430	13140	75851	98810	71390	66170	168050	150810	141000	18260	88900	137420	134660	187500	64570	61421	123380	111300	113300	66971	143420	19920	70870	95210	150390	49120	172631	41440	88760	113170	80600	28400	122710	27200	132510	154050	13060	169210	74241	103461	36350	163961	84890	87191	30210	55260	104181	67020	79950	141060	19320	59830	37210	92330	85860	94230	77400	
42410	103280	122520	72420	57370	69180	29650	52711	0	29310	38260	69460	51200	52920	61561	20840	34200	110041	93840	82680	64720	117670	38131	55550	64500	23280	74260	109950	63970	66310	61310	39600	27970	99831	81730	23900	83220	106121	10650	56440	45081	72230	68510	66300	35410	43961	24870	74361	22490	44680	116220	102230	92430	36780	69801	88850	83970	132810	43200	10540	97601	94290	87641	15360	94850	55380	71490	52910	105150	14600	120320	65840	36770	88271	35650	29520	75621	47420	83390	103780	46231	133680	21990	51210	34240	110160	34300	35340	64610	59710	51930	70680	69380	115651	55010	26010	47210	76250	51620	46290	32450	
40510	97820	104731	51000	42010	98220	18130	78190	29300	0	56770	98760	28400	82220	85821	30890	63500	127081	118241	65131	90760	115680	62391	84850	36570	11590	103560	92371	53520	48521	90350	20940	40850	71901	59710	48120	100670	129750	39950	54020	69341	101270	53150	95600	55710	72670	35680	97310	40630	68900	99261	74300	64500	61720	94061	60920	77570	115851	33000	32970	118000	118691	110680	28200	66920	75850	61040	67360	77220	30820	96220	95140	18660	111570	53870	57510	47691	62770	56010	99200	75531	139400	19350	39490	47780	92371	37750	32900	93910	58260	31510	99980	95420	133721	84310	22280	59380	100470	69840	18360	50580	
32720	81300	114050	80130	92290	58220	64570	75930	37910	56240	0	67990	60800	58110	35120	57560	45650	74090	66820	69580	46150	93700	12800	63550	87720	44610	67090	96850	100690	63170	50280	53430	65880	116410	87520	19570	49990	72790	35600	35730	14970	61440	103430	60450	70140	63510	21670	41030	16840	23760	100440	110950	104860	64990	41850	98350	61990	117030	79920	27370	64270	66490	54310	29260	106910	85270	108210	21250	125583	51840	112950	66040	50840	54940	6200	57190	94660	82120	91100	80030	64730	100940	37050	47160	70640	101690	25760	32140	72710	97620	59340	63400	51010	80730	68190	60930	83610	50000	15830	69510	7230	
96140	147454	181050	137440	124140	38880	97300	50901	69830	99140	67370	0	116220	26730	57471	81170	39310	112031	76670	136160	44040	153454	58790	28170	132420	89290	19150	163430	119671	125090	34720	104700	79940	166733	146750	58370	94361	94810	58680	102310	60890	34890	124551	17130	69150	45621	80950	76351	74350	49170	167020	168340	159112	55110	64181	155532	128570	184030	101100	69460	99591	79210	89631	75030	161532	69151	118370	80800	172674	76970	179950	13430	101870	87990	72780	56060	142523	75481	148410	140354	44511	145421	86650	109080	76860	168690	87980	93390	27930	101490	116950	19770	46050	116170	41191	90040	83110	60760	71450	114190	73030	
31210	71131	77090	23790	58660	113010	44700	103500	51310	28520	61090	116050	0	101260	94410	58050	82410	117421	123430	37761	104610	91921	73250	103890	40720	29930	119950	65001	78660	21151	105140	11770	68010	58470	33100	62450	91230	125810	58840	41660	74710	116060	71640	112750	81090	95271	41060	92970	48650	82750	71891	54610	46760	87030	100710	42010	50651	88481	59570	47530	108340	120870	102990	41400	49180	102390	87610	60920	68720	56130	71690	113530	14610	107820	55350	80830	35620	89930	34760	76911	97541	117292	29680	21460	74940	64730	35420	29420	112950	84830	3300	116260	109270	124061	104040	49440	85950	109170	71820	23570	54900	
83880	138310	169040	121510	103540	50650	76700	29040	52420	81730	57800	26720	100290	0	59950	60570	19300	113780	86790	126590	54160	148534	51240	8000	116390	73280	41200	153860	97720	112830	43550	88690	59340	150723	130820	48500	96110	102840	42520	92740	55110	51070	103201	35670	46640	23280	68690	78100	62220	45780	157450	152330	143102	32600	68190	139522	119000	174460	80500	55760	101340	89330	91380	61330	145522	47290	94590	75510	156664	57570	167940	17130	85860	91250	63210	35460	126513	53620	132480	135434	22490	147170	71080	96820	54560	156680	75720	81130	17160	78980	101020	40990	56170	119020	19330	69440	60600	70880	66160	98180	63460	
65490	102090	142690	113710	119141	29771	90061	80550	62171	86411	35070	58001	94380	59110	0	82250	49870	55880	32780	98220	15310	105390	25601	64550	120311	74781	46761	125490	124561	94760	26261	87010	84820	151020	119110	39211	38210	45600	54060	64370	20550	33551	129441	41641	80340	68650	56410	20200	51531	19980	123990	141540	138440	71040	9630	131930	82960	138390	105371	53641	43440	33230	33480	59971	140490	91320	128620	34730	160515	75190	141590	64860	84610	33350	39380	65920	129270	90070	124680	95020	69140	89270	69911	78750	86770	130330	59340	65720	73710	112650	92920	41991	19010	61120	70870	86421	94270	15240	24900	99681	41280	
57470	117780	133450	79560	43320	85560	16210	51080	20890	30940	58300	80670	57970	60480	82451	0	45020	131621	112660	94590	82250	132890	59021	63110	59380	30280	89470	121860	44190	78091	77690	47810	11720	96560	88270	44790	105210	125620	28230	70980	65971	88610	49070	81510	25280	45560	43620	95251	42200	63990	128450	102860	93060	34610	90691	89480	98470	145040	23420	30530	122390	113100	112210	32160	95430	46430	51710	72660	100030	8880	124780	73400	44980	113060	55400	31570	72350	33350	84570	118280	48540	153810	35760	64490	18360	121941	52010	49860	71690	41550	61070	86110	86910	138261	59390	8950	31330	95180	71370	46130	52200	
65850	126620	151010	103380	88040	47320	61200	32060	34290	63600	46110	38830	82160	19490	50600	45070	0	104430	80080	109990	46310	137734	39800	22120	98260	55150	48680	137260	83491	94800	39450	70560	43840	132593	112690	31750	86760	93570	24390	79940	44310	50370	88371	40720	34290	19640	50660	68750	44190	35740	140850	134200	124972	23820	58840	121392	107310	160300	65000	37630	91990	81050	82030	43200	127392	44100	82170	64710	138534	41400	149910	32330	67730	81900	51520	20860	108383	43980	114350	124634	20640	137820	52950	78790	41660	138650	57690	63100	31180	66560	82890	45320	50970	109670	24670	53940	48180	62450	55360	80050	49140	
85560	83780	144840	134800	166800	83711	137720	134660	109830	126961	74390	111941	117311	112520	55260	130670	103280	0	61500	103320	69250	73550	73190	117960	155631	112071	100701	123570	181480	106640	80201	111831	137230	164480	131810	86870	24290	47340	103690	80240	64980	87491	183930	95581	135120	122760	87110	36200	87440	72390	114480	149750	152930	125150	51230	146420	81160	119790	153030	98701	14750	58940	24660	98171	154980	146100	189000	55010	190463	124411	149220	118270	112831	28490	73420	120030	152941	144850	143030	74140	123250	42170	104401	99551	140020	132480	86970	93911	127120	167430	115551	95931	69840	8070	124830	134080	149050	56250	61420	134091	76750	
92980	121380	169010	144700	151531	48430	122451	110270	93760	118801	67460	76660	123600	86440	32740	112920	79380	61180	0	125480	35450	119040	57991	91880	152701	107171	65420	149870	154301	122250	44920	118120	114560	180980	149070	70470	51860	41660	83950	91860	52940	52210	159181	60300	110730	98370	88800	32130	83921	49870	145650	168430	169430	100760	27630	162920	104620	158400	135730	85140	47400	6540	39990	91430	171480	121710	158360	62220	192955	105860	167910	86142	118540	34840	71770	95640	159230	120460	155670	111740	98860	100330	102200	106240	116510	156650	91730	98110	98350	143040	121840	60650	31620	63020	100380	118811	124660	19430	57290	132071	73670	
45300	35510	46930	36300	95050	123441	81190	135021	82310	65010	69390	136720	37940	126840	97730	94150	109490	102600	124250	0	111050	56300	82040	130970	72900	64320	135820	27850	115050	17840	119180	47190	104290	60640	30730	82580	81730	123350	88760	34820	82830	127221	108030	129180	115320	124680	61620	92610	67090	93000	34970	45900	49090	118960	104030	42580	24560	51560	96060	74830	98770	121690	95080	69610	51140	136620	124100	63000	79100	90360	45830	134770	50030	104500	63340	110630	58190	125990	41400	44150	126620	92140	60680	33230	111000	34570	53590	49720	140030	121320	34420	132130	115330	109710	132750	85720	122440	112490	74380	60440	66930	
77240	115380	155980	124800	121980	16550	94060	76720	64810	90860	45790	44780	104890	54560	15340	82220	46130	69900	35330	111510	0	119410	33240	60000	124760	79230	33540	138780	120821	107690	13040	95090	81080	158033	132040	43000	52230	53340	55000	77660	31330	20330	125701	28420	76600	64910	65630	34220	58390	24310	137280	154820	149530	67300	21800	143020	96250	151680	102250	58090	57460	37870	47500	64420	151580	87580	124880	48020	163974	75640	154880	54270	92260	46290	50470	62190	133823	86330	135770	108310	65310	103290	75320	91680	83030	143620	70430	76810	66470	108910	104010	28770	5750	74470	67040	89670	90530	19420	38190	104130	52600	
76900	21330	80190	90870	150150	133921	129920	166910	117370	115380	93390	153222	92050	147822	105470	132260	137582	74300	119220	56110	119460	0	101722	153262	128320	104480	149622	61720	168730	71950	130411	97480	141320	116070	85300	108580	69400	110010	121460	63120	93512	137701	164560	142982	151600	154750	93260	87580	98340	105582	44980	100480	104520	151660	102800	97150	44920	48210	147510	107530	81690	116660	81740	103900	106570	172040	176250	73770	134530	126640	90620	155752	98480	91160	87340	143330	113620	162950	95970	22850	156690	47180	96800	77700	147960	70630	84720	83280	162422	166930	88530	146141	122730	81410	159062	126300	162280	111240	85850	115010	90930	
45240	93820	126570	92190	93850	45580	66130	70840	38240	62480	12700	59230	72860	51180	25350	59080	39910	73500	57770	82100	33510	101964	0	56620	93960	50850	56140	109370	102540	75560	39560	64560	65210	127553	99910	15280	53770	69580	31580	48250	8540	49360	104990	49500	65380	58420	32620	37820	26080	11580	112960	123020	116920	59940	33590	110410	74510	129550	81440	29710	61060	58220	51100	35200	118970	80220	109210	28940	133494	52710	125470	59110	61790	51730	18720	52140	103343	77280	103160	88864	59640	104830	44840	59550	67460	114210	38070	44450	65780	96950	71400	52450	38370	79110	62070	62490	79270	40230	19590	75750	19640	
86980	143740	172140	124510	103810	56080	79240	26720	55420	84730	63230	28850	103290	8790	65380	63110	22300	119210	92220	131120	59590	153964	56670	0	119390	76280	44480	158390	97120	115930	48980	91690	59610	153723	133820	52880	101540	108270	45520	98170	60540	56500	102741	39890	46180	21440	71790	83530	65320	51210	161980	155340	146102	32140	73620	142522	124430	179890	80770	58760	106770	94760	96810	64330	148522	44970	93990	80940	159664	60110	171040	16320	88860	96680	68640	37670	129513	51300	135480	140864	20330	152600	74080	99920	54100	159780	78820	84230	9630	78380	104020	45100	61600	124450	17010	71980	60000	76310	71590	101180	68890	
65830	108000	87540	39890	31210	131940	44040	109780	64780	36850	88610	133070	40720	117700	119541	59090	98980	155481	151961	72780	124480	129210	94231	120330	0	43430	137120	87510	51210	60831	122310	41150	67300	41480	45190	79960	127260	163870	75430	78400	101181	134990	44190	129650	82590	104580	67520	129000	72470	100740	104540	51640	39330	93630	127781	39350	90331	113080	51510	64810	146400	152411	141050	60040	40350	102300	61850	95540	40650	64500	74770	130550	42170	145860	85710	90590	17270	89220	39110	116591	107560	156972	51190	61260	74230	82560	66220	61020	129390	72440	43780	133430	129140	162121	118410	51810	81630	134330	101740	21000	82420	
29640	89950	104700	51920	51300	86630	24760	74180	23240	11630	45180	89520	29790	74840	74231	30250	55990	112271	106651	64860	79170	105060	50801	77470	43110	0	93570	92130	61170	48490	78760	18170	40390	77651	61230	36530	86080	117530	32420	43150	57751	89680	62440	86220	51770	67201	24090	85500	29040	57310	98720	79800	69990	57710	82471	66410	70640	115310	40650	21380	103190	107101	97840	16610	72410	73070	68690	55770	83592	26810	99820	87000	15340	99680	42280	52760	53441	62310	61500	90450	69471	128530	7760	34760	47320	92340	26160	22030	86530	60070	31430	89880	83830	118911	77620	21820	59540	88880	58250	24900	38990	
97790	144154	180380	141240	131600	26990	103880	66473	74630	103940	66700	19100	120020	40880	46741	89620	48280	101301	65940	135490	33310	150154	56100	43742	137220	93640	0	162760	128211	126740	23990	109500	88480	171533	150550	58840	83631	84080	64370	101640	57590	19370	133091	8260	81960	60690	82420	65621	74820	45870	165804	173040	163912	68730	53451	160332	125024	180454	109640	72500	88861	68480	78901	78830	166332	84723	130980	77500	177474	84260	179280	29590	106670	77260	72110	68070	147081	90250	152210	137054	59900	134691	90450	110730	89330	168020	89630	94860	44090	114370	120750	6600	35320	105440	56763	98290	95850	50030	68150	118540	72360	
72780	41080	25090	53030	118040	150921	108630	162551	109790	92450	96870	164400	65380	154320	125210	121630	136970	124340	148770	27830	138530	61870	109520	158450	86830	91800	163500	0	138040	45280	146660	74630	131770	61770	46450	110060	106250	147870	116240	62300	110310	154701	131020	156660	142800	152160	89100	117130	94570	120480	18920	43890	55990	146440	131510	51650	47550	27460	123500	102310	123290	146210	119600	97090	55980	164100	149610	90480	81330	117840	32720	162450	77470	129020	90820	138110	71870	153470	52960	50340	154100	101950	88160	60710	138480	12730	81070	77200	167510	148760	61860	159610	142810	131450	160230	113200	149880	139970	101860	86560	94410	
90400	149451	138760	88390	21520	124481	36830	74340	63860	53310	101270	119371	79080	98450	124701	44130	83581	180180	154881	115801	121051	170271	102801	96930	51800	60760	128271	138730	0	99191	116491	72550	40231	92710	96410	87760	150720	167991	71200	105810	109771	127531	8410	120311	51920	76550	84180	139261	85080	108261	150031	102860	90550	66370	132941	90570	128791	164300	20690	73410	166321	155471	156361	73160	91580	58850	10640	115890	88190	51850	125990	111461	70740	156231	98370	68050	68490	48460	90330	155051	79070	197210	68520	91570	43100	133780	86920	82790	103620	21230	82140	124911	125711	186820	89820	41070	38650	137241	114600	58160	95170	
30440	51300	58000	28390	78530	119570	64670	118981	66270	48490	62930	124680	21420	113090	94520	78020	94630	106640	122160	18200	107500	72090	75430	116110	60590	48280	126540	45470	98530	0	111700	30670	87980	61830	25890	67720	85770	124540	72720	34510	76500	122620	91510	119710	99280	109050	45580	91840	52230	86370	52060	49470	50280	102920	100820	43770	31950	68650	79540	58790	102810	119600	99120	53570	52330	120580	107580	59790	80290	74320	56900	122730	33510	106690	57140	94590	51680	109900	37090	58210	111310	98401	44640	17190	94910	45640	38730	33680	125170	104800	17900	122850	111780	113750	117760	69410	105920	109280	70690	43920	57080	
81540	125531	163550	126550	118750	8740	91030	67790	61780	90580	49860	35590	105330	43700	26211	78190	39020	80771	45410	119080	12780	130281	39060	49140	124290	78950	24120	146350	116781	112050	0	94810	77050	158603	135860	44150	63101	63550	51540	85230	40590	11810	121661	20160	71460	57320	67730	45091	60130	28830	147376	158120	150982	62160	32921	145520	106401	161831	98210	57810	68331	47950	58371	64140	153402	82440	120330	58171	164544	71720	162450	44950	91980	56730	55700	57040	132391	81150	137520	118461	57110	114161	75760	96040	78830	151190	74500	80170	55610	103730	106060	19350	14790	84910	58080	85750	85350	29500	48341	103850	55950	
25810	79680	86821	33750	55990	101950	37390	91730	39760	20970	53650	104660	11620	89710	86970	47800	70860	112021	118030	47221	94490	97540	64800	92340	41450	18160	108890	74461	72780	30611	94080	0	57940	69402	43060	51850	85830	120410	47290	38380	67270	105000	68970	101360	69320	83721	32710	87570	40300	72630	81351	64580	57900	75260	93270	51970	59430	97941	52260	36700	102940	115470	97590	31260	60320	90620	80300	55520	75343	44360	81650	102140	2840	102420	47910	69280	45192	79860	44720	81060	85991	123271	20000	21240	64870	74461	27980	22780	101400	77520	13260	105200	99150	118661	92490	39370	77090	101730	64850	21320	47460	
65900	126210	142610	88720	44530	84760	24230	44040	27940	40860	66200	79770	67890	59580	85100	11690	44120	139160	115280	104621	81450	141320	65301	60200	67360	40330	88670	131861	39981	88011	76890	57860	0	104540	97430	51070	113430	128390	33580	79410	72251	87810	44861	80710	16560	40340	51940	101531	50430	68660	138500	112020	102220	29390	93340	98640	106900	155090	21490	38480	126720	115870	116760	40480	103410	36270	44720	80850	108010	17150	133940	72500	55030	116630	63590	29040	80330	23190	93730	126710	43320	162900	44190	73620	8200	131861	60440	58290	67230	32460	71000	85310	86110	144400	54170	18870	20570	97640	79560	55290	60390	
86180	94490	55240	36900	72320	166022	81620	147360	100261	72331	116310	166972	58830	152022	150780	96670	133172	163980	180590	59270	158562	115700	127652	154652	41110	77801	171202	61710	92320	61750	156392	69451	104880	0	37180	114162	139690	182960	109602	92220	129930	169072	85300	163672	120170	142160	96290	148100	103880	134942	78740	19390	12120	131210	157080	18460	82520	87280	92620	99012	158910	178030	153040	93882	9570	139880	102960	115890	22010	101250	41640	164452	70471	162460	110570	127940	26020	126800	26080	103130	145140	151081	82852	75780	111810	56470	90650	84390	163712	113550	57130	167512	163222	171090	154802	89390	122390	165540	126790	55920	110120	
55040	65000	49330	10400	75560	144170	73340	134631	81920	59290	87530	146660	33170	131870	118980	87750	113020	131670	148790	29780	131960	85790	100030	134500	44350	61320	150560	46470	95560	25920	135750	43160	97080	37250	0	92320	107380	150321	89450	56390	101100	147220	88540	143360	112370	125881	69370	116300	76830	110970	63500	25680	25700	118420	125280	19190	53030	72040	88210	78140	126600	146230	120730	72010	27750	132080	106200	84250	55710	87520	42000	144140	46000	130150	81740	111440	29650	119000	12860	73640	128151	120201	60290	41790	104010	41520	63330	57470	143560	113470	30210	146870	136240	138780	134650	80030	114590	133740	95150	44080	81680	
39110	96520	124270	83310	79560	52000	51840	61140	24010	48190	19660	58500	62640	48620	39251	44830	31920	87731	70690	83250	43060	108920	15821	53400	79670	36560	58970	110520	87960	68060	44130	52420	51270	114211	92410	0	68001	83660	18190	50950	22771	55050	90700	52330	52730	48980	23740	52051	16140	21650	114110	114130	106550	49010	47491	101530	77210	130700	67190	15420	75291	71140	65331	21710	108970	68340	95270	39060	120152	38610	123170	56550	49590	65961	21800	40090	90001	64710	94280	95250	50570	119061	33070	52050	54060	111910	30950	36180	62460	83010	62520	55280	47720	93341	55640	48200	66620	53220	33681	61460	18600	
61910	72110	125980	110460	143590	66711	114030	116960	84860	101590	50740	94941	92130	95520	38260	105010	86280	24740	52010	82450	52250	69770	54270	100960	128380	86890	83701	106840	152290	85770	63201	86650	113460	140140	107470	67950	0	42760	84770	56590	46060	70491	154740	78581	117420	105060	63460	20370	63790	54360	102620	125400	128590	107450	35590	122080	61490	109130	130260	74320	17680	49450	14490	73790	130640	128400	159520	31360	158600	99230	124880	101270	87650	23910	49770	102330	125690	127150	118690	62470	105550	53600	79330	75170	119730	113620	63320	69530	110120	147260	90370	78931	55520	31380	107280	108510	131350	44030	37770	106840	53100	
95630	112680	167410	147350	163340	67000	134260	124270	106370	130530	72950	95230	126250	102310	45980	126610	93070	47360	41840	123880	53570	110340	69730	108030	164510	118050	83990	148270	168301	124900	63490	120770	128560	183630	150680	83410	42620	0	97640	94510	61520	70780	176361	78870	124730	112370	94200	34780	89370	63560	143380	168980	172080	114760	37650	165570	102920	149700	149570	97840	33580	39280	28750	101790	174130	135710	176220	64870	205175	119550	168460	104712	121770	19870	76780	109640	161880	134460	158320	103040	112860	86700	109580	108890	130510	155050	96740	103120	116920	157040	124490	79220	50180	48880	114590	130620	138660	36590	60800	143030	78680	
46930	107900	129370	80140	68360	59140	40640	49350	11390	40700	35810	58810	58920	43210	54330	28340	24360	104541	84420	89530	55310	122190	31880	45840	75020	31910	64220	116800	71470	73160	51270	47320	33780	109353	89450	18400	84590	97390	0	60960	39581	62190	76350	56260	35470	37760	29390	68861	25650	35760	121610	110960	101732	33440	62570	98152	88590	138200	50700	14960	92101	84870	82141	20530	104152	52570	77780	54740	115294	21280	128040	55880	44490	82771	37480	24470	85143	47480	91110	108400	40020	135210	29710	57260	35880	117010	38820	40730	54900	65520	59650	60640	59960	110151	46460	35310	48850	66950	49740	56810	34280	
15360	48210	79640	59440	93470	89751	67700	106940	56130	53840	35700	103030	41320	93150	64230	70720	79590	80340	91870	35170	77500	63480	48350	98590	78700	42940	102130	62440	104810	34480	85490	38380	79100	92530	56590	50890	56430	94250	60220	0	49140	93531	105380	95490	90060	94780	31720	61550	37190	59310	66030	78480	80980	90420	70530	74470	28900	82620	83590	46290	73470	89310	69610	42360	83030	109500	112330	29500	107320	65100	78540	101080	39380	75820	29650	82090	74220	100730	67810	48710	96720	84730	35260	23660	85740	67280	23180	21740	107750	103010	38900	98440	81780	87170	102850	64760	98710	78990	40690	58570	33240	
46320	87864	127080	93880	101990	44520	73150	75560	45260	69500	14930	61140	74550	54720	20560	66100	44480	65400	52980	82610	31590	93864	8620	60160	100980	57870	57540	109880	110680	76770	41010	67180	72660	130160	101120	22300	45670	61480	39120	48760	0	48300	113130	50900	72400	63140	36270	29720	31440	12480	109514	124700	118610	64740	28780	112100	68734	124164	88460	36730	52960	53430	43000	43060	120660	85020	116820	20840	140304	59860	125980	62650	64780	43630	19550	58550	108410	83690	104850	80764	64230	96730	51650	60760	75000	114720	39510	45890	69320	104560	73090	53850	36790	71010	65960	69510	86290	35440	11490	82770	21680	
92920	132841	173042	137540	129760	9590	102020	76590	72770	101570	61420	34870	116320	51000	33521	89180	50010	88081	52720	128152	20090	137591	48870	56440	135380	89940	19410	155422	127891	123040	11770	105800	88040	169693	147390	55140	70411	70860	62530	94302	47900	0	132771	20720	82450	67830	78720	52401	71120	39400	154686	170740	162072	73150	40231	156900	113711	169141	109320	68800	75641	55260	65681	75130	164492	93430	131360	65481	175634	82710	171942	45360	102970	64040	66510	68030	145261	92180	149650	125771	67620	121471	86750	107030	89820	160682	85930	91160	59860	114760	117050	16000	22100	92220	66880	96740	96380	36810	55651	114840	67330	
92210	143211	131130	80760	13890	129341	39540	82190	68460	53220	104020	124231	71450	103901	129171	48990	88441	182890	159741	108171	125911	164031	105511	103051	44170	62570	133131	131100	7900	91561	121351	68960	45091	85070	88780	91240	153430	175711	76060	105720	112481	132391	0	125171	57391	82821	86660	141971	87920	112020	143791	95230	82920	71871	137411	82940	122551	156670	25550	76250	170041	160331	160081	75930	83940	66750	18540	118600	80330	56710	118360	116961	68190	160521	101120	73251	60860	56180	82700	148811	85801	189572	70330	89430	48571	126150	88730	84600	110811	29130	74510	129771	130571	189530	96651	45930	46370	142101	117310	52230	97920	
90970	137334	173560	134110	123760	23040	96040	62300	66790	96100	59880	17650	112890	36040	41631	81620	40280	96191	60830	128670	28200	143334	49280	40240	129360	86250	8220	155940	120211	119920	19930	101660	80480	163693	143420	52020	78521	78970	56530	94820	50770	20750	125091	0	73960	54480	75600	60511	68000	39050	158984	164930	156072	60810	48341	152340	118204	173634	101640	65370	83751	63370	73791	71700	158492	80290	122840	70680	169634	76260	172460	27140	98830	72150	65290	60070	139483	82330	145080	130234	53690	129581	83320	103910	81330	161200	82810	88040	41640	106230	113620	5580	30210	100330	52590	90290	87850	44920	61330	111150	65540	
76490	136800	155310	102660	60530	78510	39830	28340	35170	55370	69150	68540	80530	47420	80240	24920	33690	134670	109980	115470	75950	151910	64430	46520	82960	51380	81590	142740	52430	99100	70640	68910	17100	120140	111970	51780	116830	123830	34890	90000	72030	81560	57911	73630	0	26290	59480	98820	57000	64980	149250	127300	117500	15340	88720	113920	117490	165840	37490	45050	122230	111310	112270	49710	119010	22940	49580	87190	123610	26440	149220	60431	66080	112140	69930	17160	95930	13240	109010	137300	29270	168060	54780	84210	9270	142950	68910	68880	54280	33970	82170	78230	80610	139910	40120	33390	15590	92340	82290	70570	66730	
80970	141890	166130	116171	84190	65090	61520	13180	43751	72480	64010	46281	94951	23820	69350	45390	19650	123610	98740	125110	64960	155640	58190	21340	104690	67031	60590	152380	76560	109120	57220	83351	39990	141870	125481	49010	105510	112590	37800	95060	62700	67940	82651	54700	26090	0	65350	87500	59310	54130	155970	145230	135430	12050	77590	131850	122580	175420	61150	50920	111170	100070	101210	56490	137850	26610	73430	83100	145340	43550	164131	36400	80521	101080	68520	19900	117660	30740	126940	141970	3380	157000	65741	93220	34010	153770	72810	76690	28390	57820	95681	59360	69620	128850	14230	54260	39440	81100	73750	88660	65320	
18470	79390	101900	60390	75360	75820	48120	75740	24830	35690	22190	80930	41060	69340	56870	43460	50880	86720	88570	62060	66130	94360	33560	72360	67170	24060	82790	89330	84530	45690	67950	32760	51840	96670	69700	23970	62620	94540	28920	32590	36720	78870	86500	75960	59970	65250	0	62510	8410	44270	93470	91220	85120	59120	63600	78610	60080	110060	63880	14990	79620	88240	74380	11830	87170	78200	92050	32310	104733	37740	100800	78980	29990	76690	19290	50790	74582	71980	71360	79890	67510	109190	16500	29790	58480	89540	9930	13260	81420	82010	39600	79100	70790	93360	73960	44880	71450	71750	35260	48960	16000	
62610	89760	137390	111860	131120	48031	102040	98280	74150	96330	40730	76261	92830	76840	19580	94990	67600	36440	32160	93860	33570	87420	37510	82280	129080	84660	65021	118250	139810	91880	44521	87350	101550	148140	116230	51190	20240	34550	68010	61490	29300	51811	142260	59901	98740	86380	61720	0	56890	36710	114030	136820	136590	88770	16030	130080	73000	126780	117350	65620	24000	29600	14040	69310	138640	109720	145710	31850	163243	88750	136290	82590	88350	16690	44300	83650	126390	108470	122830	80120	86870	71300	77100	75870	104340	125030	63870	70230	91440	131050	91070	60251	35960	42050	88600	98400	112670	24470	27780	107540	46200	
23740	84660	108900	67740	76640	67830	48920	71400	22450	40610	17070	74100	48410	62510	51370	41910	44050	85840	83450	67880	58140	98950	26180	65530	72090	28980	74800	95150	85040	52690	59960	40110	50290	104020	77040	15980	61740	89420	24950	37720	31600	70880	87780	68160	57530	59240	8170	57390	0	36280	98740	98570	92470	56680	58480	85960	65350	115330	64270	12220	78740	83120	70760	13180	94520	75760	92560	31430	110074	36190	107800	72150	37340	71570	14170	47930	79923	69540	78710	85160	61180	110910	21420	36680	56690	96540	15580	20610	74590	82030	46950	71110	62800	92480	67310	45280	69660	66250	30140	53880	10970	
56130	99914	137550	103050	101530	36090	72750	67050	44920	69100	23680	49430	82960	45750	20010	64240	36080	72750	50100	93080	24250	105914	11540	51190	100580	57470	45830	120350	108581	86540	29250	73330	68540	135121	110890	21660	54210	63070	36050	59230	12490	39870	112670	39190	65890	54770	43480	37070	36460	0	121564	133880	127460	56590	28250	121270	80784	136214	86600	36330	60310	50550	50350	42620	129830	76870	112640	32890	141062	57180	136450	53680	70500	50980	29700	51370	110911	75580	114020	92814	55640	105270	53390	70530	70380	125190	49050	55430	60350	98160	82260	42140	28910	78360	57370	69110	79780	32630	23540	82370	30540	
76420	31930	35740	69740	128490	149794	114630	167960	115750	98450	100510	168040	71380	157960	124020	127590	140610	115190	145560	34980	137340	44910	113160	162090	103820	97760	165343	18820	149360	51280	146284	80630	137730	78760	63440	113700	102450	143420	121510	65940	109233	153574	142900	158703	148760	155800	93260	113920	98210	121303	0	60890	72980	151960	129140	68640	42870	17780	129500	107830	115940	143000	115150	102730	72970	170060	159190	90150	99120	123800	48180	166090	83470	124570	94460	143630	88860	159430	69950	41190	157740	90120	94120	65710	144440	29720	84710	82490	171150	154760	67860	161653	141620	122300	163870	119160	155880	137580	102230	93880	98050	
78570	79860	39520	31480	82760	167360	88450	151050	102330	74400	110890	168330	54670	153420	141990	102860	134520	149350	168170	44640	155310	100650	123050	156050	51550	79870	172230	43650	102760	49450	157420	64660	112190	19410	25550	114020	125060	168330	110950	79080	124510	170410	95740	165030	127480	145530	90870	135940	98460	134010	60680	0	14780	134580	148290	13710	67890	69220	102600	99640	144280	165610	138410	93510	14770	147190	113400	107260	38970	103680	26750	165810	67500	147830	105150	130370	35370	134110	20660	88500	148410	136451	81790	65320	119120	38420	85230	78970	165110	123990	51710	168540	159590	156460	156150	95140	129700	156750	118640	59190	104700	
74940	83370	51760	25660	69930	158281	78600	141200	92480	64550	105070	159231	47070	144281	138390	93010	125431	152860	169190	48150	149870	104580	117230	146911	38720	70020	163461	55890	89930	50510	148651	58310	101870	12120	25940	106421	128570	171570	101861	80980	118690	161331	82910	155931	117160	135680	85050	136700	92640	127201	72920	14420	0	124730	144790	7220	71400	81460	89770	91271	147790	166630	141920	86141	2620	136870	100570	104650	31070	93830	38990	156711	60470	151340	99330	120520	22540	123790	14840	92010	138560	139961	75111	64540	108800	50660	79410	73150	155971	111160	45890	159771	154530	159970	147061	85290	119380	153250	115550	49340	98880	
76780	137750	161251	108710	73130	69750	50460	18140	36820	61420	65050	54760	86580	33200	71480	34330	23550	125700	100970	119380	67190	152040	59670	32300	93630	57430	68880	146650	66110	103010	61880	74960	28930	130810	118020	48760	107640	114820	33250	90810	64490	72800	71591	60970	15030	12070	59240	89630	56760	56220	151460	134180	124370	0	79720	120790	118440	171280	50090	44810	113260	102300	103300	50380	126790	24570	62980	84890	134280	32490	156090	46211	72130	103170	68270	11630	106600	22510	115880	138250	15050	159090	58700	87110	22950	146860	68670	70580	40060	47370	88220	65570	71850	130940	25900	43200	28990	83330	75540	77600	65070	
71740	104960	148940	119960	127371	35051	98291	88780	70401	94641	41800	63281	100630	67340	9600	90480	58100	51570	25960	104470	20380	102620	33831	72780	128541	83011	52041	131740	132811	101010	31541	93260	93070	157270	125360	47441	35440	37100	62290	70620	28760	38831	137691	46921	89000	76880	63050	16080	58220	28210	129230	147790	145520	79270	0	138180	88200	141980	113601	61871	39080	26410	29170	68201	147570	99980	136870	40980	168034	83420	147840	72763	90860	26520	45630	74150	135520	98730	130930	95320	77370	86500	78141	85000	95020	136580	65590	71970	81940	121310	99170	47271	20030	54700	79100	94651	102930	8540	31150	107911	47530	
68200	76630	48210	18920	70260	153440	74980	137580	88860	60930	98330	155611	42110	140661	131650	89390	121811	146120	162450	41410	143130	97420	110490	143291	39050	66400	159620	51170	90260	43770	144810	52100	98720	18910	19200	101460	121830	164830	98241	74240	111950	156490	83240	152300	114010	132060	78310	129960	85900	121450	68200	13670	7360	121110	137950	0	64660	76740	89850	87080	141050	159890	135180	80950	9410	133720	100900	97910	37370	90210	35440	153091	54940	144600	92590	116900	22870	120640	8100	85270	134940	133221	69230	57800	105650	46220	72670	66410	152351	111490	39150	155930	147790	153230	143441	81670	116230	146410	108810	45720	92140	
43030	24070	68820	56810	108080	109294	94220	134610	83800	77630	62010	128443	50970	119460	83040	98390	107000	80750	104580	25580	96360	44860	74660	124900	90140	70610	124843	47550	128950	32120	105784	59450	106770	83270	53360	77200	61250	102870	87890	28650	68733	113074	122490	118203	117730	122450	59390	72940	64860	80803	42770	68530	71720	118090	88160	65210	0	59360	109090	73960	78290	102020	74600	70030	73770	137170	138780	49170	101730	92770	68010	127390	60450	84020	55960	109760	80100	128400	64030	30760	124390	69890	62930	39670	113410	56460	50850	49410	134060	130680	47450	121153	100640	87860	129540	92430	126380	96600	61250	73470	59550	
93000	37580	38970	78510	143520	164834	131210	186561	132330	115030	117090	183983	87960	175080	138390	144170	159900	120510	158870	51560	151710	48180	129740	180720	112310	114340	180383	27310	163520	67860	161324	97210	154310	87250	71930	130280	109050	149660	138090	82520	124273	168614	156500	173743	165340	175090	109840	127230	114790	136343	17690	69370	81470	169110	142450	77130	59450	0	146080	124410	122180	156310	121390	119310	81460	188040	175240	104520	107610	140380	51410	183210	100050	130810	111040	161660	97350	176010	78440	47430	177030	91580	110700	82290	161020	34120	101290	99070	189880	171340	84440	176693	155990	127620	183160	135740	172460	150890	116600	110460	114630	
70090	129721	133780	79890	23500	105870	16520	64490	43170	33000	80490	100760	59440	80570	104731	23440	65110	156261	135210	96171	102440	147680	81301	81190	51670	40450	109660	123411	20770	79561	97880	52240	21760	92280	88600	67070	129850	148180	50510	83600	88251	108920	25650	101700	37010	61330	63870	117531	64390	86270	130301	102270	89960	50380	112971	89810	109061	146891	0	52720	145601	135660	135641	52470	91150	53070	28290	94740	91750	31160	125110	93490	50430	136081	77590	50030	68070	40450	84900	133070	64310	171150	48210	71260	28190	123411	66610	62480	88220	25510	62550	106300	107100	162901	75160	20380	30640	117740	93730	45350	74390	
32570	93540	115010	68810	65080	65490	37360	61340	10540	33010	28010	69330	47590	56440	53091	30350	37590	98151	85210	75170	58030	107830	29661	59070	64490	21380	72430	102440	73480	58800	57620	37240	38510	99031	78120	15390	72680	97651	14520	46600	36611	68540	76220	65230	45570	50850	15030	65891	12220	36170	107250	99640	91370	44720	61331	87030	74230	123840	52710	0	89131	85660	79171	6400	93790	63800	81000	42370	104972	24630	113910	66810	34410	79801	25110	36390	74821	57580	79780	94040	53110	122440	18020	42900	44780	102650	24460	26370	68130	70250	48320	68740	62690	104791	59560	33720	57750	67740	41080	46280	21910	
78221	85250	143020	129560	154750	71661	125670	122610	97780	118381	64360	99891	108731	100470	43210	118620	91230	14740	47710	99490	57200	81590	61140	105910	147051	103491	88651	123880	163440	102810	68151	103251	125180	159240	126570	74820	17680	33550	91640	73630	52930	75441	165890	83531	123070	110710	79771	24150	80101	60340	115950	144500	147690	113100	39180	141180	78530	122270	140980	89250	0	45150	11220	90101	149740	134050	169340	47671	177700	112380	143980	106220	104251	14700	66081	107980	144361	132800	137790	75610	111200	54080	95641	91481	127970	130660	79631	85841	115070	155380	106971	83881	56050	19390	112780	122030	137000	42460	51260	125511	69411	
90790	119190	166820	142510	152071	50910	122991	110810	94300	119341	66620	79140	121410	88920	33280	113460	79920	58990	6450	123290	37930	116850	58531	94360	153241	107711	67900	147680	154841	120060	47400	115930	115100	178790	146880	71010	49670	39470	84490	89670	53480	54690	159721	62780	111270	98910	87870	29940	83040	50410	143460	166250	167240	101300	26810	160730	102430	156210	136270	85680	45210	0	37800	91970	169290	122250	158900	60030	193495	106400	165720	88622	116930	32650	70450	96180	157040	121000	153480	109550	99400	98140	102740	104050	117050	154460	90410	96790	100830	143580	119650	63130	34090	60830	100920	119351	125200	21910	55960	132611	72350	
72550	84460	139190	123670	144730	61641	115650	111900	87760	109790	54340	89871	102770	90450	33190	108600	81210	24640	40200	95660	47180	82120	51120	95890	141090	97530	78631	120050	153420	98980	58131	97290	115160	153350	120680	64800	14400	28810	81620	69740	42910	65421	155870	73511	112360	100000	74100	14130	70350	50320	115160	138620	141800	102390	29160	135290	74700	121480	130960	79230	11210	37640	0	82770	143850	123340	159320	42000	171810	102360	138090	96200	98290	9960	57760	97270	138400	122090	131900	74820	100490	61760	89970	85810	117950	126830	73960	80170	105050	144670	101010	73861	48540	29260	102210	112010	126290	34950	41240	119550	59660	
28400	89080	109780	62670	64780	71850	37060	66900	15340	28290	29580	74890	41450	62000	59451	32000	43150	98461	91570	69940	64390	104190	35480	64630	59770	16660	78790	97210	73190	53570	63980	31410	40380	93883	71980	21750	72990	101930	20080	42280	42971	74900	75920	71590	49930	56410	11870	69900	13250	42530	102020	93490	86262	50280	67691	80890	69770	118610	52420	6370	89990	92020	83270	0	88682	69360	80710	42680	99824	26280	108680	72370	28580	84080	26680	41950	69673	61760	73640	89580	58670	121950	11880	37670	47020	97420	21380	21140	73690	70550	42180	75100	69050	105101	65120	33420	59990	74100	42650	41560	23480	
76660	85090	51750	27380	71050	160681	80350	143600	94880	66950	106790	161631	49470	146681	140110	95400	127831	154580	170910	49870	151590	106300	118950	149311	39840	72420	165861	55880	91050	52230	151051	60560	103610	9560	27660	108821	130290	173290	104261	82700	120410	163731	84030	158331	118900	138080	86770	138420	94360	129601	72910	14420	2600	127130	146510	8940	73120	81450	91350	93671	149510	168350	143640	88541	0	138610	101690	106370	29240	96230	38830	159111	62870	153060	101050	122920	24750	125530	16560	93730	140960	141681	77511	66260	110540	50650	81130	74870	158371	112280	47610	162171	156250	161690	149461	87690	121120	154970	117270	51740	100600	
95810	157110	178630	123900	76120	90250	59410	20020	55430	76040	85300	69671	102390	47990	91980	46210	44050	146410	121720	137110	87690	172660	80170	44730	102540	73240	85301	164380	59360	120740	82380	90770	36150	139720	132610	67930	128570	135570	52420	109840	84990	93300	67480	80050	22750	27250	78270	110560	75790	76720	170680	147200	137400	25190	100460	133820	137470	190091	53080	63840	133970	123050	124010	69410	138590	0	55950	104700	143190	48300	169960	59740	87940	123880	87440	32500	115510	13920	128910	158050	28880	179800	76420	105640	28320	166140	87700	89610	48510	40260	104030	85320	92350	151650	37620	54050	23970	104080	96040	90470	84240	
97680	159001	150330	98710	31840	127450	44110	70650	71140	60590	108550	117520	87030	94920	128010	51410	81520	187460	158190	123761	124360	177720	109071	93400	62120	68040	130730	149740	10440	107151	119580	79830	44700	103020	106730	94840	158000	175760	77350	113090	117051	130500	18820	122610	48730	73020	91460	146390	92360	111570	159581	113170	100870	62840	136250	100890	138341	175420	27970	80690	169630	158780	159670	80440	101890	54940	0	123170	98510	59130	136310	108460	78020	159540	105650	64990	78810	44930	100650	163110	75540	204980	75800	98850	44360	144790	94200	90070	100090	16400	90140	127370	129020	194100	86290	48350	35120	140550	121880	67710	102450	
30760	68280	107960	80010	107510	61461	79330	96940	53500	67370	21620	81550	60980	76100	34730	73150	65860	54410	62370	63490	48050	74310	29260	81540	95820	55740	77950	90760	117610	60030	57951	55500	81470	116290	84380	39980	30310	64750	55360	29640	21790	65241	118650	71310	88530	84520	32310	32050	32430	33860	90180	106810	104740	86090	41030	98230	49150	104580	94690	42960	47310	59810	42070	42640	106790	105510	125130	0	127910	67430	106860	84030	56500	46900	18410	77260	94540	100530	90980	61210	85610	80130	48180	44020	87740	95600	32170	38380	90700	114800	59220	73681	52330	61050	87340	75690	100710	49490	12940	75690	21740	
101540	116480	77070	56740	73470	175463	88280	154020	109020	81090	129662	176413	72270	161463	163064	103330	142613	193272	196094	81260	168003	137690	137093	164093	44240	87242	180643	85020	91590	83620	165833	78892	111540	25510	59050	123603	161680	208464	119043	111290	144243	178513	83870	173113	126830	148820	108292	167012	113573	144383	102620	42700	34510	137870	171013	40330	104510	111160	95310	108453	180900	195934	175030	103323	32740	146540	102230	131840	0	108740	63470	173893	79912	183892	124532	134830	37590	133460	47950	125120	151800	173511	92293	91140	118470	79780	104602	99402	173153	112820	72630	176953	172663	199912	162650	96050	125430	177853	142413	65240	123472	
51950	112260	130770	78120	49540	79430	22430	49270	14600	30830	52530	77120	55990	57500	75440	8640	41550	124691	105530	90930	76000	127370	52731	60130	64390	26840	84500	118200	51770	74560	71560	44370	16900	100840	87430	38500	97940	118500	21110	65460	59681	82480	56650	76540	26860	43750	37850	88961	36430	56870	124710	103590	93780	32800	83680	90200	92950	141300	31000	24760	115270	105980	105310	26390	96200	48160	59290	66890	105040	0	125500	70420	41540	105940	49630	28590	76630	38530	85290	112760	46630	147750	30240	59670	23540	118410	46490	44340	68710	48640	57630	80930	80660	131331	56830	14920	36510	88060	65600	47010	46430	
85570	69700	13800	48740	105470	167031	110230	173461	120680	96180	112980	179880	71930	168290	141320	124640	149830	148740	167560	43880	154640	90490	125630	171310	74260	100080	180150	32450	125470	56450	162770	81920	133970	41540	42160	122850	124450	167720	127850	78410	126420	171351	118450	173310	149260	164661	100710	135330	107360	136590	48210	26890	38980	156360	147620	35490	67280	51460	125100	113920	143670	165000	137800	108700	38840	169840	136110	106590	60560	125460	0	177930	84760	147220	106930	150220	58080	155890	42440	78960	166931	130950	99050	72320	140900	20480	93860	88810	180370	146700	68970	176260	158920	155850	173090	116920	151480	156080	117970	80970	110520	
94340	146080	179250	133370	115400	48080	88560	40101	64280	93590	65570	13430	112150	15840	65130	72430	31160	118960	85870	134360	53240	156304	59010	15800	128270	85140	29510	161630	110041	123290	43920	100550	71200	162583	142680	56570	101290	104010	54380	100510	62880	45250	115731	26330	58961	34821	79150	83280	72550	53550	165220	164200	154962	44921	73381	151382	126770	182230	92360	67030	106520	88410	96560	72600	157382	58351	107151	83280	168524	69430	178150	0	97720	96430	70980	47320	138373	64681	144340	143204	33711	152350	82940	107280	66881	166890	86180	91590	15140	91301	112880	30130	55250	124200	30391	81300	72921	69960	73930	110040	71230	
26870	80740	89651	36580	55230	99100	35550	88880	36910	18650	51300	101810	14450	86860	84630	44950	68010	113081	116170	50051	91640	98600	61950	89490	42160	15310	106040	77291	70940	33441	91230	2830	55090	70392	45890	49000	86890	121470	44440	39440	64930	102150	68210	98510	66470	80871	29930	88580	37520	69780	84181	67400	60330	72410	90930	54800	60490	100771	50420	33850	104000	115840	98650	28410	62750	87770	78460	56580	76333	41510	84480	99290	0	103430	45570	66430	46182	77010	47550	82120	83141	124331	17150	22410	62020	77291	25640	20440	98550	74770	16090	102350	96300	119721	89640	36520	74240	99390	62510	22310	45110	
77770	93770	148500	129090	145480	60140	116400	111680	88510	110950	55090	88370	107990	90230	32970	109350	80990	28450	34980	104970	46530	91430	51870	95670	146160	99280	77130	129360	154170	107040	56630	102510	115910	162660	129990	65550	23710	19930	82370	76130	43660	63920	156620	72010	112140	99780	76340	16920	71510	51070	124470	147930	151110	102170	26450	144600	84010	130790	131710	79980	14670	32420	9840	83930	153160	123120	159770	47010	180473	103110	147400	95980	103510	0	58920	97050	143620	121870	140060	84130	100270	67790	91720	91040	117920	136140	78880	85260	104830	144450	106230	72360	43320	29970	101990	112760	126070	29730	42940	124770	60820	
27090	75270	108020	74650	89900	63110	62180	80330	35520	53850	6220	73550	55320	63670	39240	55170	51210	72100	70510	63550	50720	87670	18870	69110	85330	42220	72650	90820	98300	57540	56010	47950	63490	110930	81890	22000	48000	76480	37380	29700	19540	66890	101040	66010	70540	68170	19280	44370	14450	29830	94410	105460	99380	68200	45540	92870	55960	111000	77530	24980	65000	70180	57740	26870	101430	87530	105820	17690	120893	49450	106920	71600	45550	58630	0	59280	89180	82550	85620	74000	70110	97760	34660	41530	69760	95660	20280	26660	78270	95230	53860	68960	55380	78740	73750	58540	82730	54000	17120	66870	3760	
68450	129420	153290	102060	72910	64590	47670	28710	29640	57470	56840	55690	80840	35500	66320	31540	20710	120540	95810	111050	62030	143710	51930	38070	90840	52920	67870	138320	68171	94680	56720	69240	28710	127480	111370	39720	102480	109660	24360	82480	58300	67640	73051	59910	17640	20190	50910	84470	48430	51060	143130	130230	120420	11590	74560	116840	110110	162770	49870	36480	108100	97140	98140	42050	122840	32300	65520	76490	131490	28540	150020	48420	66410	98010	59230	0	103270	28740	111930	129920	22450	153930	51630	78780	25010	138530	60340	62250	45620	49910	81570	64510	66690	125780	32940	40410	31530	78170	69350	73650	56030	
64720	92470	70950	24360	47980	141552	57150	122890	75791	47861	94850	142502	35450	127552	128512	72200	108702	153121	159130	57250	133312	113680	103182	130182	16770	53331	146732	71600	67980	51730	131922	44981	80410	25910	29660	89692	124900	161510	85132	74470	108470	144602	60960	139202	95700	117690	74381	126640	79662	110472	88630	35050	22740	106740	135620	22760	79900	97170	68280	74542	144040	156570	138690	69412	24780	115410	78620	94430	34070	76780	58180	139982	46001	143520	89110	103470	0	102330	22520	101110	120670	149002	58382	54320	87340	66650	69190	62930	139242	89210	35810	143042	138732	159761	130332	64920	97920	143942	105330	31450	88660	
87420	147730	164790	110900	63580	89130	46410	27430	48030	63040	81520	76141	90070	54280	90860	33210	44310	145290	120600	126400	86570	163380	76800	51200	89540	62310	90690	153670	48550	110030	81260	79840	23150	126720	119610	64150	127450	134450	47860	100930	83870	92180	56410	82780	13250	30820	72450	109440	69970	75600	160180	134210	124400	22930	99340	120820	128420	177521	40540	58020	132850	121930	122890	61910	125590	13990	45420	100160	130190	38640	156120	66260	77010	122760	82900	28800	102510	0	115910	148770	33340	178680	65710	95140	15320	153880	81880	79810	57590	29810	93100	87380	91230	150530	44090	41050	11430	102960	94660	77470	79700	
60920	75630	55210	11640	70030	146160	69730	132330	83580	55680	91050	148320	34830	133530	124370	84140	114680	142790	155170	40410	135850	96420	103210	136160	38820	61150	152220	52770	90030	36980	137410	44820	93470	26130	12820	94180	118500	157550	91110	67510	104670	149210	83010	145020	108760	126810	71030	122680	78620	114170	69800	20680	14580	115860	130670	8070	63660	78340	84600	79800	137720	152610	131850	73670	16630	128470	100670	90630	44590	84960	42440	145800	47660	139560	85310	111650	22640	115390	0	84270	129690	131321	61950	50520	100400	47820	65390	59130	145220	109860	31870	148530	140510	149900	136310	76420	110980	139130	101530	40470	84860	
63050	10430	71490	78890	134290	121473	115390	153800	103820	99390	80280	140622	77180	135222	95040	118410	124982	74710	112150	44130	108360	22850	89122	140662	115480	90630	137022	50220	154200	58330	117963	81210	126790	103230	73320	95470	62330	102940	107910	48670	80912	125253	148700	130382	137750	141640	79410	80510	84880	92982	41130	88490	91680	138110	95730	85170	30990	47450	132980	93980	75460	109590	74670	90050	93730	158190	161720	61170	121690	112790	79120	143152	82210	84090	74230	129780	100780	148420	83990	0	143580	52320	82950	61430	133430	59130	70870	69430	149822	152400	73660	133332	112640	81820	146462	112450	147750	104170	73250	99680	77820	
83120	144040	168280	118771	87150	64900	64480	13130	46351	75440	65420	45121	97551	23150	69240	48350	20770	124230	98550	127260	64770	156814	59510	20180	107650	69631	59920	154530	79100	111330	57030	85951	42950	144830	128081	51000	105400	112400	40010	97210	63390	67580	85611	54030	29050	3320	67560	87390	61460	54750	158120	148200	138390	15010	77480	134810	124730	177570	64110	53130	111790	99880	101830	58700	140810	28250	75970	83790	148300	46510	166731	35240	83121	101700	70670	22480	120620	33280	129741	143714	0	157620	68341	95430	36970	155920	74960	78900	27750	60360	98281	58690	69430	129470	13070	57220	41980	80910	74440	91620	67470	
99150	61740	122880	123050	185620	118051	153460	169000	133940	138920	100900	146281	117210	146860	89600	153400	137620	42870	100620	91680	103590	47060	105410	152300	156380	128020	135041	101530	197130	97880	114541	120760	162890	151640	120060	119090	53470	86690	135890	84350	97200	121831	189310	129921	169460	157100	109190	71710	110970	105700	90070	136050	140090	159490	86930	132720	69760	91520	171050	123040	54100	98060	61860	121690	142140	180440	205160	80140	170870	147680	130770	152610	121760	67840	98450	154370	148390	179190	131280	52100	157590	0	120340	100980	169160	110520	103630	105530	161460	202840	113690	130271	106860	48850	159170	149840	182480	95370	88600	139710	101820	
22080	82390	101100	51000	59130	83330	32590	74751	22040	19460	37420	86370	29780	71990	69600	35710	53140	104511	102020	61260	74930	97500	44800	74620	50940	7830	90270	88530	69000	44890	75460	20400	44090	82983	60310	32770	78320	109770	29570	35590	51950	86380	70270	83070	55050	66001	16330	77740	21280	53070	94840	81830	75362	58820	77840	69220	63080	111430	48480	17850	95320	102470	90080	11720	77782	76350	76520	48010	88924	30090	98900	83850	17570	91920	34520	51560	58773	65720	61970	82890	68271	120970	0	29800	50730	88740	18400	14470	83680	67900	30510	86580	79590	111151	74770	29650	63700	84480	50490	32730	31230	
14680	59980	73630	39530	76460	103810	56450	103750	51460	39550	47170	108920	21410	97330	78760	64480	78870	99811	106400	33790	91740	77840	59670	100350	61580	34650	110780	61060	91840	17420	95940	21260	73820	75810	41770	51960	74340	108780	56930	22620	60740	106860	89440	103950	84780	93260	29790	76080	36470	70610	65680	65340	64260	87130	85060	57750	39730	82270	71320	43000	91340	103840	86100	37780	66310	105890	99360	44030	87410	59820	72530	106970	22370	90930	41380	78800	54310	95450	50500	61360	95520	101551	29980	0	80460	61270	22970	17890	109410	94300	18990	107090	96020	106451	101970	56050	93430	93520	54930	41450	41320	
72370	132680	149740	95850	51260	86300	31360	36300	34260	47990	70680	76330	75020	55380	87020	18160	41480	141080	117200	111350	83370	147790	67960	54480	74490	47260	89380	138620	43160	94980	78430	64790	8100	111670	104560	54080	119750	130310	36080	85880	75261	89350	48641	81420	8820	34250	58410	104541	56750	70580	145130	119150	109350	23300	95260	105770	113370	161720	28220	44800	128640	117790	118680	46950	110540	28530	44920	87170	115140	23620	141070	68391	61960	118550	69910	24950	87460	15450	100860	133180	37230	169220	50660	80090	0	138830	66910	64760	62240	30260	78050	86020	88030	146320	48080	26000	13420	99560	85820	62420	66710	
74120	49950	12860	47800	112810	155581	108350	164181	109950	92170	101530	168360	64890	156770	129870	121700	138310	133210	155520	32430	143190	70740	114180	159790	81600	91960	168700	12700	132810	45000	151320	74350	131660	56060	41220	111400	113000	154620	116400	66960	114970	159901	125790	161860	142960	153500	89260	123880	95910	125140	29730	38190	50280	146600	136170	46420	55830	34290	123220	102470	130040	152960	126350	97250	50270	164970	144380	95140	75620	118000	20490	166410	77190	135770	95480	138270	66640	153580	47730	59210	155440	110820	88320	60870	138590	0	82410	77360	168850	148480	61370	164810	147470	140320	161570	113090	149600	144630	106520	81330	99070	
9590	70510	94750	54750	77430	82480	50890	84890	34610	37760	26190	87590	35420	76000	59510	52020	57540	86780	90780	53730	70990	85620	38350	79020	66100	26130	89450	81000	87300	38540	74610	28050	60400	91030	62890	30630	62680	96160	38440	23710	39810	85530	88570	82620	69750	72730	10200	63460	15140	49310	84590	85580	79480	68900	65810	72970	51200	101180	66780	24770	79680	90450	74440	21610	81530	87980	94820	32370	100993	46400	93650	85640	25650	78310	20450	60570	69280	81760	65720	71010	74670	103650	18300	22530	67040	82390	0	6850	88080	86200	33960	85760	75650	93420	80800	47950	80010	74270	37390	46970	20000	
8200	68510	90070	48560	73040	88150	46500	87110	35540	32640	32440	93260	29530	81670	65760	49520	63210	94311	97030	50230	77240	83620	44600	84690	60670	21740	95120	77500	82910	33860	80280	22620	57900	84840	57870	36300	68840	102410	40290	21710	46060	91200	84180	88290	68860	76620	13150	69710	20740	55560	81450	79390	73290	70490	72060	66780	49200	98040	62390	26360	85840	96700	80600	21140	75340	89570	90430	38530	95563	43900	88970	91310	20220	84560	26700	62160	63090	79530	59530	69010	78880	105710	14060	17960	64540	77710	6790	0	93750	81810	27770	91430	81900	100951	85330	43560	77510	80520	43640	41540	26250	
95840	152850	181000	133370	112200	62490	87630	29990	64280	93590	72340	28050	112150	17610	74490	71500	31160	128320	98630	139980	66000	163074	65780	9670	128270	85140	44130	167250	103940	124790	55390	100550	68000	162583	142680	61740	110650	116760	54380	107280	69650	59870	110961	40950	54400	28670	80650	92640	74180	60320	170840	164200	154962	40360	82730	151382	133540	189000	89160	67620	115880	101170	105920	73190	157382	48540	100810	90050	168524	68500	179900	15400	97720	105790	77750	46060	138373	57140	144340	149974	27560	161710	82940	108780	62320	168640	87680	93090	0	85200	112880	44750	68010	133560	24240	80370	67150	82720	80700	110040	78000	
89640	151190	158990	105100	42410	111160	40990	55380	59730	58210	97990	101190	84650	79740	112890	41600	66340	167320	142630	121381	108600	167230	97091	78220	72690	60000	114420	148621	21180	104771	103290	77450	32720	113590	113810	82860	147450	156480	65370	103150	105211	114210	29300	106280	33550	57840	82090	131470	82220	97630	155511	123740	111440	47660	121370	111460	130640	172101	25590	70270	154880	143960	144920	70630	112460	39670	16830	112990	109080	48940	146880	92751	74700	144790	95380	49810	89380	29750	110110	152620	60360	203030	67760	94210	30260	148621	86160	82030	84910	0	87760	111060	113260	180890	71110	38540	19940	124990	111700	70560	92180	
29050	67831	73790	21070	61460	113680	47970	104691	51980	31790	59180	116720	3520	101930	92500	61020	83080	115261	121270	34461	103980	88621	71340	104560	43520	31380	120620	61701	81460	17851	105810	13220	71160	57350	30380	62310	89070	123650	59510	38800	72800	116730	74440	113420	82540	95941	39160	90810	46750	82300	68591	51900	45800	88480	98800	39290	47351	85181	62840	48200	106180	118710	100830	42070	47850	103840	90880	58760	68830	57580	68970	114200	16060	105660	53440	81500	35730	93080	32040	73611	98211	113992	30350	18650	78090	61430	33520	27260	113620	88100	0	116930	108640	121901	104710	52590	89220	107260	69660	27090	52990	
94050	140414	176640	137500	127860	22150	100140	67110	70890	100200	62960	19760	116280	40780	41901	86270	44930	96461	61100	131750	28470	145971	52360	44410	133480	89900	6660	159020	124861	123000	19150	105760	85130	167793	146810	55100	78791	79240	60630	97900	53850	16200	129741	5610	78610	59290	78680	60781	71080	42130	162064	169300	160172	65460	48611	156470	121284	176714	106290	68760	84021	63640	74061	75090	162592	85100	127630	73861	173734	80810	175540	30250	102930	72420	68370	64720	143341	86980	148470	133314	58500	129851	86710	106990	85980	164280	85890	91120	44750	111020	117010	0	30480	100600	57400	94840	92500	45190	64031	114800	68620	
82490	119710	160310	130050	126700	18010	98980	80010	69530	95580	51040	46240	109610	56020	18980	86810	50720	69710	32050	115840	5940	122790	38490	61460	129480	83950	35000	143110	125411	112380	14500	99810	85670	163793	136730	47720	55610	50190	59720	81990	36580	21790	130291	29880	81190	69500	70500	36250	63110	29120	141610	159150	154780	71890	21440	148270	100580	156010	106840	62810	55930	34590	48520	69140	156830	92170	129470	52350	169734	80230	159210	55722	96980	43370	55720	66770	139271	90920	141020	112640	69330	106670	80040	96370	87620	147950	75680	82060	67930	113500	109260	30230	0	71550	70300	94260	95120	16140	42520	108850	57850	
92690	91260	152320	142250	179711	88350	143520	140110	115630	134091	81520	116580	124441	117970	60710	136470	108730	8080	63190	110770	74700	81030	78990	123410	162761	119201	105340	131050	189271	114090	84840	118961	143030	171930	139260	92670	31420	48810	109490	87370	70780	92130	191721	100220	140570	128210	94240	42000	94570	78190	121960	157190	160380	130600	54590	153870	88610	127270	158830	105831	19390	60630	29270	105301	162430	151550	196791	62140	198254	130230	156670	123720	119961	29960	80550	125480	160071	150300	150480	81620	128700	48840	111531	106681	145820	139960	94100	101041	132570	181180	122681	100570	71530	0	130280	139880	154500	57940	68550	141221	83880	
82760	140930	167920	120290	102170	56180	75330	34280	51200	80510	60420	37380	99070	16790	62570	59200	18080	116400	91640	126900	58100	151154	53860	19420	115170	72060	51500	154170	97120	111710	48530	87470	57970	149503	129600	48660	98730	105460	41300	95360	57730	58720	102501	45340	46040	24520	67570	80720	61100	48400	157760	151110	141882	32000	70810	138302	121620	177080	79130	54540	103960	92940	94000	60110	144302	50330	93990	78130	155444	56200	166820	30110	84640	93870	65830	34090	125293	53520	131260	138054	23730	149790	69860	95700	53960	155560	74600	80010	28480	78380	99800	49960	61020	121640	0	68070	60000	74240	68780	96960	66050	
51370	111680	125600	71710	36050	93460	8940	59890	25880	22260	61440	89480	49290	69290	86361	8880	53830	134701	118781	86021	89970	126790	62931	71920	52110	21730	98280	113261	41160	69411	85590	39260	18840	89290	80420	48660	108290	131151	35140	64880	69881	96510	46040	90320	33700	54370	44810	99161	45340	69440	119900	95020	85210	43420	94601	81630	92370	136490	20390	33670	125620	119231	115350	33350	87630	53840	48680	75620	92760	14920	116930	82210	36430	116240	58540	40380	65080	40760	76720	112180	57350	150260	29490	55940	25770	113261	47890	43760	80500	38520	52400	94920	94630	141341	68200	0	37990	101150	74510	38400	55340	
84570	145820	159830	105940	53440	93010	41450	37610	46080	59050	82500	83040	85490	61590	94740	30360	48190	149170	124480	122221	90450	161860	78930	60070	81610	59250	96090	149461	38410	105611	85140	76780	20300	121760	114650	65900	131330	138330	47900	98080	86530	96060	46270	88130	15400	39690	70610	113320	68570	79480	156351	129250	119440	29510	103220	115860	125570	172941	30400	56620	136730	125810	126770	59150	120630	24220	35280	98990	121680	35820	151160	74601	73950	126640	81730	31660	97550	11600	110950	147250	42210	181480	62860	92290	12470	149461	79110	76960	66760	19670	88600	92730	95110	154410	52960	37790	0	106840	96790	72510	78530	
80360	113710	157560	128580	133410	32970	104510	92540	76210	100390	49940	61200	109250	70980	15220	94620	61860	56110	19680	113090	19530	111370	40471	76420	134760	88760	49960	140360	136571	109630	29460	101880	96830	165890	133980	52950	44190	36590	66430	79240	35420	36750	141451	44840	93000	80640	71280	24830	66401	32350	137980	156400	154140	83030	10020	146800	96950	150730	117820	67620	42330	22220	34920	73910	156190	103980	140630	49600	175014	87560	156460	70682	99480	29770	54250	77910	144140	102730	139550	104070	81130	95250	84680	93620	98780	145200	74210	80590	82890	125310	107790	45190	16150	57950	82860	100870	106930	0	39770	114130	56150	
41570	80430	119170	90820	106340	51661	77470	87100	50810	69140	15690	71710	71790	66260	24930	70460	56020	61120	56200	74700	38250	86460	20160	71700	100620	57510	68110	101970	115030	70840	48151	64780	78780	127100	95190	33120	37020	60710	49420	40850	11950	55441	117480	61470	83220	74680	34570	28010	29740	24020	102330	118010	115550	76280	31230	109040	61300	116730	93000	40270	51340	55770	41380	42160	117600	96560	122550	12930	138604	64740	118070	74190	62380	42860	17150	69980	105350	95120	101790	73360	75770	88080	49950	54830	85050	106810	37110	43490	80860	112110	70030	63881	42530	67760	77500	73830	97110	39690	0	82410	19050	
45680	93861	89730	35840	39430	111650	31540	94280	46370	18440	70200	114540	23530	99290	99251	45950	80570	133921	131671	60491	104190	114861	75821	101920	21240	25020	118590	86870	58290	43881	103780	21000	55280	55791	44550	61550	105700	142310	57020	58250	82771	114700	52410	111240	70570	88760	49110	107440	54060	82330	94621	59140	49340	77810	107491	45760	73381	111211	45460	46400	124840	132121	119490	41630	51760	90280	68120	75390	61732	46910	81060	112020	22020	124320	66640	73600	31581	77200	40850	99641	91640	140022	32780	41110	62210	81920	46710	41510	110980	70720	26830	114900	108850	140561	101380	38300	72790	114040	83270	0	64010	
27640	78620	111370	74300	86460	64600	58740	76890	32080	50410	7400	74030	54970	64150	41610	51730	49270	75190	72880	66900	52910	91020	19560	69590	81890	38780	73130	94170	94860	57420	56490	47600	60050	110580	81770	18560	51090	78850	33940	33050	21930	67650	97600	66490	67100	64730	15840	46740	11010	30520	97760	105130	99030	64760	47910	92520	59310	114350	74090	21540	68090	72550	60110	23430	101080	84090	102380	20780	119753	46010	110270	72080	45010	61000	3520	55840	88830	79110	85270	77350	66670	100850	31220	41410	66320	99010	19930	26310	78750	91790	53510	69440	57750	81830	72800	55100	79290	56370	19490	63680	0	

0	                                           Baldock	0	0	32400	0

1	                                               Ely	718	4133	18733	1436
2	                                    Market_Deeping	266	9570	21819	532
3	                                           Rushden	332	12804	24041	664
4	                                          Bicester	480	5237	9444	960
5	                                        Swanscombe	780	19550	26999	1560
6	                                         Aylesbury	344	12166	23521	688
7	                                          Knaphill	637	10093	23473	1274
8	                                     Kings_Langley	115	8905	15524	230
9	                                  Leighton_Buzzard	468	12136	23087	936
10	                                         Hoddesdon	260	14054	28127	520
11	                                             Oxted	756	4830	14172	1512
12	                                          Kempston	298	20177	24292	596
13	                                             Epsom	151	6688	11029	302
14	                                         Brentwood	567	23039	25080	1134
15	                                   Great_Missenden	665	5452	18946	1330
16	                                          Richmond	825	11266	18718	1650
17	                                        Colchester	105	10599	24241	210
18	                                   Southend-on-Sea	625	16005	21689	1250
19	                                        Huntingdon	187	8909	22515	374
20	                                    South_Ockendon	645	3354	13461	1290
21	                                        Lakenheath	217	12315	18898	434
22	                                     Waltham_Abbey	153	12707	26696	306
23	                                       Leatherhead	659	9519	19985	1318
24	                                         Towcester	174	22671	26283	348
25	                                         Dunstable	493	5778	16698	986
26	                                         Sevenoaks	146	5176	14801	292
27	                                        Whittlesey	634	11272	25626	1268
28	                                            Oxford	379	20529	23548	758
29	                                       Eaton_Socon	122	21267	28322	244
30	                                          Dartford	226	17731	24203	452
31	                                          Ampthill	383	21869	26690	766
32	                                      High_Wycombe	174	4657	16828	348
33	                                 Market_Harborough	495	11008	25633	990
34	                                            Raunds	117	8551	10951	234
35	                                       Potters_Bar	574	8240	21046	1148
36	                                         Braintree	663	20184	28529	1326
37	                                 Burnham_on_Crouch	435	11277	25837	870
38	                                            Bushey	735	5885	17296	1470
39	                                           Royston	234	13827	15828	468
40	                                            Epping	336	16928	26900	672
41	                                         Longfield	587	14267	19034	1174
42	                                        Kidlington	491	19748	24991	982
43	                                          Halstead	359	17477	22875	718
44	                                        Maidenhead	550	9177	19054	1100
45	                                          Chertsey	186	7939	10792	372
46	                                          Codicote	562	19001	28532	1124
47	                                        Chelmsford	635	13668	20471	1270
48	                                Welwyn_Garden_City	718	14551	17217	1436
49	                                          Chigwell	721	20632	23718	1442
50	                                             March	422	9976	23163	844
51	                                             Corby	675	18206	20839	1350
52	                                          Rothwell	559	17657	24998	1118
53	                                       Old_Windsor	242	17409	20334	484
54	                                        Billericay	169	15292	21040	338
55	                                         Kettering	529	5654	15959	1058
56	                                            Histon	254	14128	21505	508
57	                                           Wisbech	544	16592	23969	1088
58	                                             Thame	163	9115	15368	326
59	                                      Saint_Albans	122	4302	19185	244
60	                                           Tiptree	441	6686	16974	882
61	                                          Rochford	210	11741	20750	420
62	                                            Witham	555	8860	23800	1110
63	                                         Harpenden	707	9215	14265	1414
64	                                        Desborough	559	10109	23878	1118
65	                                        Crowthorne	744	5196	12928	1488
66	                                          Abingdon	699	5890	14978	1398
67	                                 Bishops_Stortford	257	16376	23923	514
68	                                       Lutterworth	596	13260	21818	1192
69	                                           Chesham	162	3641	10882	324
70	                                          Stamford	241	9868	14796	482
71	                                           Redhill	647	23783	25869	1294
72	                                          Flitwick	523	23792	28469	1046
73	                                            Maldon	566	7287	21743	1132
74	                                              Ware	729	12208	19507	1458
75	                                              Iver	309	22713	26303	618
76	                                       Northampton	659	17322	27926	1318
77	                                           Twyford	359	3624	17560	718
78	                                    Burton_Latimer	368	21930	26870	736
79	                                             Soham	573	7198	9407	1146
80	                                        Addlestone	249	14379	18030	498
81	                                        Stowmarket	449	7104	16298	898
82	                                             Luton	288	9103	23411	576
83	                                       Biggleswade	338	13694	27923	676
84	                                            Marlow	321	5833	9575	642
85	                                      Peterborough	728	8984	18216	1456
86	                                         Stevenage	528	2330	4874	1056
87	                                           Hitchin	412	17214	27719	824
88	                                           Dorking	401	5264	11105	802
89	                                       Wallingford	251	17531	25213	502
90	                                           Bedford	714	11736	16565	1428
91	                                          Shoreham	785	5270	8057	1570
92	                                             Grays	575	12603	26005	1150
93	                                          Wivenhoe	539	4195	8701	1078
94	                                             Esher	553	5584	17822	1106
95	                                          Wendover	460	5049	10099	920
96	                                  Henley_on_Thames	176	4183	10371	352
97	                                          Basildon	299	3297	16985	598
98	                                            Harlow	256	19313	22357	512
99	                                     Milton_Keynes	236	26097	28517	472
100	                                          Hertford	301	19463	27908	602
