100

6350	3650

20	90

0	99340	63320	67272	79570	80372	75420	87820	38600	83690	61630	82081	63650	67750	98260	30580	84600	85160	38630	56730	99132	96770	78140	55720	87750	28830	49290	95770	67702	44490	52400	48990	32280	86530	40940	97760	82750	46330	49420	86120	76280	77250	81730	87821	85880	28210	24750	68010	48060	69330	86470	56130	46040	93740	77910	71290	39910	27100	89041	79260	76470	27420	43610	90640	22870	86530	58730	81800	29030	72770	71470	85710	70650	67310	18260	39140	90622	79441	74040	12460	66470	64880	48940	74250	68771	27640	96140	49020	46310	96650	21220	55470	88030	73100	89651	54050	71490	21800	53180	33010	26840	
97881	0	57382	98992	54440	95541	23520	150500	115811	51441	120030	24890	148731	153831	166192	68111	86921	121322	122591	51750	119694	8050	68831	71712	156262	118601	74072	115770	104532	64501	107890	140141	129161	97880	132670	134874	174603	95442	133331	139510	129220	85020	142260	156852	92721	114701	82310	165320	113782	110772	61460	108930	77163	26880	133882	109370	113501	123981	42300	27231	75301	98830	114100	150650	111691	166722	121422	20010	121110	93564	159660	151792	73942	152342	115451	70751	113581	71201	146030	93941	147110	161941	120532	121850	37280	109111	80950	108022	129981	72100	91821	129052	88501	122700	44720	52642	80411	101431	135610	74051	71221	
63420	63390	0	44260	83870	43141	44240	138710	64560	25510	110050	62560	95350	99290	111430	32670	35710	66590	73990	56100	66721	65240	22170	16980	101510	72620	19340	127150	49800	20480	99410	94160	87000	112020	98830	80530	117900	40710	84090	133320	123410	102740	130840	102090	41810	68720	51480	124610	59050	56040	91590	102240	23160	47280	79150	104190	60350	82290	34510	37590	24660	74650	94690	139230	65980	111420	66690	44110	87720	38950	131680	97040	19210	97040	79710	25320	61291	24500	129740	60020	124960	119880	65800	116670	56360	63041	111271	53290	79370	102230	46870	74300	37590	116890	32740	15120	26220	55720	111070	32630	37300	
67421	101871	44090	0	114910	14270	81340	146501	47180	54020	126351	99660	76210	80150	71271	56890	25520	24710	56120	87140	32400	102340	34740	28600	61781	62510	31890	155250	7650	50750	116171	77730	78510	139990	99551	38650	98760	24670	65520	150711	140051	130710	140411	66041	20240	56610	73770	115840	37890	14640	122630	119901	36320	80440	37030	132160	42030	73800	64410	76700	28510	91191	109021	152411	57400	83010	37610	83220	87641	9030	130211	56881	29360	77900	76871	44040	23890	33920	132651	73471	125081	111030	44940	138021	92990	50440	142550	29400	60800	133270	48641	52310	27900	136871	61860	51750	24080	48251	111791	52020	60070	
79690	54300	80330	115000	0	118820	44170	104240	111380	85070	74310	32140	140000	146260	171560	62640	113010	137860	113810	28050	142600	52230	98020	87870	161640	105340	84380	62640	117570	69300	62670	126370	107920	44750	94260	151840	161450	103100	124600	86280	80340	30820	96370	162220	119280	103390	55010	126940	117900	123210	7900	63340	80310	74730	143920	56480	111920	104480	82920	60860	102340	60140	72320	104760	98500	165740	126820	57980	85410	110800	117470	157170	95170	145820	90290	72870	135010	100760	99770	68810	101960	132450	121720	69090	29330	102220	27820	114170	121490	18540	84760	129940	115270	75600	83940	70710	102210	94370	93420	69450	61660	
80041	95960	40262	14030	118950	0	79442	159261	60050	46450	138971	97762	89950	94140	83661	63420	14070	28690	69480	91180	26650	100060	27170	32220	74171	75130	38420	160930	21030	54260	128791	91150	91130	145800	112171	41830	112750	37290	78940	163331	152671	136520	153171	78431	7520	69230	80780	128681	51630	28020	126670	131960	42850	72870	49420	137970	55200	86420	56840	70160	20940	103811	121641	165171	70020	96750	51350	76680	100261	8420	142971	69271	25620	91890	89491	50570	20240	26350	145411	86091	137841	123951	58680	150080	92372	63060	146590	43140	74220	137310	61261	66050	15180	148930	54290	51562	18750	60871	124411	58550	66600	
75740	23570	40650	81330	44190	79382	0	132600	95660	41480	102510	18760	128310	133410	148510	46370	73710	103660	102170	30300	102962	21000	56980	54050	138580	98180	56410	105520	86870	44350	90370	119720	107020	87590	109570	117600	152700	77780	112910	121610	111700	73020	124360	139170	79810	94280	59120	143350	96120	93110	51210	91410	58040	31140	116220	91850	93350	101840	39330	17270	62660	76920	94620	132750	91490	149040	103760	14390	98150	76600	141760	134110	57210	132160	93120	50600	97532	59720	128130	71540	129210	139800	102870	104330	17730	88960	70700	90360	109560	61850	71560	111370	75590	105180	40350	33580	64220	81280	116610	52490	49480	
87650	150630	141170	146662	104390	159882	132750	0	113740	161440	30920	128090	117760	119490	168560	105920	168191	162750	107600	104370	178642	148560	157100	136380	158050	94320	130910	82200	146250	119830	42560	101590	79570	83840	49550	175700	116370	124920	114390	53770	44200	87420	9050	158161	166022	99120	89090	55410	124511	146920	107280	45640	126560	163400	153160	56290	115901	81480	166791	147070	158221	65830	46220	11480	94481	146390	133980	146560	60020	152882	33800	155970	150890	119080	70240	118270	170302	159430	17700	81700	24850	72490	123310	52350	119090	103011	104180	126610	113340	110410	104110	124760	170611	46450	167401	129390	153730	99390	36670	110120	102260	
39330	118120	64980	47040	111420	60140	95360	113700	0	86630	94672	108911	35910	40690	62250	52830	69480	54740	11070	84690	70080	116360	71690	49790	51740	21060	48530	134520	41880	56040	89553	32680	38330	123390	66750	67340	58800	24520	21340	119162	109033	114110	107610	51811	66110	15580	56600	75660	13090	38910	118320	93781	46000	106740	41440	110031	5550	34320	93671	96850	67780	66170	77642	119480	20320	55510	22260	100210	54921	53230	91030	48980	63890	39640	44151	45370	68570	72470	99850	49320	92280	65150	11510	111901	95601	11550	133000	18010	17080	128500	28950	19730	72610	108973	93860	65030	60590	19520	78990	45530	51490	
84280	51820	22010	53770	85300	46190	41110	161300	86500	0	129940	59870	117840	121780	124391	53390	37180	72560	95930	63350	70110	55920	20710	37980	114901	94202	41280	140980	60770	41500	118470	115792	109382	122940	121490	85290	140390	62650	106580	152940	142470	111640	152780	119161	42840	90302	72200	148312	80990	67760	92320	121300	45100	28150	90150	123250	82290	103962	12120	26020	25590	95370	115410	161170	87562	133910	88630	32540	108440	45720	154340	110001	29460	119530	101490	47260	63700	20240	152670	80740	147730	143582	87740	135730	58840	83952	111810	75230	101860	102960	68810	96240	38200	135950	9570	30450	32290	77442	133730	54570	58020	
61370	120200	110000	126742	74330	139310	102700	30670	95072	130060	0	98040	105200	109300	151100	77380	137141	143531	90180	74320	158602	118130	126050	107840	140590	76730	102370	52140	127031	91290	12860	86630	66000	53780	34410	156481	119180	105701	97120	25550	15980	57360	22800	140701	142120	81052	59900	59530	105172	127701	77220	15710	98020	132970	134562	26230	96562	64740	135411	117020	127171	37290	17990	31190	75142	132780	115382	116510	41320	130770	46690	138550	119840	108860	51581	89730	150092	128380	26200	53160	28390	75300	105412	22290	89040	83672	74120	107391	95920	80350	79830	107340	139561	16390	136021	100380	125190	80171	28660	81580	73720	
82551	24850	59050	99730	32220	97782	18980	127910	109341	59830	97810	0	139832	146102	166930	60050	92110	122060	113642	29570	121362	21860	75380	72450	157000	105172	74810	93550	105270	62490	85670	128062	113471	75660	110490	136000	163072	96180	124432	116920	107000	62800	119670	157590	98210	103222	60130	143100	114520	111510	39240	86710	75350	48730	134620	87150	108771	108291	57680	35620	81060	76610	91500	128060	98332	162702	122160	30800	98930	95000	137070	152530	75610	144842	94940	67910	115932	78120	123440	73360	124520	146251	119531	99630	15100	101081	58730	108760	121322	49880	81461	128292	93990	100480	58700	51980	82620	92451	113020	66151	58361	
63580	151630	95650	76190	141260	90160	128870	117930	36180	117420	105610	140382	0	6780	56660	86040	99920	82560	27110	116300	97900	149870	102260	80460	47500	37620	79220	149882	70500	89410	102762	19700	41240	147840	75960	92400	24890	55190	16190	130100	120530	138560	114660	45940	96180	37900	86440	63490	37900	67180	148280	107072	80930	139920	55180	123972	39380	40820	126420	129500	98350	87810	88580	127750	43640	31640	40660	133720	64610	83300	84940	47910	94460	4920	57540	78740	96390	103260	105720	73770	98150	47640	31780	125192	127072	40630	157450	46630	20910	158740	60560	27140	103250	121140	124650	98400	90970	49530	85660	78740	83100	
67720	156180	99790	80330	146560	94300	133420	119530	40730	121560	109750	145662	6820	0	56940	90590	104060	86310	31660	120850	101730	154420	106400	84600	47780	41760	83360	154022	74640	93960	106902	23840	45380	151980	80100	93710	19640	59330	20740	134240	124670	142700	118800	46220	100320	42040	90900	65090	42040	71320	153460	111212	85480	144060	57850	128112	43930	44960	130560	133640	102490	91950	92720	129950	47780	28450	44800	138270	68750	87440	86540	48190	98600	3230	61680	83290	100530	107400	108360	77910	101980	49240	35920	129332	132021	45180	161590	50770	25460	162880	65110	31280	107390	125280	128790	102950	95110	54080	89800	83290	87650	
99580	169131	111720	71041	171200	83361	148600	169310	62400	124331	152010	166920	57360	57310	0	109610	95291	61450	61720	143430	76280	169600	105051	96530	11380	77510	95290	195941	65351	111520	148212	73350	91790	185470	122360	62350	62950	71280	58670	176500	166930	176190	163220	11500	87481	72320	117790	118730	55980	58281	179060	152440	99030	150751	36431	169481	61650	88040	134721	145450	98821	126400	134980	175090	78910	32060	45540	150570	111010	79341	140180	14550	100021	55750	102020	101540	76590	104231	154710	109550	147140	102880	52210	171351	154341	71800	195080	59280	58490	189700	88970	45280	95781	167540	132171	118610	94771	80190	134600	102310	110750	
31160	70030	33010	56740	62610	63890	46460	106140	53270	53380	77650	60041	85420	90520	109740	0	60580	80160	59230	34840	87680	67460	48940	32420	99820	53750	26470	98880	59310	14180	67430	76260	62080	83750	66430	94100	108630	42600	70020	102010	91350	74470	98270	100400	66700	50760	19080	97360	56790	64950	70330	70260	22120	64430	82100	75920	50960	56900	58731	50300	50460	42250	62290	106660	46910	106510	65000	52840	55320	55350	98130	95350	42740	89270	48370	13690	79170	51270	97170	27620	91960	94680	61720	88380	46731	46370	90250	52350	66910	80970	26700	69940	62850	87230	59341	23740	49770	37740	78670	7630	4900	
84700	87180	33240	25490	113120	14080	73620	166370	69680	37410	137710	91940	100470	104410	95441	60620	0	37480	79110	85350	35030	91280	18390	30910	85951	84760	38850	155100	32490	48430	127360	100810	100610	139970	120870	50210	123020	46920	88570	161830	151360	130690	158500	90211	7760	78860	79140	138090	61990	39480	120840	130190	44330	63830	61200	132140	64830	95900	47800	61380	12160	102310	122350	166890	79500	109330	62590	67900	108960	17810	152440	81051	19260	102160	98190	50140	28620	17310	154880	87350	147310	133360	69040	144620	85780	72690	140691	54240	83850	131480	65820	77150	5290	144840	45250	44540	14590	70280	133520	58090	64960	
85030	122440	65062	24400	137730	28330	103410	162270	54500	72240	143291	121730	82910	86170	61180	80030	37050	0	63440	109960	16320	124410	53650	50670	52110	73130	55030	178520	22530	72820	135580	85050	90610	163140	115320	15000	102310	43700	72840	167911	157782	153850	156180	56370	29240	67230	96910	129850	45210	19180	145450	139310	59460	98660	29780	154470	49350	86470	82630	96640	47420	110600	126261	168180	71200	75700	42060	103160	103410	28610	144510	47210	49600	84600	92640	67180	16630	52140	148420	93750	140850	118900	52260	157430	115060	62270	165600	36720	68120	156320	69410	57330	37540	156280	80080	73820	44140	63830	127560	75160	83210	
39110	124750	73920	55980	114260	69080	101990	107700	10890	95570	90400	113382	26980	32080	61460	59040	78420	63750	0	89300	79090	122990	80630	58730	50950	16090	57180	132990	50890	62530	86602	22490	30180	124700	60750	76350	50190	33460	11580	114890	105320	115420	101610	51061	75050	11230	59440	67510	21090	47920	121160	90830	54310	115050	46100	107080	15390	26430	101981	103480	76720	65780	73370	113480	17820	48650	26920	106840	49400	62170	83130	48910	72830	30830	40410	51860	77580	81410	93100	50630	85530	54960	16250	108950	100072	13750	134310	27020	8290	131340	33560	17700	81550	105930	102591	71520	69530	22530	72990	51740	56100	
56960	51730	52540	87210	28030	91030	30300	104190	84850	63430	74100	29590	115640	120740	143770	34850	85220	110070	89450	0	114810	49660	71410	60080	133850	81141	56590	79290	89780	41520	61960	103840	87120	61250	82960	124010	137820	75310	100240	93200	83290	49950	95950	134430	91490	79191	33050	115500	90110	95420	35750	63000	52520	58750	116130	63440	84280	81950	66170	44620	74550	49400	67100	104340	74301	137350	99030	44110	71850	83010	112250	129380	67380	119490	67860	45080	107220	74150	99720	46280	99700	116720	95040	75920	17700	76590	55670	86380	97130	46390	56970	103260	87480	76770	66780	42920	74420	67960	88200	41660	33870	
99491	120690	63912	32460	143230	26660	103092	177710	69940	70330	158421	121412	98400	101990	76840	87890	35140	16490	78880	115460	0	124092	51900	56690	67770	88570	62890	185210	34660	78540	148241	100490	106050	170080	130760	17230	118130	56720	88280	183351	172751	160800	171620	72030	27330	82670	105250	145860	60650	34620	150950	151971	67320	96750	45600	162250	64790	101900	80720	94890	45730	123261	141091	183620	86640	91360	57550	101410	118850	34030	160520	62870	50121	100090	108080	75040	9670	50230	163860	105541	156290	134870	67700	170721	116022	77710	171100	52160	83560	161820	80711	72820	35630	169571	78170	75212	43500	79270	143000	83020	91070	
97380	8080	61732	102570	52410	99891	21240	148470	116900	55791	118000	21930	149820	154920	169770	67610	91271	124900	123680	49830	124044	0	73181	75290	159840	119690	77650	113740	108110	65590	105860	141230	128660	95850	130790	138840	174210	99020	134420	137480	127190	82990	140230	160430	97071	115790	80360	163290	117360	114350	58290	106900	79280	33920	137460	107340	114590	123480	49340	31581	79651	96800	112070	148620	112780	170300	125000	24200	119230	97840	157630	155370	78292	153670	114790	71840	117931	75551	144000	92780	145080	161440	124110	119820	35450	110200	78920	111600	131070	68120	92800	132630	92851	120670	51760	54820	84761	102520	133580	73730	70720	
78060	69240	19630	34740	98621	27160	56990	155350	71270	20850	126420	75310	102610	106550	105361	49040	18540	53890	80700	71700	51610	73340	0	22791	95871	83271	30030	143520	41740	36850	115780	102950	97741	128390	115200	66790	125160	47420	91350	150250	139780	119110	147480	100131	24340	78850	67850	136671	65760	48730	105641	118610	34340	47270	71120	120560	67060	93031	31240	43440	6920	91020	111060	155870	76631	116610	68740	49960	102921	26690	148050	90971	9520	104300	92151	39730	45200	3190	146380	76390	141440	131941	72510	133040	70220	72100	125131	58890	86080	116281	59311	81010	20120	133260	28690	30930	12030	66511	127440	47680	53670	
55690	74501	17090	28610	88000	32420	53970	137140	49630	37980	108650	72290	80420	84360	96500	32630	30830	50940	59060	60230	56460	74970	22920	0	86580	60770	9840	129980	33620	23090	98430	80760	75240	114850	92330	64880	102970	25780	69160	133010	122350	105570	129270	87160	35230	56870	50080	112570	44120	39930	95720	101260	15320	60510	63040	107020	45420	70530	47740	50820	21501	73250	93290	137660	54130	96490	51760	55940	80420	23880	123470	82110	15400	82110	69650	21080	48090	24041	125520	58290	117860	107840	50870	119380	65620	50250	115640	38360	64440	106360	36810	59370	33891	118230	45970	24380	17720	44010	104570	29030	35900	
89000	159531	102120	62361	161600	74681	139000	158730	51820	115651	141430	157320	48180	48130	11400	100010	86611	52770	51140	133670	67600	160000	96371	86930	0	66930	85690	184651	56671	101920	137632	64150	81210	174890	111780	56780	56690	61680	49220	165920	156350	165610	152640	4940	78801	61740	107210	109550	45400	49601	169460	141860	89430	142071	27751	158191	51070	77460	126041	135850	90141	115820	124400	164510	68330	26290	35940	140970	100430	70661	131000	5710	91341	46570	91440	91940	67910	95551	144130	98970	136560	93700	41630	160061	144741	61220	184500	49680	47910	180100	78390	34700	87101	156960	123491	109010	86091	69610	124020	92710	100470	
28830	121400	72860	62260	106060	75360	98640	94300	20950	94060	77000	105182	37420	41520	77050	54110	84700	73150	16260	81511	88490	119640	83660	61060	66540	0	55120	118680	60290	59180	72292	24480	18900	113090	47350	85750	58070	39740	25240	101490	91772	103810	88210	66651	81330	6790	51240	56230	32570	57320	112960	76520	51740	112480	60730	92770	23960	14750	99411	100130	80360	53060	59970	100080	7600	62350	41550	103490	36000	68450	71460	64500	76140	41080	26100	48510	85610	84781	80450	39020	72880	51500	30880	94640	91872	12770	122700	36420	22900	123140	29040	33290	87830	91712	100021	68170	74100	17910	59590	47220	50090	
49270	77121	19710	31730	84500	38970	56590	130900	48120	41360	102410	74910	78910	82850	94990	26480	38760	55150	57280	56730	62670	77590	30150	9880	85070	54850	0	124710	34300	19870	92190	76380	69320	109580	85910	69090	101460	24270	67650	126770	116110	100300	123030	85650	41780	50950	43840	106650	42610	39940	92220	95020	5910	63130	63050	101750	43910	64610	50360	53440	30091	67010	87050	131420	48210	94980	50250	58560	74000	30430	117050	80600	22630	80600	63230	13630	54160	31830	119010	51330	111440	101920	49360	113140	66010	44540	112140	36850	62930	102860	30390	57860	42190	111990	48590	24140	25650	38090	98150	21610	29660	
95610	115760	126410	155540	62410	161100	105550	81870	134000	141000	51940	93600	149710	153810	195490	99240	155290	178960	133950	79230	184880	113690	143650	130150	184230	119610	125080	0	158110	111590	47760	131140	110510	21310	84330	192400	164900	137700	141630	39900	43390	40190	74000	184341	161560	122990	84380	110730	142630	163300	58000	45460	120730	136110	172930	25940	135310	109250	144030	122240	145170	70620	62500	80910	117080	177602	154130	119360	85830	153080	97890	182190	137450	153370	93560	112300	177290	145980	77400	86490	79590	126500	144340	33960	89940	123040	42350	143590	139690	52210	113160	150870	157560	40200	144640	116790	144490	117070	79860	104620	96760	
68071	107211	49720	7710	117520	21200	86680	146160	41470	61000	127001	105000	70500	74440	65621	59500	32450	22790	50410	89750	34380	107680	41720	33650	56131	60100	34500	157860	0	53550	116821	72020	77110	142600	99210	35880	93050	23270	59810	151361	140701	133320	140070	60391	27170	54200	75680	114440	32180	8720	125240	120551	38930	87420	31380	134770	36320	72400	71390	82330	35490	91841	109671	151940	56000	76130	30730	88650	87300	16010	129100	51231	35460	72190	76530	46650	28540	40900	132310	74121	124740	104490	39230	138671	98330	49040	145160	23690	55090	135880	49291	46000	34830	137521	68840	57090	30630	47850	111450	54630	62680	
45210	64240	20840	50610	66200	54220	41480	120190	56700	41670	91700	59640	89350	94450	111790	14320	48410	72940	63210	38430	78000	62480	36770	22950	101870	59220	19780	108180	53390	0	80440	80760	73040	93050	80480	86880	113660	41420	73950	114350	104440	83770	112320	102450	54680	55320	33130	111020	59400	59030	73920	83270	17360	55470	82140	85220	54390	68330	47021	42970	38290	56300	76340	120710	52580	109940	67050	46330	69370	45880	112990	97400	30570	93200	62420	11650	70090	39100	111220	41670	106010	106290	65150	97700	47650	50000	93840	54000	70600	84560	32720	73370	50680	97920	47631	12560	37610	42320	92720	16010	18950	
51900	108220	98170	116362	63140	128930	90720	42500	90290	118190	12780	86060	102450	106550	148332	67000	126761	136020	87412	62340	148222	106150	115410	97460	137693	73072	91990	48180	116792	80910	0	83880	63250	49820	37070	148690	117640	95490	94370	36610	25950	46780	34630	137804	131740	76493	48070	69620	98920	120190	66030	4770	87640	119170	129220	22270	91600	61990	123541	105040	116791	26910	15240	43020	70583	130030	110420	104530	38570	120390	58520	135653	109210	106110	47022	79350	139712	117740	38030	42780	40220	84280	100630	22890	77060	79113	66570	99880	93152	69160	69450	104443	129181	21740	124151	88550	114810	73360	35900	71200	63350	
49250	143410	94870	77140	127130	90760	120650	101670	32270	116210	87160	128262	19380	23480	73190	76900	100760	84840	21970	104591	100180	141650	103100	80410	63950	24800	77020	131432	71980	81190	84312	0	22790	131610	57510	97440	34570	55140	17640	111650	102080	122330	95580	62470	97020	26860	72640	47310	42180	69010	134030	88622	73640	134630	65540	105522	36960	22370	121561	122140	99190	69760	70130	108670	30680	49630	47650	125500	46160	83850	68760	64360	95300	23040	39090	70520	98670	104100	86640	59300	79070	32520	36980	106742	114952	32520	141220	48110	22090	143070	51420	35590	104120	102690	122171	90180	91210	40290	66580	69600	73170	
32130	130760	87220	78150	107880	91250	106840	79650	38140	110500	66050	113501	41020	45120	90950	62000	100570	90740	30030	87330	106080	128190	99290	75420	80440	18410	69480	110322	76900	72850	63202	22450	0	110610	35310	103340	55320	55630	35750	89960	80390	101330	73560	80551	97220	24260	54910	37330	50160	74910	114780	67512	66100	125160	75590	84412	41550	5240	115851	110680	96561	48760	49020	86650	21830	70640	56410	113220	24970	84340	52990	78400	90500	44680	19730	62770	101500	100411	64620	41420	57050	32600	45740	85632	100191	30010	120220	54010	35430	122070	40950	47190	103872	81580	116461	82530	89340	32270	44560	58370	58260	
86730	97780	111170	140110	44430	145860	87600	83490	123950	123050	53560	75620	147650	151750	185580	84000	140050	163530	124730	61280	169640	95710	128410	114910	174880	112830	109840	21350	142680	96340	49380	131340	110710	0	85950	178480	165100	122460	135470	53310	50340	22120	75620	174951	146320	114230	69140	112350	131660	148040	40020	47080	105490	118160	161960	27560	125040	109450	126080	104290	129930	62930	64120	84010	108320	172620	143520	101410	87450	137840	99510	171980	122210	151310	93080	97060	162050	130740	79020	75520	81210	128120	134290	39090	71990	113140	25320	132210	132410	34230	99580	141390	142320	45600	126690	101550	129250	106100	81480	89380	81520	
40880	133020	99290	99582	94070	112682	111430	49730	66660	121650	34580	110860	75710	79810	121610	66550	121120	115670	60690	83290	131010	130950	115060	92460	111100	47240	86030	84370	99170	80460	37250	57140	35330	86010	0	128270	90650	77840	67630	57430	47860	82970	43640	111211	118652	52040	50790	39080	77431	99840	100970	41560	82780	130350	106250	58460	68821	35250	127031	115870	113210	36010	22870	55510	47401	103290	87070	118410	12940	105802	35410	109060	107540	79370	23160	78290	122932	116181	35200	39900	27630	50690	76400	56010	97170	55931	102760	79530	66430	105350	57030	77850	124770	50110	127641	90020	108230	52310	14340	70750	62890	
98150	135540	78762	38310	151680	41510	117320	175390	67620	85180	156411	135640	92650	93810	62430	93940	49990	15210	76560	123870	16930	138320	66750	64580	56460	86250	68940	192410	35650	86730	148770	98170	103730	178530	128440	0	111170	56820	85960	181031	170902	169250	169300	60350	42180	80350	110660	142970	58330	32300	159400	152500	73370	111600	38780	167930	62470	99590	95570	109740	60580	123720	139381	181300	84320	81010	54130	116260	116530	42520	157630	52520	63510	92250	105760	81090	25390	65080	161540	106870	153970	132020	65380	170890	128970	75390	179550	49840	81240	170270	82530	69400	50480	169740	93020	87730	58050	76950	140680	89070	97120	
82230	177052	117800	98340	161370	112310	152500	116160	58330	139570	119330	162352	24800	19020	62640	108190	122070	102080	49260	138260	117500	173500	124410	102610	56520	57550	101370	164412	92650	113040	117292	33890	54820	164700	90130	110840	0	77340	38340	142180	132610	155310	115690	52870	118330	57830	105620	61720	60050	89330	168270	121602	103330	162070	73620	138502	61530	55350	148570	151650	120500	102740	103110	126580	63570	31010	62810	156770	79140	105450	83170	59250	116610	21240	72070	100890	117570	125410	104990	92280	98610	45870	53930	139722	149042	62780	174310	68780	43060	176930	82110	49290	125400	134860	146800	122030	113120	71080	95380	100570	104590	
46650	98711	41300	25010	103180	38110	78180	124590	24730	62950	105611	96500	55520	59460	71600	42510	47450	44690	34160	75410	56870	99180	48010	26110	61680	39810	24870	137530	23760	41460	95440	55860	55810	122400	77640	57290	78070	0	44260	129980	119320	113120	118500	62260	44080	33910	54310	93140	19220	25940	110900	99170	28610	84720	43780	113430	20520	51100	71950	75030	44100	70460	88290	130370	34700	71590	26860	80150	65730	31200	107800	57210	40210	57210	54960	31480	48360	48790	110740	52740	103170	88010	25970	117290	84950	27740	130820	13460	39540	121540	27870	34470	50580	116140	70180	48190	37120	26340	89880	35210	43650	
50120	135640	84550	65260	125270	79170	112880	114550	21220	106380	97250	124392	15890	20730	58410	70050	88510	72960	11120	100310	88300	133880	91220	69360	49020	25510	67810	141230	60100	73420	94402	17720	35770	135710	67600	85560	38840	44090	0	121740	112170	126430	108460	47830	85140	22240	70450	64980	28310	57130	132170	98712	64940	125680	49200	115320	25650	33280	112611	114370	87310	75700	80220	120330	28830	37320	32280	117730	56250	72260	86430	48630	83420	19680	48680	62750	86790	92220	99900	61640	92330	50190	22310	116832	111082	24640	145320	36230	5190	142350	44570	18850	91640	112780	113221	82410	79930	33540	79840	62750	67110	
85960	139460	132450	151332	86300	163900	121580	53420	119662	153030	25060	116920	129790	133890	175690	101970	161731	168251	114770	93200	183662	137390	150250	132430	165180	101320	126960	39900	151621	115880	36970	111220	90020	53870	57160	181201	141930	130291	121710	0	14010	62780	45550	165291	166710	105642	84010	82280	129762	152291	89190	35020	122610	152230	159152	31510	121152	89330	158381	135900	151761	61880	42580	48680	99732	157370	139972	135390	65910	155360	69440	163140	144050	133450	76171	114320	174682	152580	48950	77750	51140	98050	130002	19090	107920	108262	78100	131981	120510	84950	104420	131930	164151	16930	158991	122830	149780	104761	51410	106170	98310	
76460	129120	122490	141062	80430	153630	111620	43920	109543	142510	15560	106960	120290	124390	166190	91700	151370	158132	105270	83240	173392	127050	139730	122160	155680	91820	116690	43440	141492	105610	26440	101720	80520	50420	47660	171082	132430	120172	112210	14080	0	56910	36050	155791	156440	95523	73480	72780	119643	142172	83320	25060	112340	141890	149033	25640	111033	79830	147861	125940	141250	51610	33080	44440	89613	147870	129853	125430	56410	145090	59940	153640	133530	123950	66052	104050	164412	142060	39450	67480	41640	88550	119883	12020	97960	98143	72230	121862	111010	79080	94150	122430	153640	7010	148471	112870	139510	94642	41910	95900	88040	
77450	84980	100860	130830	30920	136580	72960	87830	114670	111750	57900	62820	138370	142470	176300	74720	130770	154250	115450	49980	160360	82910	119130	105630	165600	103550	100560	40230	133400	87070	46360	122060	101430	21900	82930	169200	155820	113180	126190	62820	56880	0	79960	165671	137040	104950	59860	115480	122380	138760	32370	47030	96210	103520	152680	33220	115760	100170	111710	89650	120650	53650	61100	88350	99040	163300	134240	86770	78920	128560	103850	162700	112930	142030	83800	87780	152770	121460	83360	66240	85550	125960	125010	45630	57350	103860	24840	122930	123130	29450	90300	132110	133040	52140	112730	91240	119970	96820	81760	80100	72240	
81700	142420	132810	140712	96530	153932	124540	8990	107790	152870	23060	119880	114560	118660	162610	98060	160331	156800	101650	96160	172692	140350	149240	128520	152100	88370	123050	74340	140300	111970	34700	95640	73620	75980	43600	169750	115800	118970	108440	45910	36340	79560	0	152211	160072	93170	81230	56150	118561	140970	99420	37780	118700	155190	147210	48430	109951	75530	158221	138860	150361	57970	38670	14180	88531	144100	128030	138350	54070	146932	34550	150020	143030	118220	64290	110410	164352	151570	13480	73840	19720	71920	117360	44490	110880	97061	96320	120660	107390	102550	98160	118810	162751	38590	158831	121530	145870	93440	30720	102260	94400	
88811	159901	102490	66271	161970	78591	139370	158561	51631	119561	141261	157690	46340	46290	11260	100380	90521	56680	50971	133771	71510	160370	100281	87300	5250	66761	86060	184482	60581	102290	137463	62330	81041	174701	111611	60560	52750	62050	47840	165751	156181	165421	152471	0	82711	61571	107021	107710	45501	53511	169830	141691	89800	145981	31661	158022	51171	77281	129951	136220	94051	115631	124231	164341	68161	22350	36310	141340	100261	74571	129160	9620	95251	44730	91271	92310	71820	99461	143961	98781	136391	91860	41731	159892	145111	61031	184311	50050	47741	180470	78491	34531	91011	156791	127401	109380	90001	69421	123851	93080	100571	
85870	93360	39530	20130	119410	7440	79910	165421	66150	43000	142440	98230	96050	100240	87681	66510	7810	29720	75580	91640	27270	97460	24570	35310	78191	81230	41510	161390	27130	54720	132220	97250	97230	146260	118271	42450	118850	43390	85040	166800	156140	136980	159331	82451	0	75330	83870	134781	57730	34120	127130	135050	45940	69420	53440	138430	61300	92520	53390	67560	18400	107040	126660	171331	76120	101781	57450	74080	106361	14520	149131	73291	25550	97990	95591	53660	20860	22900	151571	90650	144001	130051	64780	150910	92070	69160	146981	49240	80320	137770	66250	72150	8300	151130	50840	50830	19640	66971	130511	61640	69690	
28830	117650	69110	56570	104200	69670	94750	99030	15590	90290	81312	103322	37510	41810	71920	50770	79010	67460	11320	79651	82800	115890	79340	57290	61410	6810	51350	122581	54600	55430	76193	26550	24290	114270	52080	80060	58360	34050	22110	105802	95673	104990	92940	61521	75640	0	49380	61620	26880	51630	111100	80421	47970	108710	55460	96671	18270	20150	95641	96380	75730	54770	64282	104810	6810	59220	36280	99740	40730	62760	76850	59370	71790	41360	30791	44760	79920	80420	85180	40200	77610	56890	25610	98541	90012	7690	123880	30730	19000	121280	25290	28160	82140	95613	96251	64420	69470	14160	64320	43470	47490	
24740	82360	51740	74030	55020	80930	59090	89130	56430	72110	59830	60220	85050	89730	117510	19000	78761	97450	58860	33030	104970	79890	67670	49460	107000	50390	43990	84200	75702	32910	48400	71620	54900	69070	50520	111082	105380	54330	69650	83660	73000	59790	81260	107071	83740	48440	0	81060	63590	79910	61920	51230	39640	79100	93100	60380	56970	49730	77461	64970	68791	24030	45280	89650	43550	106760	75450	67510	39410	72390	82220	104240	61460	88900	35640	31350	96600	70000	80160	14060	75470	84230	66770	69350	46910	47270	78030	63760	66540	72100	30500	74990	81181	68200	78071	42470	66810	39420	62590	23200	15340	
67830	164990	125060	115780	127000	129322	143490	55270	75420	148250	59710	142830	63090	64820	118300	97460	138520	129420	67310	115630	145170	162920	137130	113050	109140	55690	107110	110990	114180	111170	70090	47370	37280	112630	38980	142020	61700	92910	64950	82560	72990	115810	56070	107580	135292	61540	81220	0	87440	112260	133900	74400	103730	162410	112850	85080	78830	42520	153601	147930	134511	67870	56650	65690	59110	91720	93690	150470	42010	121970	22280	109550	128620	64410	49980	100150	139572	138251	44300	70330	38990	17820	83020	81140	130190	67290	134270	91290	69400	139050	78230	82900	141832	75240	154211	120370	127290	69550	35760	95650	93320	
48490	116951	59540	38290	117790	52260	96420	124691	13070	81190	105582	114241	38310	42250	56110	56920	61970	45460	20910	90020	60800	117420	66150	44350	45600	32810	43110	142480	32600	59330	99110	42360	50290	131350	77741	58060	60860	19080	28510	130072	119943	122070	118601	46061	58230	26910	63940	87620	0	29630	125510	102840	46850	103690	31730	118000	9070	46140	90190	93270	62240	74130	88552	130471	31230	52570	12550	98390	65831	45720	102850	42810	58350	40000	55061	49350	59290	66930	110841	57280	103271	74830	7040	120960	100931	22300	140960	8730	23790	135840	34740	15950	65100	119810	88420	66430	54860	27290	89981	49620	56820	
69160	113591	56180	14660	123200	28150	93060	146400	38630	67950	127421	111380	67660	71600	58531	65180	39400	19690	47570	95430	35030	114060	48670	40030	49041	57260	40180	162550	8700	59230	119710	69180	74740	147410	99450	32290	90210	25460	56970	151911	141782	138130	140310	53301	34120	51360	79320	112180	29340	0	130920	123440	44610	94370	24290	138440	33480	70600	78340	89910	42440	94730	110391	152180	55330	70620	26860	95030	87540	22960	127300	44141	43250	69350	76770	52330	31810	47850	132550	77750	124980	101650	36390	141560	104710	46400	150840	20850	52250	141560	52880	42130	41780	140410	75790	63470	38390	47960	111690	60220	68360	
87040	61930	88190	123230	8410	127050	51800	107200	118730	92710	77270	39770	148410	153610	179960	70870	121240	146090	121160	36280	150830	58160	105650	96100	170040	112690	92610	57670	125800	77530	65630	133720	115270	39780	101610	160070	168800	111330	131950	89240	83300	32310	99330	170620	127350	110740	62360	134290	125890	131440	0	66300	88540	82360	152320	59440	119270	111830	90550	68490	110200	67490	79670	107720	105850	173090	135050	65610	92760	119030	123220	165570	103400	153170	97640	81100	143240	108390	102730	76160	104920	139800	129070	72050	36960	109570	22700	122400	128840	10640	92800	137290	123130	78560	91580	78940	110440	101720	100770	77680	69890	
55960	108790	101220	120422	63360	131990	91290	45760	94350	121240	15890	86630	106920	111020	152630	70060	129821	140080	91710	62910	152282	106720	118460	100520	142081	77370	95050	45420	120852	83970	4840	88350	67720	47060	41540	152750	122110	99550	98840	35010	25100	47000	37890	142192	134800	80881	51120	74090	102980	124250	66250	0	90700	119740	133280	19510	95660	66460	126591	105610	119851	30970	19710	46280	74971	134500	114480	105100	43040	123450	61780	140041	112260	110580	51320	82410	143772	120790	41290	46840	43480	88750	104690	19730	77630	83390	66790	103940	97450	69380	73510	108831	132241	18580	127201	91600	117870	77420	40370	74260	66400	
46040	80390	23470	36270	80170	43510	57630	126570	46331	45120	98080	75110	80691	85651	98770	22150	44380	59690	54551	52400	67210	78630	34480	15500	88850	51711	5930	120380	38840	17250	87860	73251	66181	105250	82680	73630	103861	28050	65291	122440	111780	95970	118700	89430	46320	47811	39510	103511	46390	44480	87890	90690	0	66890	67480	97420	44071	61471	54001	57200	34710	62680	82720	127090	45071	98760	54030	61600	70770	34970	113820	84380	26990	84380	60000	9300	58700	36190	115780	47440	108210	98781	53140	108810	61940	41461	107810	40630	61941	98530	27160	61640	47100	107660	52350	25690	31270	34951	94920	17280	25330	
94270	26820	43780	80260	74800	72680	30610	163400	106673	28070	132930	48760	140180	144120	150881	64500	63670	99050	114893	58780	96600	33590	47200	60690	141391	112053	63050	136130	87260	55770	119000	133643	125550	118200	130180	111780	162730	84420	125633	152410	142120	103630	155160	145651	69330	108153	79060	162260	103310	94250	81820	120040	65992	0	116640	120480	104413	120370	16360	14970	52080	102080	122420	163550	105413	156250	110950	20210	118790	72210	163030	136491	55950	141870	111840	64150	90190	46730	158930	90330	155950	158330	110060	134750	48340	101803	101310	97000	122283	92460	85700	118580	64690	135600	18780	43310	58780	95293	142420	69090	67610	
78800	136611	79200	37300	143620	49620	116080	153760	41540	90590	135032	134400	55410	57930	36850	82030	61550	30000	46200	115850	45420	137080	71310	63050	27361	60990	63200	172720	31610	82250	129350	65660	76270	161590	106810	38760	73970	43340	49270	159522	149393	152310	147670	31621	53740	55640	93460	112920	31640	24540	151480	133080	67410	117010	0	148240	39490	72520	100980	112930	65080	104370	118002	159540	60680	50310	19530	118050	95281	45600	129220	22461	66280	56370	84511	73650	45490	70490	139190	87520	131620	98130	31540	151200	126761	51750	170530	30960	44790	162120	63550	32250	62040	149333	98430	86490	61030	57600	119050	74730	83170	
71100	109280	103280	132220	56540	137970	91780	55930	109490	123300	26000	87120	123770	127870	169641	76110	132160	155220	108010	63400	161750	107210	120520	107020	158381	93670	101950	25910	134790	88450	21820	105200	84570	27620	58390	167890	138960	113940	115690	31640	25700	33130	48060	158492	138430	97181	60390	84790	118120	139390	59430	19520	97600	120230	148420	0	110800	83310	127650	106100	122040	46110	36560	56450	91271	151350	129620	105590	59890	129950	71950	156341	114320	127430	67620	89170	154160	122850	51460	61980	53650	100560	119830	14170	78120	98530	48450	119080	113750	55300	88650	125131	134430	20390	128260	93660	121360	92560	53920	81490	73630	
40810	116330	60940	41900	111910	55500	93570	116071	5560	82590	96962	108361	39090	43870	61720	51040	64840	49600	15770	84140	64940	114570	67550	45750	51210	24190	44510	135810	36740	54250	91843	37380	41670	124680	69121	62200	61980	20480	25660	121452	111323	115400	109981	51671	61470	18290	57270	79000	9060	33770	118990	96071	43840	104580	39450	111330	0	37530	91511	94670	63640	67460	79932	121851	22610	57510	20270	98420	57211	48590	94230	48420	59750	42680	46441	43580	63430	68330	102221	50610	94651	69850	11840	114191	95051	13680	134290	12870	20940	129170	28860	20060	67970	111263	89820	63240	56260	20530	81361	43740	50940	
27030	125660	82720	73650	104910	86750	101740	82170	34500	103920	64930	108401	40590	44690	87310	56900	96070	86720	26390	82840	102060	123090	93520	70920	76800	14390	64980	109202	72400	68350	62082	22020	5310	109380	35280	99320	55780	51130	33330	89420	79850	100100	76080	76911	92720	20240	50420	42640	46140	70890	111810	66392	61600	120060	71950	83292	37530	0	109271	105580	91220	47530	47900	88010	17330	68990	52770	108120	23930	79840	57170	74760	86000	44250	16860	58270	97000	94641	67140	37070	59570	37910	42100	84512	95091	25580	118990	49990	32130	120840	36450	43550	99372	80460	109881	78030	84840	27770	47080	53870	53160	
89781	42570	31070	64310	82910	56730	38720	166801	94323	12120	135441	57480	126920	130860	134931	58891	47720	83100	102543	65810	80650	49340	31250	47980	125441	99703	50340	143720	71310	47001	123971	121293	114883	125680	127021	95830	149470	71710	113283	158441	147971	111740	158281	129701	53380	95803	77701	153813	90050	78300	89930	126801	53642	16390	100690	127360	91350	109463	0	22540	36130	100871	120941	166671	93063	142990	97690	29530	113971	56260	159871	120541	40000	128610	107021	53482	74240	30780	158201	86241	153261	149083	96800	141231	56450	89453	109420	84290	109933	100570	75022	105320	48740	141451	2620	35951	42830	82943	139261	60491	63521	
79750	27160	34070	76760	60960	70010	16770	146960	96963	25910	116870	35530	129900	133840	145440	50380	61390	96740	103960	44660	94460	31450	43300	50980	135510	99970	53340	122290	82440	44840	104730	121510	111030	104360	115660	109640	152450	74710	114700	135970	126060	89790	138720	136100	67190	96070	64940	147740	93050	90040	67980	105770	56282	14900	112970	106210	94350	105850	22740	0	49770	87960	107120	147110	93060	145970	100690	8070	104270	69420	148510	131040	48990	131590	97320	52120	88050	45670	142490	76210	141270	143810	99800	118690	34500	90480	87470	87290	111350	78620	73190	108300	62970	119540	24780	32380	54880	82800	127900	56320	53490	
76830	75300	22120	28930	102170	21350	62500	156470	68170	25790	127540	80820	99510	103450	99551	50450	12730	48080	77600	74400	45800	79400	6510	21841	90061	80480	29911	144930	35930	38260	117190	99850	95950	129800	115210	60980	122060	44320	88250	151660	141190	120520	148600	94321	18530	75750	68970	134541	62660	42920	109890	120020	34580	52210	65310	121970	63960	91110	36180	49500	0	92140	112180	156990	74710	112640	64770	56020	101560	20880	147020	85161	9350	101200	90790	39970	39390	5690	147500	77180	142020	129811	69410	134450	74660	69000	129571	55790	82980	120530	57950	77910	14310	134670	33630	33420	8410	64720	127920	47920	54790	
27180	98680	75010	91642	60100	104200	76830	65960	65570	95380	37470	76520	87490	91590	125230	42270	102031	111300	65600	49430	123502	96610	90940	72730	114720	52670	67260	70660	92072	56180	27290	69390	48760	62830	35780	123900	103150	70770	75310	61830	51170	53550	58090	114791	107010	54560	24070	67780	74200	95470	67000	31020	62910	102050	104500	46180	66880	47500	100731	87880	92061	0	22110	66480	48650	112420	85700	88650	26250	95660	65380	112680	84730	91150	31130	54620	114992	93270	56990	18060	54210	73290	75910	49140	64230	54610	72440	75160	72970	74290	44730	82440	104451	47990	101341	65740	90080	48640	41330	46470	38610	
43450	113840	94730	109692	72150	122792	94580	46220	78272	115100	18080	91440	88260	92360	134160	61990	121751	126731	73240	67180	141552	111770	110660	92450	123650	59790	86980	62550	110122	75900	15430	69690	49060	64190	22880	139331	103450	88750	80180	42570	33000	61150	38700	123761	126730	64252	45160	56640	88372	110901	79050	19740	82630	122290	117762	36640	79762	47800	120481	106960	111781	21900	0	47090	58342	115840	98582	107730	24380	114770	46090	121610	104450	91920	34781	74340	133042	112990	35820	37770	33540	70090	88612	37860	81980	66872	80940	90591	78980	83530	62680	90400	124171	33610	121091	85460	109800	63371	22040	66190	58330	
90440	150810	141200	152582	104920	165802	132930	11450	119530	161260	31450	128270	127530	129910	174480	106450	168721	168670	113560	104550	184562	148740	157630	136910	163970	100110	131440	80910	152040	120360	43090	108610	86590	84370	55340	181620	126790	130710	120500	48520	44730	87950	14250	164081	171942	104910	89620	65830	130301	152710	107810	46170	127090	163580	159120	56820	121691	88120	166611	147250	158751	66360	47060	0	100271	156160	139940	146740	65810	158802	44220	161930	151420	129500	76030	118800	176222	159960	27190	82230	33390	82910	129270	52880	119270	108801	104710	132400	119300	110940	108900	130720	171141	46980	167221	129920	154260	105180	43690	110650	102790	
22950	115530	66990	57920	99110	71020	92090	94491	21350	88190	75382	98232	43700	47800	79040	47160	80340	72130	18440	74561	87470	113440	77790	55190	68530	7700	49250	116651	56670	53310	70263	30780	21660	108340	47541	84730	64350	35400	29230	99872	89743	99060	88401	68641	76990	7330	44290	58990	31550	56300	106010	74491	45870	106610	60940	90741	22940	16950	93541	94260	75370	48840	58352	100271	0	66340	41760	97620	35631	64110	73650	66490	70270	47360	24861	42640	81270	78911	80641	34270	73071	54260	31690	92611	84922	9950	117950	35400	26120	116190	22990	35280	83490	89683	94151	62300	69110	12040	59781	41350	43140	
87100	169391	111860	83040	165240	97010	148860	146080	55430	133630	133070	162512	31920	28510	32110	106560	109430	76230	48100	137210	91060	169860	118470	96660	26110	62490	95420	177342	76140	109770	130222	48970	70510	172750	103420	80980	31370	71390	37180	157560	147990	163430	143930	22460	102261	59220	107430	91640	52310	70580	172960	134532	99160	156130	50560	151140	57620	69100	142630	145710	114560	112680	116040	156150	65810	0	46770	150830	92070	91720	113090	28840	108490	29610	84500	99100	91370	119470	134910	98620	127420	75790	47510	152652	148381	61470	182360	60470	40900	183370	81470	38480	110621	148600	140860	118750	102570	70520	114930	99260	104010	
59640	124441	67030	37620	126510	51590	103910	134520	22300	88680	115792	122230	41140	45080	45640	64920	62580	42190	26960	98740	57530	124910	69180	51840	35720	41750	50600	154370	30720	66830	110673	47870	57030	143240	87570	54120	63690	26590	32500	140282	130153	133960	128430	36300	57560	36400	75830	94360	12480	26810	134230	114730	54340	111180	19470	129890	20250	53280	97680	100760	64320	86020	98762	140300	41440	46730	0	105880	76041	46300	109980	31250	61640	42830	65271	56850	56020	69700	119950	69170	112380	80340	12300	132850	109651	32510	152850	14590	27770	144870	46250	15560	65220	130093	95910	73920	57150	39180	99810	57620	66060	
82070	20020	40470	83050	57930	76410	13740	146340	100400	32310	116250	30570	133320	138420	150230	52700	67790	103140	107180	44040	100860	24120	49700	55770	140300	103190	58130	119260	88590	48560	104110	124730	113350	101330	117980	116040	157240	79500	117920	135350	125440	86760	138100	140890	73590	99290	67260	150060	97840	94830	64950	105150	61111	20240	117940	105590	98090	108170	29980	8100	56170	89060	108220	146490	96280	150760	105480	0	106590	75820	150830	135830	55390	136380	99640	55340	94450	52070	141870	78530	142880	146130	104590	118070	31470	93700	84440	92080	114570	75590	76410	113090	69370	118920	31180	36100	61280	86020	129480	58640	55810	
28780	121420	87710	87482	85300	100582	97450	59370	55230	108080	41320	98900	64280	68380	110180	54970	109020	103570	49260	71710	118910	118850	102960	80360	99670	35810	73930	85592	87070	68880	38472	45710	25080	87232	12420	116170	79470	65740	56200	65810	56240	78750	53280	99781	106552	40610	39210	41790	65331	87740	92200	42782	70680	118130	94721	59682	56721	23820	113461	103650	101110	26170	24290	65150	35301	91860	75541	106190	0	93702	42950	97630	95440	67940	11060	66190	110832	104081	45520	28320	37950	47180	64970	60902	85590	43831	97640	67430	55000	99490	44930	66420	112540	56850	114071	78440	96130	40210	24660	59170	51310	
73060	95240	37070	8890	110930	8630	76610	152521	53450	45840	131000	94930	83600	87540	79511	55070	17810	28880	62880	83160	33810	97610	26560	23870	70021	68530	30070	152910	15890	46020	120780	84550	84530	137780	105571	42820	106150	30690	72340	155360	144700	128500	146431	74281	14600	62630	72430	121860	45760	22880	118650	123610	34500	72260	45270	129950	48600	79820	56230	69440	20330	95600	114090	158431	63420	91610	46210	75960	93661	0	136231	65121	21440	85290	82891	42220	26030	25740	138671	78320	131101	117130	52810	141730	88260	56460	138570	38000	67620	129290	53100	60910	20760	140580	53680	47020	16160	54271	117811	50200	58250	
71480	159650	132400	130312	117400	143532	141650	33530	91190	154760	46490	137110	84530	86260	139740	98510	152650	144600	83080	112430	160350	157580	148330	123620	130580	71080	116630	97770	129090	113300	58130	68810	53340	99410	35590	157200	83140	107820	86390	69340	59770	102990	35100	129020	149672	76930	82750	22180	102830	127580	122850	61210	113380	163460	128640	71860	94220	56960	160141	148980	146570	65500	46180	43950	74020	113160	109460	151520	43540	136532	0	130990	140880	85850	53760	108890	153952	149541	22560	71860	19620	39260	98790	67920	127930	82270	119750	106680	88770	125980	87630	100240	156202	62020	160751	123130	141110	82910	25290	102710	94850	
86720	154851	97440	57601	156920	69921	134320	156450	49210	110891	139150	152640	48310	48260	14570	95330	81851	48010	48860	129150	62840	155320	91611	82250	5080	64650	81010	182371	51911	97240	135352	64280	78930	172050	109500	52760	59140	57000	48660	163640	154070	162770	150360	9410	74041	59460	104430	109680	42570	44841	164780	139580	84750	137311	22991	155911	48240	75180	121281	131170	85381	113540	122120	162230	66050	28740	31260	136290	98150	65901	131130	0	86581	46700	89160	87260	63150	90791	141850	96690	134280	93830	38800	157781	140061	58940	181660	45000	45630	175420	75560	32420	82341	154680	118731	104330	81331	67330	121740	88030	96470	
71040	74860	16910	29380	95690	25590	57290	148940	63890	29190	120280	75610	94680	98620	100251	43190	19250	49890	73320	67920	49601	78290	9110	15860	90761	76200	23010	137670	35480	31000	109930	95020	90810	122540	107900	63830	117230	40040	83420	144400	133930	113260	141070	95021	25520	71470	61710	129020	58380	43220	103410	112760	27320	55610	66010	114710	59680	86100	39580	49060	9300	84880	104920	149460	69700	108440	61700	55580	95990	21460	141450	85861	0	96370	85220	32710	44171	10780	139970	69920	135190	124290	65130	127190	69450	64720	123330	51510	78700	114050	52380	73630	21690	127410	37030	28210	7350	59580	121300	40660	47530	
67030	154760	97540	78080	145870	92050	132000	118840	39310	119310	109060	144652	4700	3230	55380	89170	101810	84450	30240	119430	99790	153000	104150	82350	46220	41070	81110	153332	72390	92540	106212	23150	44690	151290	79410	92150	21840	57080	19320	133550	123980	142010	118110	44660	98070	41360	89570	64400	39790	69070	152770	110522	84060	141810	56290	127422	42510	44270	128310	131390	100240	91260	92030	129260	47090	29600	42550	136510	68060	85190	85850	46630	96350	0	60990	81870	98280	105150	107670	77220	101290	48550	33670	128642	130601	43760	160900	48520	24040	162190	63690	29030	105140	124590	126540	101530	92860	52660	89110	81870	86230	
18010	117000	80140	76712	90130	89812	93080	69940	44461	101350	51621	95570	57490	61590	101600	48240	98250	92800	40680	68380	108140	114430	92190	69590	91090	26340	63160	92890	76300	62150	46502	38920	20010	92860	22990	105400	72680	54970	48760	76111	65982	83580	63850	91201	95782	30441	35960	49900	54561	76970	97030	50730	59910	111400	83951	66980	45951	17030	106731	96920	90340	31010	34591	75720	24531	84530	64771	99460	11080	82932	53520	89050	84670	61150	0	55420	100062	93311	56090	22470	48520	48740	54801	68850	82260	33061	102470	56660	46420	104320	34160	57840	101770	65922	107341	71710	85360	29440	35230	49700	44500	
39240	73800	25770	44470	73350	51710	51040	118430	46250	47420	89940	68290	78900	84000	102000	13880	49681	67890	52760	45580	75410	72040	39870	20380	92080	48770	14180	112110	47040	11820	79720	70310	63050	96980	78250	81830	102230	31630	63500	114300	103640	87700	110560	92660	54520	44870	31370	100480	49610	52680	81070	82550	9830	64110	74050	89150	43940	58340	53421	52530	39711	54540	74580	118950	42130	99490	57260	55890	66340	43170	108780	87610	32380	82750	55570	0	66900	41580	109460	39650	103780	95750	54700	100670	55120	39550	100990	44210	60150	91710	22730	62920	52101	99520	54031	21080	37730	31870	90490	9000	17190	
90831	114150	57742	23800	135090	20120	96922	170111	68430	63790	149761	115242	96890	100830	76730	79230	28600	16380	77370	107320	9630	117922	45360	48030	67660	85920	54230	177070	28450	70180	139581	98980	101920	161940	122961	25730	118020	48080	86770	174121	163461	152660	164021	71920	20790	80020	96590	139471	59140	31780	142810	143311	58660	90210	45490	154110	63280	97210	74180	88350	39190	114601	132431	176021	80810	91250	56040	94870	111051	25970	153821	62760	43951	98580	100281	66380	0	43690	156261	96881	148691	133360	66190	161431	109852	73850	162960	50650	82050	153680	72051	71310	29090	160281	71630	69042	37330	71661	135201	74360	82410	
79191	71860	22480	33790	101581	26210	59950	157700	72270	20620	128770	78270	103610	107550	104411	51660	17200	52580	81700	74660	50130	75960	3410	23791	94921	84271	31500	146140	40790	39470	118400	103950	98741	131010	117550	65310	126160	48420	92350	152870	142400	121730	149830	99181	22860	79850	70200	137671	66760	47780	108601	121230	35810	47040	70170	123180	68060	94031	31010	46060	5610	93370	113410	158220	77631	117500	69630	52580	103921	25740	149381	90021	10580	105300	93151	41200	43720	0	148730	78410	143790	132941	73510	135660	73180	73100	128091	59890	87630	119241	60311	82010	18470	135880	28460	33780	13030	67511	129790	49150	56020	
73640	146030	132140	132342	99790	145562	128150	17690	99420	153970	26320	123490	105450	107880	153460	96890	154680	148430	92540	99770	164322	143960	148070	125310	142950	80000	118790	77600	131930	110800	37960	86530	64510	79240	34790	161380	104760	110600	99330	49170	39600	82820	13350	143061	151702	84800	80060	43800	110191	132600	102680	41040	115540	158800	138100	51690	101581	66420	159321	142470	148600	56800	35830	27180	80161	134780	118920	141960	45700	138562	22190	140910	141860	107470	55920	109240	155982	150400	0	72660	8910	60880	108250	47750	114490	88691	99580	112290	98280	105810	89790	109700	158232	41850	159931	120360	143140	85070	21610	101090	93230	
12650	95430	60210	73962	68880	86890	71860	81750	49870	80580	53260	74000	73570	77670	109440	27470	86861	94680	50650	46810	105822	92860	76140	57560	98930	38750	51180	86450	74392	41380	43080	58880	41710	75320	39560	107280	92640	53090	61390	77620	66960	66040	73880	99001	90710	40150	14390	70100	57580	78670	75780	46810	47270	90280	87880	61970	50960	36990	85931	76150	76891	18100	37900	82270	34240	98500	69440	78690	28450	78340	71260	96890	69560	77230	22450	39450	97312	78470	72061	0	65090	71040	60210	64930	60690	39060	84930	58540	58330	85960	28110	67310	89281	63780	86541	50940	74910	32020	51800	31300	23730	
66050	147020	125170	124752	102000	137972	129140	25090	91830	147530	28530	124480	97860	101710	145870	91700	147090	140840	84950	99800	156732	144950	141100	117630	135360	72410	111200	79810	124340	105610	40170	78940	56920	81450	27200	153790	98590	103010	91740	51380	41810	85030	19590	135471	144112	77210	74930	38940	102601	125010	104890	43250	107950	155760	130510	53900	93991	58830	152911	141230	141010	53800	33550	33370	72571	127400	111330	142000	38110	130972	19960	133320	134890	101300	48330	103460	148392	143430	8890	65070	0	54710	100660	49960	115300	81101	101790	104700	90690	108020	82200	102110	150642	44060	153521	115170	135550	77480	14020	95900	88040	
64660	165730	120310	110650	132250	124572	141810	72290	64710	143500	75460	146542	47270	49000	102480	94530	133770	119250	54410	120690	134720	163160	132380	108300	93320	50940	102360	126740	104610	106420	84670	32500	32530	128380	50690	131850	45880	87580	50080	98310	88740	125700	71820	91760	130542	56790	84620	17850	74620	101450	139150	88980	98980	160130	97980	100830	69400	37770	148851	145650	129761	73120	70290	82710	54360	75900	80090	148190	46950	117020	39300	93730	123870	48590	48820	95400	133210	133501	61120	71130	54740	0	69420	96890	133232	62540	144590	80550	54530	146440	73480	68030	137072	90990	149461	115620	122540	64800	51510	90900	90790	
49860	123881	66470	45220	121850	59190	103350	123520	11640	88120	105202	119261	32150	36090	52050	61940	68900	52390	16240	95040	67730	124350	73080	51280	41540	30750	50040	145050	39530	65160	100083	37150	46310	133920	76570	64990	54700	26010	22340	129692	119563	124640	117430	42001	65160	25400	67030	83640	6930	36560	128750	104311	53780	110620	31420	120561	11910	42550	97120	100200	69170	76700	88172	129300	30850	47460	12240	105320	65220	52650	99260	38750	65280	33840	54681	54480	66220	73860	109230	59850	101660	69620	0	122431	105951	22080	143530	15660	17610	138930	39380	10010	72030	119503	95350	73360	61790	29950	88810	54640	61840	
74140	121750	115750	138602	69240	150170	104250	52240	112530	135770	21970	99590	125100	129200	171000	88240	144630	158260	109890	75870	170932	119680	132990	118700	160261	95550	113230	34000	139032	100920	23020	106530	85900	39230	55980	170930	140290	117730	117020	19220	12080	45720	44370	160372	150900	99061	69300	81100	121160	142430	72130	19790	108880	134520	151460	14170	113840	84640	141121	118570	134510	49150	37890	52760	93151	152680	132660	118060	61220	141630	68260	158221	126790	128760	69500	100590	161952	135320	47770	65020	49960	96870	122870	0	90590	101570	61040	122120	115630	67890	91690	127011	146900	8090	141731	106130	133830	95600	50230	92440	84580	
69251	37230	52700	92820	29851	91932	17630	118920	96041	58530	88830	15090	126532	132802	154961	46920	85760	115150	100342	17590	115512	35160	70160	65540	145041	91872	65950	89900	98360	50880	76690	114762	100171	71860	96740	129090	149772	85010	111132	107930	98020	57290	110680	145621	91860	89922	46830	129280	101301	104600	36871	77730	62220	48190	127321	78170	95471	94991	56380	34320	74710	64210	81910	119070	85032	149402	110221	31440	85630	88090	128050	140571	69260	131542	81640	54780	110082	72900	114450	60060	115500	131150	106231	90650	0	87781	56361	97571	108022	47511	68161	114451	87640	91500	57400	44360	76270	79151	103010	52851	45061	
28490	111910	63060	49710	102680	62810	89150	102641	11770	83930	83532	100741	40130	45230	71430	46260	72150	62360	13990	76520	77700	110150	72670	50710	60920	12730	44960	123770	48460	49830	78413	32300	29910	113120	55691	74960	63340	27190	24730	108022	97893	103840	96551	60991	68780	7750	47860	67240	21780	46530	109580	82641	41610	102350	51170	98891	13170	25600	89281	90640	69060	55420	66502	108421	9180	61740	31990	94000	43781	55900	82300	58880	65120	43980	33011	39160	73060	73750	88791	39050	81221	62510	22110	100761	87431	0	122730	25630	21380	119760	20780	29300	75280	97833	89891	58820	62800	9910	67931	38960	43320	
96280	80840	107100	142310	27490	146130	70710	104430	133500	111610	74500	58680	157200	161300	195130	89950	140160	165490	134280	55360	170230	78770	124560	115180	184430	122380	111690	42060	144880	96620	66150	140890	120260	25310	102720	179470	174650	130410	145020	77760	72160	24830	96560	184501	146260	123780	77960	134660	141210	150520	22250	66820	107620	101270	170490	48500	134590	119000	109460	87400	129110	72480	80890	104950	117870	182170	153070	84520	97750	138110	120450	181530	122480	160860	102630	100180	162640	127300	99960	85070	102150	144790	143840	60910	55870	122690	0	140740	141960	14610	108400	150940	142040	67420	110480	98020	129520	115650	101550	96760	88970	
49470	111101	53690	29870	113950	43840	90570	126710	18100	75340	107731	108890	47130	51070	59370	52360	54730	37040	27040	86180	52380	111570	59270	38500	49450	36730	37260	143390	24180	54050	100020	48650	54210	132250	79760	49640	69680	13430	36440	132221	122092	122980	120620	50030	49810	30830	63920	91540	8810	21210	121670	103750	41000	97110	31030	118910	12950	50070	84340	87420	55360	75040	90701	132490	35150	60400	14630	92540	67850	38480	106770	44980	51470	48820	57080	44070	50870	60050	112860	58190	105290	81120	15860	121870	97091	26220	140860	0	31720	132310	34220	24770	57470	120720	82570	60580	47980	28270	92000	45060	53500	
46980	132300	79930	60580	122130	74490	109540	113610	17120	101580	96310	121252	20670	25450	58140	66780	83830	68280	8020	97040	83620	130540	86540	64740	47630	23090	63500	138900	55420	70080	92512	22160	35630	132570	66660	80880	43560	39470	5200	120800	111230	123290	107520	47741	80460	19100	67310	69420	23630	52450	129030	96740	61600	122340	44730	112990	20970	32330	109271	111030	82630	73280	79280	119390	25690	41080	27760	114390	55310	67580	88620	45590	78740	24400	46320	59410	82110	87420	99010	58500	91440	54630	17590	114860	107942	21300	142180	31550	0	139210	41300	14380	86960	111840	108810	79070	75250	30400	78900	59480	63840	
96110	72250	98510	133640	18820	137460	62120	110250	127800	103020	80320	50090	157810	161910	190550	81280	131570	156820	130230	46690	161560	67710	115970	106510	180630	121760	103020	51950	136210	87950	68680	142540	122100	34060	105250	170800	177100	121740	141020	84750	79150	29290	102380	181210	137670	119810	71430	138670	134960	141850	10440	69350	98950	92680	162910	55490	128340	120650	100870	78810	120520	74320	83420	110770	114920	182230	145460	75930	99590	129440	126270	176160	113810	161470	104470	91510	153970	118710	105780	85230	107970	146630	138140	67900	47280	118640	14500	132810	137910	0	101870	146360	133450	74410	101890	89350	120850	110790	104080	88090	80300	
21410	94970	47550	49052	84770	61870	71570	103950	29210	69200	79550	81221	60000	65100	88990	26760	65880	70300	33810	57000	80912	92570	59600	37000	78480	29240	30570	112740	49482	32990	69370	50840	41150	99700	57000	82900	82650	28110	44600	103910	93250	90420	97860	78941	66430	25340	30830	78480	34520	53690	92490	73100	27320	85890	63500	88260	28690	36440	75321	73700	57750	44390	62200	108560	22500	81710	46080	77060	45090	53320	87530	75690	52080	63850	34320	22830	72402	60721	90100	27540	82530	73750	39450	91220	67911	20950	108660	34160	41490	102730	0	47670	69310	90070	75931	42860	52770	12320	69240	19460	23800	
56090	132411	75000	52470	130200	66440	111880	125200	19990	96650	107900	127611	27420	31360	44930	70290	77330	57270	17610	103390	72610	132880	81610	59810	34420	33400	58570	150490	45800	73500	104102	35660	47680	141400	78250	69200	49970	34540	18860	132390	122820	132120	119110	34531	72410	28210	75380	82920	15980	41890	137100	108330	62310	119150	32190	124580	20260	43930	105650	108730	77700	82760	90870	130980	34800	38570	15370	113850	66900	61080	100630	32380	73810	29110	57910	62830	71100	82390	110600	67330	103030	68130	10150	126450	114301	29390	151010	24710	14380	147280	47730	0	80070	123430	103880	81890	70320	37970	90490	62990	70190	
88010	88690	35310	28000	115190	15310	75690	168710	72930	38230	139780	94010	103840	108040	96201	62690	5170	38240	82360	87420	35790	92790	19900	34081	86711	88010	42151	157170	35000	50500	129430	104440	104081	142040	124400	50970	126650	50170	91820	163900	153430	132760	160840	90971	8520	82110	81210	141561	65240	41990	122910	132260	46820	64650	61960	134210	68080	99340	48620	62890	13730	104380	124420	169230	82900	110301	65320	69410	112490	20770	155911	81811	21590	105790	101720	52210	29380	18130	158351	89420	150781	136831	72290	146690	87850	75940	142761	57110	87100	133550	69130	80020	0	146910	46070	46610	18310	73720	137050	60160	67030	
72960	122670	116040	137422	75650	148990	105170	46370	109913	136060	16100	100510	120800	124900	166700	87060	144920	157080	105780	76790	169752	120600	133280	117520	156190	92330	112050	40290	137852	100970	21840	102230	81600	45730	50110	169750	134880	116550	112720	16950	7040	52220	38500	156301	151190	95893	68120	75230	119980	141250	78540	18610	107700	135440	149403	20380	111403	80340	141411	119490	134800	47970	33590	46890	89983	148380	130223	118980	56920	140450	62390	154150	127080	124460	66422	99410	160772	135610	41900	63840	44090	91000	120253	8090	91510	98513	67540	120940	111520	74390	90510	122940	147190	0	142021	106420	134120	94420	44360	91260	83400	
90371	44970	29240	61750	84030	54170	39840	167391	93730	9560	136031	58600	125090	129030	132371	59481	45160	80540	103133	66400	78090	51740	28690	45960	122881	100293	48510	144310	68750	47591	124561	121883	115473	126270	127611	93270	147640	69880	113830	159031	148561	112860	158871	127141	50820	96393	78291	154403	88220	75740	91050	127391	52330	18790	98130	127950	89520	110053	2600	24750	33570	101461	121531	167261	93653	141160	95860	31270	114561	53700	160461	117981	37440	126780	107611	54072	71680	28220	158791	86831	153851	149673	94970	141821	57570	90043	110540	82460	109110	101690	75612	103490	46180	142041	0	36541	40270	83533	139851	61081	64111	
54610	55590	11700	51780	70490	51292	33540	129590	66020	30420	100230	51860	98670	103770	118360	23720	44760	74110	72530	42720	74872	54540	31030	24460	108440	68540	24060	116540	57130	12860	88800	90080	82920	101410	89880	88050	123060	47640	83270	122710	112800	91010	121720	109020	50860	64640	42530	120530	65980	63310	78210	91630	25630	43430	86420	93580	63710	78210	35771	32460	33710	65700	85740	130110	61900	118350	73620	36310	78770	47050	122730	103970	28260	102520	71820	21240	69442	33550	120620	51070	115410	115800	72730	106060	44410	59320	98130	60220	79920	88850	42790	81230	46640	106280	36381	0	35270	51640	102120	26740	28350	
71840	81380	24280	24080	102710	18370	64660	154840	60590	32990	126350	82980	91380	95320	95001	50210	14120	43990	70020	74940	43000	85480	12890	18050	85511	73990	25990	144690	30610	38020	116130	91720	89330	129560	108480	57930	113930	36950	80120	150710	140050	120280	146970	89771	19230	69260	67780	126810	55080	38370	110430	118960	31470	59410	60760	121730	56380	84620	43380	55580	8400	90950	110990	155360	68220	102570	57170	62100	96570	16160	141160	80611	7730	93070	85800	38780	37570	13410	143600	75990	136030	122080	61830	134210	76820	62510	130350	48000	75400	121070	52960	70330	17980	134430	40830	35580	0	58520	121650	46730	53600	
22110	104570	56170	48502	94480	61602	81810	99130	19490	77490	80151	92311	48820	53920	80090	37830	70760	64640	22630	68090	79980	102810	67090	44490	69580	18060	38550	116970	47950	42490	73600	39660	32070	105840	52180	77240	71470	26640	33420	104641	94512	96560	93040	69651	67572	14160	39660	69400	27540	48810	101380	77330	35170	94510	57840	92490	20390	27360	82841	83300	64790	48620	63121	104910	11300	70530	39210	86660	40270	54722	82710	67300	59570	52670	29500	31820	71852	68211	85280	31770	77710	64670	29830	95450	79001	9900	115450	28500	30310	111560	12350	37960	74102	94300	83451	51480	59220	0	64420	30530	34890	
53110	135520	111520	111812	93270	124912	116560	36750	78890	133880	28660	112980	85490	89590	133500	78780	133450	127900	72580	88300	143240	133450	127450	104690	122990	59470	98260	79940	111400	92690	36230	66570	44550	81580	14260	140500	95410	90070	79370	51510	41940	81950	30660	123101	131002	64270	62500	35760	89661	112070	100170	40540	95010	142580	118140	54030	81051	46460	139261	128100	126490	41370	22050	43750	59631	115030	98960	129050	25170	118032	25210	120950	120820	89150	35390	90520	135282	129461	21720	52130	14150	51530	88290	50090	103100	68161	101740	91760	78320	104330	69260	89740	137532	44190	139871	102250	121510	64540	0	82980	75120	
32920	76010	33200	51810	69360	59050	52440	110560	45980	54400	82070	65811	78130	83230	102450	7630	57631	75230	51940	41590	82750	73440	47820	28330	92530	47370	21540	104490	54380	15950	71850	68970	58810	89360	70850	89170	100780	35310	62730	106430	95770	80080	102690	93110	61860	43470	23500	96140	49500	60020	77080	74680	17190	69160	74810	81530	43670	54100	59751	56160	47661	46670	66710	111080	40730	99220	57710	58700	59740	50510	102550	88060	40330	81980	49570	8760	74240	49530	101590	31780	96380	91410	54430	92800	52501	39080	97000	45060	59620	87720	19410	62650	60051	91650	60361	26210	45680	30450	83090	0	9320	
27380	72600	36760	59340	61160	65990	49030	102360	52100	57130	73870	57611	82890	87990	110330	4020	63821	82760	56700	33390	90030	70030	52690	34520	100410	49970	29050	96290	61910	17930	63650	73050	58300	81160	62650	96700	105270	43190	67490	98230	87570	71880	94490	100990	68800	47960	15300	93190	57360	67550	68880	66480	24700	67000	82690	73330	51530	53120	62481	52870	53851	38470	58510	102880	43130	104600	65590	55410	51540	57450	94350	95940	46490	86740	44590	16390	81660	55020	93390	23840	88180	90900	62290	84600	44301	43840	88800	52940	64380	79520	24220	70510	66241	83450	63091	27490	51870	35210	74890	8220	0	

0	                                          Redditch	0	0	32400	0

1	                                   Newport_Pagnell	712	6947	21547	1424
2	                                       Lutterworth	657	7356	19605	1314
3	                                 Ashby_de_la_Zouch	758	4469	15706	1516
4	                                        Kidlington	415	17241	21448	830
5	                                          Shepshed	518	11957	19406	1036
6	                                         Towcester	550	11968	23323	1100
7	                                          Coleford	169	7669	21049	338
8	                                           Walsall	416	11459	18078	832
9	                                 Market_Harborough	661	6710	17661	1322
10	                                        Gloucester	213	3616	17689	426
11	                                        Buckingham	113	19199	28541	226
12	                                           Telford	430	23172	27287	860
13	                                        Wellington	129	18143	22484	258
14	                                         Kidsgrove	557	13758	15799	1114
15	                                        Leamington	313	8872	22366	626
16	                                       Mountsorrel	360	3582	11034	720
17	                                             Derby	550	10366	24008	1100
18	                                     Wolverhampton	552	11658	17342	1104
19	                                           Banbury	748	11573	25179	1496
20	                                          Ilkeston	725	13744	23851	1450
21	                                     Milton_Keynes	702	15407	21990	1404
22	                                     Wigston_Magna	729	8787	22776	1458
23	                                          Hinckley	714	12634	23100	1428
24	                                    Stoke-on-Trent	725	21606	25218	1450
25	                                       Stourbridge	422	16231	27151	844
26	                                      Attleborough	487	14746	24371	974
27	                                   Wootton_Bassett	619	12884	27238	1238
28	                                       Swadlincote	329	18323	21342	658
29	                                           Brandon	647	4260	11315	1294
30	                                        Cheltenham	623	9483	15955	1246
31	                                        Bridgnorth	349	23859	28680	698
32	                                           Bewdley	323	16537	28708	646
33	                                         Highworth	487	5780	20405	974
34	                                     Great_Malvern	347	6270	8670	694
35	                                            Belper	331	5582	18388	662
36	                                        Shrewsbury	743	10261	18606	1486
37	                                           Fazeley	803	11734	26294	1606
38	                                        Albrighton	464	9935	21346	928
39	                                           Dursley	774	6540	8541	1548
40	                                        Stonehouse	218	9568	19540	436
41	                                         Carterton	368	21110	25877	736
42	                                        Cinderford	508	13518	18761	1016
43	                              Newcastle_under_Lyme	238	13918	19316	476
44	                                      Loughborough	433	7015	16892	866
45	                                            Dudley	396	14080	16933	792
46	                               Stratford-upon-Avon	764	16534	26065	1528
47	                                        Leominster	758	20283	27086	1516
48	                                         Burntwood	406	12096	14762	812
49	                                 Burton_upon_Trent	275	3885	6971	550
50	                                            Oxford	705	9093	22280	1410
51	                                    Charlton_Kings	440	20880	23513	880
52	                                          Bedworth	195	5665	13006	390
53	                                    Wellingborough	599	16743	19668	1198
54	                                         Uttoxeter	500	14100	19848	1000
55	                                       Cirencester	522	17720	28025	1044
56	                                           Pelsall	679	13775	21152	1358
57	                                     Kidderminster	208	11644	19021	416
58	                                          Rothwell	162	12242	18495	324
59	                                       Northampton	658	10982	25865	1316
60	                                         Leicester	783	7482	17770	1566
61	                                           Evesham	444	18935	27944	888
62	                                        Tewkesbury	620	7254	22194	1240
63	                                            Lydney	497	10021	15071	994
64	                                         Halesowen	769	4063	17832	1538
65	                                    Market_Drayton	647	3938	11670	1294
66	                                           Rugeley	474	4641	13729	948
67	                                      Hardingstone	781	10384	17931	1562
68	                                         Worcester	195	18122	26680	390
69	                                         Coalville	539	9852	17093	1078
70	                                          Hereford	299	5725	10653	598
71	                                           Longton	745	21573	23659	1490
72	                                           Enderby	376	6568	11245	752
73	                                            Hadley	638	7774	22230	1276
74	                                         Droitwich	633	18556	25855	1266
75	                                          Coventry	692	7551	11141	1384
76	                                        Long_Eaton	805	4604	15208	1610
77	                                             Oadby	598	7789	21725	1196
78	                                       Ross_on_Wye	728	13073	18013	1456
79	                                          Alcester	464	8211	10420	928
80	                                            Yatton	403	22707	26358	806
81	                                            Ludlow	114	3912	13106	228
82	                                           Cannock	665	7485	21793	1330
83	                                          Chalford	385	6923	21152	770
84	                                          Brackley	502	10447	14189	1004
85	                                     West_Bromwich	800	2223	11455	1600
86	                                             Grove	242	16038	18582	484
87	                                         Lichfield	445	5469	15974	890
88	                                           Codsall	171	17107	22948	342
89	                                          Abingdon	213	10029	17711	426
90	                                          Solihull	398	12400	17229	796
91	                                         Penkridge	373	23088	25875	746
92	                                            Sileby	174	9811	23213	348
93	                                            Stroud	322	19853	24359	644
94	                                        Desborough	175	7537	19775	350
95	                                             Rugby	711	11819	16869	1422
96	                                      Kirby_Muxloe	401	17516	23704	802
97	                                        Birmingham	349	15121	28809	698
98	                                           Ledbury	200	18471	21515	400
99	                                        Kenilworth	777	10633	13053	1554
100	                                           Warwick	445	7836	16281	890
