100

6350	3650

20	90

0	79610	41710	25940	77800	72060	6060	62990	15600	52670	62020	83850	84831	87560	43070	78020	85890	85930	75040	81080	41240	79600	86180	40880	74630	33590	40680	91001	11060	59390	69460	70480	81821	79580	15490	72540	89060	54840	63930	67430	8000	81001	64070	91791	80060	27920	89710	48241	35770	62190	18490	38090	77720	98950	81670	88790	45200	76700	73810	82150	26380	89130	65150	90630	90740	86670	25390	72560	27800	98730	55820	76770	79610	27220	49150	82642	95190	83860	87650	97230	96620	85920	68450	74170	95470	84620	59311	58051	56990	92580	35851	82690	91240	75790	85290	90820	68981	19660	59011	75180	89290	
79770	0	99650	89090	129930	134060	77110	128300	80370	100890	50040	121310	22080	133420	73080	119830	125630	42001	11460	148080	39530	133350	61940	73860	102940	64990	61790	25400	81590	120500	12240	97120	11640	137490	66220	8100	60670	99760	105440	136540	84720	15890	15660	30850	114310	81650	73020	92470	98920	122290	73830	91950	121890	101270	41540	130870	36560	11910	110700	54640	59190	126600	116610	161200	52050	110620	91260	6930	68900	145220	51280	38750	0	87050	87490	29950	130080	85670	57030	141320	93120	118060	113670	54480	17610	160480	27380	38750	135050	105320	45220	111310	147490	128350	140470	78720	21560	72290	31420	118290	127970	
41700	99940	0	17050	113470	31870	47120	32320	56660	92880	59660	124060	100620	123230	31650	118230	126100	119052	92930	48250	64400	115270	78730	28970	33360	73000	38730	107370	52120	18510	95090	33900	98700	38700	54040	92150	125800	95050	22660	89940	43070	107870	85790	105710	120270	68980	130460	88720	11970	97860	59550	77890	117930	140760	114792	129000	71390	94490	114020	77310	45890	129340	101670	60570	124282	45750	63010	92980	33510	134400	51951	109892	99940	68210	90210	95040	135400	66390	124390	132900	138890	126130	108660	69360	115150	71370	73680	64430	72230	61480	57400	41420	50360	111460	44410	133290	85650	59760	90041	115390	129500	
25890	88740	16450	0	98770	46780	31310	39870	40850	77920	54221	109100	92560	108530	30410	103270	111140	103262	83700	57960	51090	100570	74760	27730	49370	57190	32450	99290	36310	34130	81410	45630	90110	54320	38230	81670	109350	80090	38670	78810	27260	94190	73200	98270	105310	53170	114010	73491	10490	83160	43740	63190	102970	124200	99002	114040	58080	85260	99060	72230	31400	114380	86970	70320	108492	61760	48310	81690	22790	119700	46151	94102	88740	52470	74400	88570	120440	70220	107940	118200	121870	111170	93700	64280	104280	73450	66040	57960	64550	69360	44090	57430	65980	96760	60030	116270	77270	43950	74251	100430	114540	
77700	129700	113450	98960	0	126561	72520	114431	64700	31880	134751	24210	142200	13080	118730	18560	21260	107960	127620	126091	102460	6150	159751	116540	145620	68030	115281	147160	67160	118641	117690	143910	134430	138261	82671	125120	98390	30900	134920	35280	75710	121330	116650	151130	34450	54600	87230	38310	101710	18880	71440	44690	14080	63180	105520	19120	99110	129280	27420	154881	98441	29440	16350	129240	106850	158010	56070	125140	103520	24760	128551	105220	129700	51930	44150	143760	36250	159520	99890	23260	73160	35410	19320	146901	142590	114230	124010	126710	62250	168240	104310	153680	150211	3020	144131	83500	130030	72580	99980	17260	26810	
72250	134100	31900	46800	126941	0	76260	12850	85800	114040	90580	143290	133480	138081	63510	135770	143640	154122	127090	19510	95610	128021	106110	60830	48250	103550	70590	140230	80850	13810	127770	51740	132860	12830	84590	125730	158260	115870	39650	94220	68400	140550	118000	138321	142940	94470	162830	111870	36390	111291	88920	101040	134290	169380	149862	144111	104150	128650	133980	106400	77100	148520	117600	30090	159352	59930	86160	125750	64720	149251	83430	144962	134100	91360	113810	127961	155750	88470	156850	147751	167320	147840	125290	98880	149060	43610	106470	96290	68580	77830	88610	55200	25170	126001	23790	163940	118440	90090	124600	132260	147040	
6240	76760	47310	31540	72590	76460	0	66070	10390	47460	65540	78640	85160	82350	47910	72810	80680	81090	72190	84160	39760	74390	90540	46240	80230	28080	44940	91330	5850	64990	66610	76080	79000	85000	11390	69690	84220	49630	69530	66250	9920	76650	61220	92120	74850	22710	84200	42731	40330	56980	12980	32880	72510	93440	76830	83580	43090	73850	68600	85670	28220	83920	59940	92630	85900	92270	20180	69710	32060	93520	59340	71930	76760	22010	43940	82971	89980	88500	82810	92020	91110	80710	63240	77690	92620	86620	59640	58380	58620	97420	35110	88290	96550	70580	90600	85310	69310	14150	54660	69970	84080	
62960	129790	32370	39910	114931	12790	65870	0	75410	102030	91990	131280	133900	126071	63980	123760	131630	145592	124750	18370	90560	116011	108580	61300	51930	93630	71060	140340	68840	17420	122460	55420	131160	24490	75510	122720	149650	103860	43330	82440	57690	135240	112880	138791	130510	82460	152660	99860	29500	99281	78530	89030	122280	157350	141332	132101	97550	126310	121970	108660	70870	136510	105590	30730	150822	64460	74150	122740	62280	137241	84281	136432	129790	79350	101800	128431	143320	91460	148240	135741	155290	135410	113280	101350	145330	39330	105710	96760	56800	81510	83560	58880	36830	113991	35450	153770	116950	79700	116070	120250	135030	
15510	80280	56580	40810	64340	85730	10330	75340	0	38210	72490	69390	90290	73990	57180	63560	71430	83540	75710	93350	46570	67330	97490	55510	89500	24960	53330	95250	7090	74260	70130	85350	82520	94270	18970	73210	82330	40380	78800	62120	19190	80090	64740	99070	65600	12450	79360	33370	49600	51440	10200	23630	63260	86010	79650	74330	47200	77370	59350	92620	36490	74670	50690	101070	85620	101540	14020	73230	41330	86600	66290	75230	80280	12760	33680	89921	80730	97770	81670	84780	83680	71460	53990	84640	96140	92960	66590	65330	60150	106690	42060	97560	105820	62330	99870	80180	76260	11340	58100	60720	74830	
52590	100510	92890	77890	31550	114280	47410	102150	38200	0	107111	33930	114540	39020	94260	27790	35660	85520	99960	115940	74800	34970	132111	92590	125060	39980	87641	119500	42050	105930	88500	122430	106770	125820	55031	97460	77000	3280	114360	47310	55150	92140	88990	123470	30910	26730	67810	8390	81150	26430	43800	19240	27490	57900	83080	38560	71450	101620	24020	127241	70801	39210	18640	119530	84410	137450	30760	97480	78410	52540	100911	82180	100510	25760	14230	116100	45450	132803	77450	49010	62950	36770	18220	119261	113400	107690	96350	99050	60860	143770	76650	133120	137370	29970	131420	64420	102370	44940	70790	24950	39060	
62150	49360	59980	55001	134690	90690	65450	92260	72320	106900	0	133700	44540	142260	30150	131030	137700	85650	42350	108190	34300	138110	26480	31830	56180	69090	25650	50950	70290	77090	50250	50360	48120	93540	54160	41780	103460	107200	58550	122561	68331	62360	36850	48210	127290	82640	110110	98770	64831	121420	68740	94951	130730	130020	85070	141800	39940	43910	122330	21610	38970	138990	121490	120290	94990	63130	84620	42610	38760	155680	9880	80600	49360	84560	94880	38090	142480	39470	99040	152250	125920	133210	121460	13630	62930	127791	23310	13850	112121	58560	31730	63800	100870	133110	92860	115810	32930	67120	63050	128190	140360	
83870	121430	124170	109170	24180	143260	78690	131130	69480	34070	133600	0	140750	18090	125540	7590	6830	96720	126170	144971	101010	29950	159840	123870	156340	66120	118631	145530	73330	135340	109420	153710	131430	154960	85580	121920	83100	30790	145640	57440	86430	112600	115200	149680	14910	58010	69780	37540	112430	37110	74790	50520	14230	39560	94280	13290	97660	127830	12410	154080	101791	6650	29190	148561	92810	168730	62040	121530	109690	26850	129240	93980	121430	57040	41540	142310	12890	163793	86310	22840	49540	11790	17910	145750	134320	136390	122560	125370	83090	175880	102970	164400	169091	26820	160830	64720	128580	75930	91960	11660	7910	
84330	22110	100660	92710	141350	133490	84330	131920	90340	113560	44960	140210	0	148770	72670	137540	144210	60991	15540	149870	48460	144770	46260	73750	95041	74960	62800	7750	89190	120130	31990	89281	11770	136920	73060	20650	80050	113710	101120	146510	89280	36160	25630	9180	133690	91620	93520	105280	102540	132260	83800	101920	137240	121770	60920	148310	46530	13170	128840	38960	62810	145500	128150	162190	71430	102350	101230	21780	72150	162340	50710	58880	22110	97020	101390	9910	148990	70350	76410	158760	113620	137440	127970	39160	21380	164100	28560	36850	138650	94000	49710	102661	143600	139770	135590	99220	15690	82260	51170	134700	146870	
88280	133330	124800	110310	13050	138861	83100	126731	74070	39090	141860	18110	149010	0	129950	16250	12200	109560	134430	138391	109270	18820	167661	127890	156970	74380	123191	153970	77740	130941	121320	155260	141240	150561	90581	131930	99420	35830	146270	47950	87060	124660	123460	157940	32040	62640	86830	43560	113060	31550	79350	54410	12870	56880	107120	6450	105920	136090	25330	162340	106351	19120	26170	141910	108450	169360	66450	131950	114100	15840	136461	106820	133330	61450	49400	150570	26640	168353	101330	12970	66860	29110	20840	154010	146220	126900	130820	133630	74920	179590	111230	165030	162511	15690	156431	82040	136840	80490	103860	16220	14570	
43310	72510	31740	31060	118730	63570	47900	64020	57440	94510	30030	125690	72100	128490	0	119860	127730	100131	65500	79950	41740	120530	49040	3190	37580	66790	12030	78850	52900	50160	68740	31240	71270	66610	45200	64930	112090	96680	34650	99960	45730	81520	58890	76631	120500	69760	116750	89041	39100	103120	57710	79930	119560	134040	95871	130630	48730	67060	115540	47680	27160	130970	106930	92270	105361	47270	67230	65760	18540	139660	22791	90971	72510	69060	88090	66511	135690	42860	108580	138160	129940	126420	110290	39730	86080	103070	46460	37210	89520	49960	34740	45200	76610	116720	68960	122130	58430	56170	71120	117020	131130	
78380	119770	118680	103680	18590	135790	73200	123660	64170	28240	131010	7550	138160	16230	120050	0	8130	95840	123580	137450	98420	24360	157250	118380	150850	63530	113601	143120	67840	127870	107760	148220	129770	147490	80991	120260	84900	24980	140150	49970	80940	110940	112610	147090	15910	52740	72310	32710	106940	29640	69760	44510	6760	45550	93400	13560	95070	125240	10040	151490	96761	12780	21720	141040	94080	163240	56550	119870	104200	27910	126650	93100	119770	51550	38550	139720	19590	158763	86810	24010	55530	18750	10440	143160	132660	127510	119970	122780	75620	170390	100380	158910	161570	21230	153360	68580	125990	70900	90300	4190	11300	
86240	125820	126540	111540	21320	143650	81060	131520	72030	36100	137760	6810	144910	12160	127910	8210	0	101890	130330	143581	105170	27090	164000	126240	158710	70280	121461	149870	75700	135730	113810	156080	135820	155350	88851	126310	89120	32840	148010	56220	88800	116990	119360	153840	20740	60600	75800	40570	114800	36190	77620	52370	11630	45580	99450	7360	101820	131990	16490	158240	104621	9120	28650	147171	98830	171100	64410	125920	112060	21510	133400	99150	125820	59410	45700	146470	16640	166623	91850	17610	55560	17810	18300	149910	138710	135170	126720	129530	81850	178250	107130	166770	167701	23960	161220	70740	132740	78760	96350	11540	6110	
85610	41731	119371	103601	107750	154291	80890	145691	83840	85600	86060	96610	61031	109470	100281	95760	101560	0	50131	165471	60581	111420	100380	99461	136291	60560	90001	61571	85370	139931	36310	129951	51631	159981	71820	46671	19880	83680	133361	126460	89610	26181	50050	68161	84000	79480	34390	77580	113431	107440	77610	86760	98420	63780	5250	106800	53511	51171	86630	93080	78591	98840	98010	180431	11260	145981	90860	45501	90521	121150	87300	9620	41731	85380	72700	69421	99020	122900	16480	117250	53060	87430	90470	92310	47741	175291	63420	74770	139410	141340	66271	143911	176211	106420	164361	38730	60231	76070	31661	94710	103620	
75330	11460	92580	83860	126940	126990	72670	123070	75930	99150	42970	125800	16060	134360	66010	123130	129800	50801	0	142850	35090	130360	51470	66790	95870	60550	54720	20670	77150	113630	18500	90050	7930	130420	61780	5510	69470	99300	98370	132100	80280	24690	11220	24990	119280	77210	81820	90870	93690	117850	69390	87510	122830	110070	50340	133900	32120	2830	114430	44180	53960	131090	113740	155690	60850	103550	86820	6640	63300	147930	44210	47550	11460	82610	86980	21220	134580	75200	65830	144350	101920	123030	113560	44020	21980	155250	20310	31680	129800	98250	40250	104240	140420	125360	133400	87520	12330	67850	37420	120290	132460	
81060	149530	48260	58010	126531	19520	83970	18370	93290	115900	107880	145320	149840	137671	79870	137630	143851	165332	143450	0	108660	127611	123840	77190	65980	112340	86950	156590	86490	31540	142200	69470	149220	29470	93610	141580	168600	117730	57370	92100	75340	154980	132620	154681	144970	100110	170310	115250	47600	110881	96630	103550	134091	172210	161072	143701	117290	145010	136010	124180	88970	150550	117401	12620	170280	77940	91800	141600	80380	148841	100171	156172	149530	97000	119400	144321	157601	106200	167190	147341	170150	149870	127150	116660	164910	24870	122830	112650	65840	95560	101660	72930	31590	125591	38720	171180	134800	97800	135810	134120	149070	
40890	39230	64380	51100	102270	95560	39950	90310	46650	74480	34500	101130	49040	109690	41720	98460	105130	60391	34660	108400	0	105690	59500	40900	77730	35880	30630	54200	44670	82200	30730	71390	41470	100530	28540	32160	73260	74630	74800	105070	45840	43510	23690	56000	94720	52540	78200	66200	60930	93180	40480	62840	98160	98110	56131	109230	8720	36320	89760	54630	21200	106420	89070	121520	65621	87420	59000	32180	32450	123260	33650	51231	39230	57860	62310	47850	109910	70970	68840	119680	94010	100640	88890	46650	55090	121480	23650	26270	94860	88650	7710	85350	110530	100690	104910	83900	33190	38940	31380	95620	107790	
79870	132970	115620	101130	6330	127471	74690	115341	67710	35150	138021	30090	145470	18960	120900	24440	27140	111530	130890	127001	105730	0	163021	118710	147790	71300	118551	150430	69330	119551	120960	146080	137700	139171	85020	128390	101960	34170	137090	36190	77880	124600	119920	154400	40330	57870	90800	41580	103880	19790	74710	47700	19960	69060	109090	25000	102380	132550	32380	158151	101711	35320	19620	129970	110420	160180	58240	128410	105690	29220	131821	108790	132970	54940	47420	147030	42130	161690	103460	29140	79040	41290	22890	150171	145860	115140	127280	129980	63160	170410	107580	155850	151121	6090	145041	87070	133300	75850	103250	22240	32690	
86280	61720	78660	75370	159751	106220	90460	108670	97330	131910	26470	159940	46370	168061	48940	157270	163940	100400	51380	124310	59310	163171	0	51270	64491	94100	49770	50760	95300	92620	65000	58731	53270	107650	79170	55660	118210	132210	70570	142930	88700	75100	52350	46910	153530	107650	129390	123780	85200	146090	93750	119961	156970	155030	99820	168181	64950	50960	148570	7630	63890	165230	146500	135260	109740	64430	109630	56790	60580	180741	32420	95350	61720	109570	119890	37740	168720	30310	113790	178631	149490	159450	147700	13690	66910	148060	42450	36430	132490	52840	56740	70210	112890	158171	104880	135090	40570	92130	82100	154430	166600	
41440	73510	28960	28280	116860	60790	46420	61240	55960	93030	31500	124210	73100	126620	3410	118380	126250	99181	66500	77170	40790	118660	51660	0	37350	65310	13030	79850	51420	47430	69630	31010	72270	64220	43720	65930	111140	95200	34420	98090	43860	82410	59890	77631	119020	68280	115800	87561	36320	101250	56230	78450	118080	132600	94921	129150	47780	68060	114060	49150	26210	129490	105060	89490	104411	47040	65750	66760	17200	137790	23791	90021	73510	67580	86610	67511	134210	45820	107630	136290	128500	124940	108810	41200	87630	100290	47460	38210	87650	52580	33790	44970	74220	114850	68600	121150	59430	54690	70170	115540	129650	
74760	103100	33500	50110	145780	48210	80180	51840	89720	125190	56640	156370	95343	155540	38040	150540	158410	136491	96090	65960	78100	147580	64781	37570	0	102620	49620	101693	85180	35440	103990	7360	100213	46220	81030	95520	149360	127360	13670	122250	76130	116100	90590	98953	152580	102040	154300	121030	44280	130170	92610	110200	150240	171470	132231	161570	85090	97650	146330	66381	63520	161650	133980	76910	141721	12770	95320	96350	54510	166710	54280	127331	103100	100520	122970	88833	167710	41220	144940	165210	167370	158440	140970	59372	115823	90110	77050	67590	104540	29860	71100	8100	51170	143770	42570	160000	87053	92000	107480	147700	161810	
33370	65380	72980	57210	67770	103330	27790	93420	24940	39500	68940	66010	75390	74570	66750	63340	70010	60350	60810	112260	35650	71190	93940	65080	101910	0	58050	80350	29100	90660	54130	95570	67620	110850	25390	58310	59890	39510	95200	74510	37270	60770	49840	84320	59600	19690	60060	31080	67040	60220	19650	29880	63040	71050	56460	74110	32300	62470	54640	89070	41510	71300	54570	119980	62430	111600	31060	58330	49990	88460	64580	52520	65380	25590	27190	76950	74790	101610	58480	84560	68520	65520	53770	81090	81240	112970	57200	60710	78420	116260	38310	109530	122510	66190	116560	61170	63220	20790	38780	60500	72670	
40210	61830	38880	32730	115001	70710	44350	71160	53210	87211	25990	118001	62510	123311	12890	112661	120531	89771	54820	87090	30610	117890	50210	13410	49720	57930	0	69260	49350	57350	57170	43380	60590	74140	37570	54250	102190	89131	46790	99110	44880	69950	48000	68220	111890	63000	106850	80571	42560	100480	49100	75211	112361	124140	85511	123431	38370	56380	106930	46730	18370	123281	101801	99410	95001	59410	63680	55080	14120	135991	18050	80611	61830	65481	79480	58520	127080	49460	98220	133881	120040	117810	103091	38780	75400	105520	35990	27910	88670	62100	24080	57340	84140	113421	78520	112230	47750	47560	60760	109821	123931	
91190	25610	107330	99570	146450	140160	91190	138780	95440	118660	51350	145310	7690	153870	79340	142640	149310	61521	20640	156540	54600	149870	50770	80420	101401	80060	69470	0	96050	126800	36280	95641	15590	143590	79920	25750	80540	118810	107480	151610	96140	36650	30730	6810	138110	96720	94010	110380	109400	137360	88900	107020	142340	122260	61410	153560	51630	18270	133940	43470	69670	150600	133250	177101	71920	108710	106330	26880	79010	167440	57290	59370	25610	102120	106490	14160	153560	75950	76900	164010	114110	141540	133070	44760	19000	179152	35420	43520	145510	99740	56570	109021	149960	144870	141950	99710	22550	87360	55460	139800	151970	
11000	81360	52070	36300	67200	81080	5820	68950	7110	42070	70300	73250	89920	76960	52670	67420	75290	85690	76790	86590	44520	69000	95300	51000	84990	29220	49700	96090	0	69750	71210	80840	83600	89760	16150	74290	87340	44240	74290	60860	14680	81250	65820	96880	69460	19430	84610	37910	45090	51590	13390	27490	67120	92090	81430	78190	47850	78450	63210	90430	33410	78530	54550	94310	89880	97030	14790	74310	36820	88130	64100	76530	81360	16620	39370	87731	84590	93260	85930	86630	89760	75320	57850	82450	97220	88300	64400	63140	55820	102180	39870	93050	101310	65190	95360	85720	74070	14560	59260	64580	78690	
59380	120610	18510	34730	119181	13800	64800	17370	74340	105840	76950	135530	120090	130321	50030	128010	135880	139592	113700	31550	82220	120261	92480	47440	35490	90680	57200	126840	69800	0	113450	38980	119470	20480	71720	112340	145390	108010	26890	93790	56940	126230	104450	124931	133230	84280	149960	101680	24930	103531	77230	90850	126530	158220	135332	136351	89210	115260	126220	92560	63710	140760	109840	42500	144822	48020	75970	112360	51330	141491	69800	130432	120610	81170	103620	114571	147570	75360	143980	139991	156160	139090	117530	85250	135670	55700	93080	82900	73260	65070	75220	42440	32450	118241	26500	151070	105050	77440	110070	124500	139280	
69570	12300	95190	81490	117980	128280	66910	120700	70170	88940	50600	109360	32510	121470	69180	107880	113680	36300	18530	140480	30720	121400	64920	69700	103500	54120	57150	36400	71390	113560	0	97680	22300	131710	56020	13640	54110	87810	105090	126340	74520	14110	14590	41440	102360	71450	65520	80520	91320	111780	63630	81750	109940	93350	35720	118920	26810	20250	98750	57620	51590	114650	104660	153600	45640	111180	81060	12480	62580	133270	51840	31250	12300	76850	75540	39180	118130	87440	49690	129370	85620	106110	101720	56850	27770	152670	27960	39310	125040	105880	37620	111870	141710	116400	136090	71220	26570	62090	19470	106340	116020	
70610	96800	33650	46270	144080	51760	76030	55390	85570	122640	50340	153820	89453	153840	31250	147990	155860	129701	89790	69510	71310	145880	58891	30780	7220	95830	42830	95803	81030	38990	97690	0	94323	50660	74240	89220	142570	124810	14420	122400	72240	109800	84290	93063	149540	97890	147330	117611	44430	128470	86750	108060	147690	164020	125441	158760	78300	91350	143780	60491	56730	159100	132280	80460	134931	16390	93620	90050	47720	165010	47980	120541	96800	97190	117130	82943	165160	38460	138150	163510	159920	155890	138420	53482	109933	93660	70750	61290	104690	29530	64310	14840	55890	142070	47880	152710	81163	85210	100690	145150	159260	
81660	11510	98450	90040	133730	132570	79460	129250	82720	105940	48530	131330	11550	141150	71690	129850	135650	51811	7900	148950	41880	137150	52830	72470	99431	67340	60590	15580	83940	119210	22260	93671	0	136000	68570	11960	70870	106090	103950	138890	86610	26120	18010	20320	124330	84000	83250	97660	99870	124640	76180	94300	129620	111500	51740	140690	38910	5550	120720	45530	60140	136620	120530	161270	62250	106740	93610	13090	69480	154720	49790	48980	11510	89400	93770	19520	140100	76560	67230	151140	103350	128080	120350	45370	17080	161430	25890	37260	135980	100210	47040	107051	146000	132150	138980	88950	15630	74640	41440	127080	137990	
79590	137220	38720	54940	138611	12860	84710	24520	94250	125710	93110	154960	136600	149751	66190	147440	155310	159021	130210	29370	100280	139691	107000	63950	46420	110890	73710	143350	89710	20490	130890	50280	135980	0	91930	128850	165600	127540	38190	105890	76850	143670	121120	141232	153140	104190	170170	121590	44840	122961	97370	110760	145960	178130	154761	155781	107270	131770	145650	108180	83920	160190	129270	36230	164251	51990	95880	128870	71540	160921	85960	149861	137220	101080	123530	131081	167420	86690	164190	159421	176070	159000	136960	100870	152180	52340	109590	99410	80250	71180	93280	47730	12700	137671	11320	171280	121560	97650	130010	143930	158710	
15370	66190	54380	38610	82531	84730	11500	75660	18950	54741	54230	85480	73850	90841	45360	80191	88061	71920	61620	93750	28450	84760	79230	43690	80520	25730	37330	80020	16220	72060	56040	74180	68430	92250	0	59120	75050	56661	75460	76620	19560	67480	50650	80810	79070	29380	79710	48101	48440	67350	15480	41700	79891	93540	67660	90961	31780	63280	74110	74360	20120	90770	68600	102270	76730	90210	30550	59140	28600	103521	48030	62760	66190	31030	46660	71661	94260	82492	73640	101411	91210	84990	70621	66380	82050	96260	48330	47070	68630	94870	23800	88140	103910	80600	97960	84950	58000	13860	45490	77351	91461	
72810	8170	91950	82130	124420	126180	70150	121340	73410	96630	42340	121760	21170	131840	65380	120280	126080	47191	5510	141120	32570	127840	55790	66160	95240	58030	54090	25780	74630	112360	13660	89420	11940	129610	59260	0	65860	96780	97610	129580	77760	21080	8700	30100	114760	74690	78210	88350	91960	115330	66870	84990	120310	106460	46730	131320	29600	7940	111150	48490	52230	127050	111220	154240	57240	102920	84300	1300	61940	145410	43580	43940	8170	80090	84460	26160	130530	79170	62220	141770	98310	118510	111040	48330	24890	153520	19680	31050	128090	97620	38260	103610	139610	122840	132770	83910	15350	65330	32580	117770	128420	
88940	60830	125680	109880	98160	158310	84220	149710	82870	77110	103640	83080	80420	99210	112230	84760	88980	20070	69230	169490	73300	101830	117960	111130	149010	59960	102490	80940	87400	145640	53890	142670	71020	166450	75150	65770	0	75190	144360	117970	92940	45280	67630	87530	71710	73630	16070	69090	119740	98880	77950	78660	88190	45220	20000	95440	66230	70270	75090	110660	86910	82760	88420	184310	10340	158700	84630	64600	96040	107600	104880	22900	60830	78730	64210	88810	80460	140860	6140	103590	34500	71790	80880	109890	67110	172470	81000	92350	130920	158920	78760	156630	183230	96830	172160	20170	79330	78470	44300	85120	88350	
54760	99580	95060	80060	31160	116110	49580	103980	40370	3280	106810	30650	113960	35890	96430	24660	32530	83610	99380	117770	74220	34580	131810	94760	127230	39330	89601	118920	44220	108100	87570	124600	106190	127810	56991	96880	75090	0	116530	47140	57320	91210	88410	122890	28000	28900	65900	8510	83320	26260	45760	21410	24360	55610	81170	35430	70870	101040	20740	126940	72761	35930	18250	121360	82500	139620	32930	96900	80580	49780	102450	80860	99580	27930	14350	115520	42170	134763	75540	45880	61040	33490	15090	118960	112470	109520	95770	98580	62350	145940	76180	135290	139540	29580	133590	62510	101790	46900	69860	21820	35930	
63930	105130	22670	39280	134950	39520	69350	43150	78890	114360	58240	145540	100912	144710	34650	139710	147580	133101	98120	57270	74710	136750	70350	34180	13710	95230	46230	107262	74350	26750	104970	14780	103890	38420	75760	97420	144850	116530	0	111420	65300	117750	92190	104522	141750	91210	149510	110200	33450	119340	81780	99370	139410	162990	128841	150480	81700	99680	135500	71530	60130	150820	123150	68220	138331	26240	84490	98250	49310	155880	54420	123941	105130	89690	112140	94402	156880	51510	141550	154380	161120	147610	130140	64220	119270	81420	78650	69190	93710	42360	67710	20660	43650	132940	35640	154890	90350	81990	104090	136870	150980	
68110	136560	89240	77790	35120	94210	66040	82490	62420	47180	122881	57520	146570	47750	100310	50000	55930	126100	131990	91980	104740	36200	143420	98120	121410	73990	100120	151530	60680	92960	126370	121740	138800	105910	76370	129490	117580	46920	110710	0	60500	132340	121020	155500	62900	55210	109900	48480	77500	21760	71780	45530	46050	93100	123660	53790	103480	133650	52850	140890	90500	62750	32470	93900	124990	133800	49590	129510	88790	59140	114811	122350	136560	50540	54320	147742	69560	141100	118030	57930	103210	66350	43190	132940	152420	79070	124411	122600	27090	146560	100090	129470	118250	34180	116870	106170	134081	72920	109500	46750	61270	
8020	84590	43080	27310	75730	68210	9700	57640	19240	55140	67931	86320	89811	85490	45360	80490	88360	89870	80020	75280	46220	77530	88470	43170	75990	37460	45170	95981	14700	56860	74440	72060	86801	76750	19460	77520	93000	57310	65290	59800	0	85430	69050	96771	82530	31560	93580	50980	32080	60120	22360	40150	80190	102820	85610	91260	50180	81680	76280	85940	32810	91600	63930	83000	94680	88250	25270	77540	33840	96660	59861	80710	84590	30470	52790	87622	97660	86150	91590	95160	100490	88390	70920	77990	100450	76990	64291	63031	49360	94870	40831	84050	88300	73720	82350	94690	73961	23530	63440	77650	91760	
80980	15860	108030	94230	121570	141120	76740	133440	80000	92530	62740	112250	36240	124480	81920	110770	116570	26451	24260	153220	43460	124990	74800	82440	115640	60700	69890	36760	81220	126400	14090	109820	26270	144550	67430	20800	45120	91400	117930	132890	85460	0	27790	43350	102080	79630	58170	84110	104060	115370	73460	88340	113410	86420	25990	121810	39550	25300	101640	67500	64330	116920	108250	173400	36500	123320	90800	19630	75320	136160	63980	23900	15860	85530	79130	44410	117530	98530	41480	132260	78270	105510	105190	67340	22930	163910	40080	51450	135950	118020	50360	124010	154550	119990	148930	63870	34360	71920	23480	109720	118910	
64420	15860	85840	73740	116030	118420	61760	112950	65020	88240	37260	114890	26220	123450	59270	112220	118890	50030	11290	132730	24180	119450	52360	60050	90160	49640	47980	30830	66240	104970	14630	84340	18100	121850	50870	8790	67840	88390	92530	121190	69370	27780	0	35150	108480	66300	78590	79960	83570	106940	58480	76600	111920	103980	49450	122990	21210	12950	103520	45060	43840	120180	102830	145850	59370	97110	75910	8810	54730	137020	38500	44980	15860	71700	76070	28270	123670	74660	63420	133440	98690	114180	102650	44070	31720	145130	14800	25970	118740	92540	29870	97780	131850	114450	126230	84290	14540	56940	31030	109380	121550	
92540	31690	106850	99840	151120	139430	92540	139880	99430	123330	49250	149980	9950	158540	77790	147310	153980	68641	25310	155810	56670	154540	47160	78911	99301	84730	69110	7330	97400	126070	41760	93541	21350	142620	81270	30420	87660	123480	105380	156280	97490	43770	35400	0	143460	101390	101130	115050	109670	142030	93570	111690	147010	129380	68530	158230	56300	22940	138610	41350	71020	155270	137920	168130	79040	106610	111000	31550	80340	172110	55190	66490	31690	106790	111160	12040	158760	73830	84020	168680	121230	147210	137740	42640	26120	172310	36770	43160	146860	97620	57920	106921	147860	149540	139850	106830	23900	92030	60940	144470	156640	
78980	114470	119280	104280	34550	142190	73800	129620	64590	29910	127120	14890	134270	32190	120650	15960	20930	84080	119630	144000	94530	40320	153360	118980	151450	59640	112430	138200	68440	132320	102460	148820	124470	152210	79100	114960	71760	27610	140750	63380	81540	102100	108720	143200	0	53120	59170	32650	107540	43050	68950	45630	22380	30380	81640	27390	91180	121350	10480	147600	95590	16170	31580	147590	80940	163840	57150	114570	104070	40630	122760	81340	114470	52150	35060	135830	18500	158842	73670	36620	40360	6480	21250	139270	124370	135750	116080	118890	86540	170990	96490	159510	166290	36720	157810	55440	122100	70090	85000	19350	21380	
27580	82040	68650	52880	54330	94860	22400	82730	12170	26710	82810	57890	92050	62710	69250	52280	60150	79060	77470	100370	52310	57750	107810	67580	101570	19470	63470	97010	19160	84560	71850	97420	84280	104450	29390	74970	72680	28880	90870	55510	31260	79480	66500	100980	54040	0	69710	21110	59780	42850	17590	12510	51980	74140	75170	63050	48960	79130	47850	102940	46630	63170	39410	106820	78530	113610	12150	74990	53400	75320	76610	71230	82040	6670	21420	93610	69230	108632	72600	73500	71810	59960	42710	94960	97900	94980	73860	75650	59420	118760	52380	109630	116000	52750	110050	70400	79880	18730	57490	49440	63550	
89970	73020	130340	114540	86890	162970	84390	154260	79840	67740	110500	69640	93530	86510	116890	72060	75540	34560	81420	171900	78330	90560	129380	115790	154040	60060	107150	94050	84760	150300	65480	147700	83430	171110	79810	77960	16100	65820	149020	109930	93870	57950	78600	100640	59010	70410	0	61510	124400	88210	75310	72130	75490	31780	33550	82000	71260	82460	62390	122080	91570	69320	77310	176440	25910	163730	80130	76790	100700	94160	110350	35820	73020	74160	56750	101570	67020	147670	19030	90150	21060	58350	69610	121310	80220	164600	92420	102040	123460	165350	83420	161660	182770	85560	176820	6660	91200	76450	51090	72420	74910	
48421	92120	88780	73721	38370	112120	42841	99990	33660	8420	98890	37430	106150	43620	89031	32390	40260	77510	91570	115320	66410	41790	123890	87361	120950	31590	81091	111110	37940	101820	80110	117801	98380	121710	48481	89070	68990	8560	110250	48660	51040	83750	80600	115080	33640	21680	61540	0	77040	31260	37250	15130	32090	59680	75070	43160	63060	93230	27390	119020	64251	42710	24140	118910	76400	133340	26650	89090	72731	57510	94361	73790	92120	21650	5840	107710	48770	126253	69440	53610	58830	39500	22820	111040	105010	107070	87960	90660	61610	138541	68260	129010	133260	36790	127310	59590	93980	38390	62400	29550	43660	
35930	98950	11980	10480	101740	36370	40110	29460	49650	81150	64281	112330	102620	111500	39020	106500	114370	113302	93910	47550	61130	103540	84820	36340	44150	67230	42510	109370	45110	25020	91620	44690	100320	44910	48270	91710	120050	83320	33450	78210	32250	104400	83240	108330	108540	59590	124710	76990	0	86130	52770	66160	106200	131560	109042	117270	68120	95470	102290	82290	41440	117610	89940	59910	118532	56540	51280	91730	32850	122670	56211	104142	98950	56480	78930	98630	123670	75470	118640	121170	129500	114400	96930	74340	114490	64260	76100	68020	60500	72270	54130	52210	56460	99730	50510	126510	87310	53940	84291	103660	117770	
62560	122800	98310	83820	18800	110921	57380	98791	51600	26470	121860	37330	132810	30860	103590	29810	36390	107210	118230	110451	93070	19880	146700	101400	130480	60190	101260	137770	52020	103001	111300	128770	125040	122621	67710	115730	98690	26210	119780	21840	60570	114940	107260	141740	42710	42830	88400	31190	86570	0	60220	31590	25860	72350	104770	36890	89720	119890	32660	141990	84970	42560	12280	114041	106100	142870	40930	115750	88380	42030	115660	104470	122800	38830	37030	134370	49370	144380	99140	40530	82330	46160	23000	134010	136200	100330	114620	114700	48440	152320	91430	138540	134441	16830	128491	84670	120640	61360	93590	26560	41080	
23400	73310	64470	48700	70270	93840	17820	83450	14540	42480	73960	73270	83320	78580	63020	67930	75800	76020	68740	101540	42930	73690	98960	61350	97390	17440	54620	88280	18190	82150	62860	91840	75550	102340	20540	66240	75560	44400	86690	72410	27300	72570	57770	92250	67330	17580	72830	35840	57710	60240	0	29900	67630	82070	72130	78700	40230	70400	62370	94090	37780	78550	56800	110010	78100	107870	25930	66260	46260	91260	67760	67710	73310	21720	34920	84880	82520	99782	74150	89150	79740	73250	58360	86110	89170	104000	65130	65930	73430	112530	43530	105450	113930	68690	107980	73940	71150	9880	50580	65090	79200	
37930	92480	77900	63230	44510	101240	32750	89110	23720	19230	94701	50410	102490	54490	79600	44060	51930	85620	87910	103580	62750	47500	119701	77930	110070	29870	75231	107450	27390	90940	82290	107770	94720	110830	41710	85410	78500	21400	99370	45870	40160	88150	76940	111420	46620	12510	71940	15070	66160	31610	29910	0	43760	72290	83180	54830	59400	89570	40370	114831	58391	55690	30950	107170	84530	122460	15770	85430	63750	66860	88501	79680	92480	11100	17540	104050	61750	120190	78600	65280	69960	52480	34490	106851	108340	95330	84300	87000	52600	129110	64271	118130	122380	42500	116430	70720	90320	31050	66800	41220	55330	
77720	121460	117740	103020	14080	133861	72540	121731	63510	27580	130350	14340	137500	12870	119390	6820	12020	98170	122920	133391	97760	19850	156590	117720	149910	62870	112941	142460	67180	125941	109450	147560	129730	145561	80331	120420	88440	24320	139210	45860	80000	113090	111950	146430	22370	52080	75850	32050	106000	25530	69100	43850	0	52010	95730	13950	94410	124580	14350	150830	96101	19570	17990	136981	97060	162300	55890	120440	103540	28300	125990	95430	121460	50890	37890	139060	26380	158103	90100	24400	61990	25540	9330	142500	134350	123400	119310	122120	71510	169730	99720	157970	157381	16720	151431	72120	125330	70240	91990	3950	17720	
99080	101420	141360	124380	63200	169850	93500	157700	85860	58060	129860	39550	121930	56710	134350	45590	45450	63430	109820	172580	97690	68970	154860	132680	170570	71220	124880	122450	92390	158590	93370	164230	111830	178480	93640	106360	44910	55760	163580	93920	102980	86350	104080	129040	30450	74410	31590	60700	131890	72680	84650	72450	52010	0	64180	51910	90620	110860	40110	147850	109070	39230	61210	181601	54620	180260	81380	105190	117590	64070	129710	65590	101420	76380	56940	129970	36930	167050	49660	60060	12760	28260	50880	142010	108620	164330	115340	121630	116760	184770	102120	178190	191800	65840	184080	26580	116990	85790	75910	48980	44820	
81700	41630	115461	99691	105650	150381	76980	141781	80060	83500	85690	94510	61220	107370	96371	93660	99460	4940	50030	161561	56671	109320	100010	95551	132381	56780	86091	61740	81460	136021	35940	126041	51820	156071	67910	46570	20020	81580	129451	124360	85700	26080	49680	68330	81900	75700	33530	75480	109521	105340	73700	84180	96320	64350	0	104700	49601	51070	84530	92710	74681	96740	95910	176521	11400	142071	87080	45400	86611	119050	86930	5710	41630	81600	70600	69610	97350	122530	15730	115150	53630	85330	88370	91940	47910	171381	63050	74400	135670	140970	62361	140001	166071	104320	160451	39230	60130	72160	27751	92610	101520	
89040	130820	129340	114340	19080	143951	83860	131821	74830	38900	141670	13350	148820	6440	130710	13580	7440	106890	134240	143481	109080	24850	168060	129040	162060	74190	124261	153930	78500	136031	118810	158880	140820	155651	91651	131310	95660	35640	150810	53980	91600	121990	123270	157900	27280	63400	82340	43370	117600	36850	80420	55170	13460	52120	104450	0	105730	135900	22660	162190	107421	14360	30480	147071	105370	174450	67210	130920	114860	14450	137310	104150	130820	62210	49210	150530	21620	169423	98390	10550	62100	24350	21100	153860	143710	132930	130630	133440	80950	181050	111040	170120	167601	21720	161521	77280	136650	81560	101350	14340	8610	
45360	36390	71330	58050	98680	104050	43220	97260	47670	70890	40180	97540	46400	106100	48670	94870	101540	53301	31820	117040	8700	102100	65180	47850	84680	32290	38390	51360	47940	89150	26860	78340	38630	107480	31810	29320	66170	71040	81750	103840	50310	39640	20850	55330	91130	48950	71110	62610	67880	89590	41130	59250	94570	91020	49041	105640	0	33480	86170	60220	28150	102830	85480	130160	58531	94370	58560	29340	39400	119670	40030	44141	36390	54350	58720	47960	106320	77350	61750	116090	86920	97050	85300	52330	52250	126960	25840	31950	99330	95030	14660	92300	117480	97100	111860	76810	34230	39590	24290	92030	104200	
76980	11840	94120	85400	128590	128530	74320	124610	77580	100800	44510	127450	13680	136010	67550	124780	131450	51671	2820	144390	36740	132010	51040	68330	97271	62200	56260	18290	78800	115170	20270	91511	5560	131960	63430	7930	70340	100950	99910	133750	81930	25560	12870	22610	120930	78860	82690	92520	95230	119500	71040	89160	124480	110940	51210	135550	33770	0	116080	43740	55500	132740	115390	157230	61720	104580	88470	9060	64840	149580	45750	48420	11840	84260	88630	20530	136230	74770	66700	146000	102790	124680	115210	43580	20940	156790	21850	33220	131340	98420	41900	104891	141960	127010	134940	88390	12270	69500	39450	121940	134110	
73420	110680	113720	98720	27190	134470	68240	122340	59030	24080	122220	12470	129370	25240	115090	10070	16310	86750	114790	136280	89630	32340	148460	113420	145890	54740	107530	134330	62880	126550	98670	143260	120680	146170	74200	111170	75870	20800	135190	53220	75980	101850	103820	138300	10370	47560	63280	27090	101980	32890	64050	40070	14390	40010	84310	22570	86280	116450	0	142350	90690	18060	21420	139870	85050	158280	51590	110780	99170	36920	117860	84010	110680	46590	30160	130930	23090	152692	77780	33020	49990	13820	11090	134370	123570	128030	111180	113990	76380	165360	91590	153950	160300	27750	152040	59550	117200	65190	81210	11320	19130	
82230	54430	77680	72571	154821	107540	85530	108860	92400	126980	21540	155010	39080	163131	47820	152340	159010	93110	44090	125430	54380	158241	7630	49530	65511	89170	45680	43470	90370	92810	57710	59751	45980	108770	74240	48370	110920	127280	71590	140131	85901	67810	45060	40730	148600	102720	122100	118850	82401	141500	88820	115031	152040	147780	92530	163251	60020	43670	142410	0	59050	160300	141570	136380	102450	69160	104700	49500	57631	175811	28330	88060	54430	104640	114960	30450	163790	36170	106500	173701	142200	154520	141540	8760	59620	145361	35160	31140	129691	58700	51810	72840	114010	153241	106000	127800	33280	87200	74810	149500	161670	
26380	58680	45740	31450	98651	76920	27890	70660	36860	70861	38420	101651	63060	106961	27170	96311	104181	78431	53640	88750	21030	101800	63420	26350	63180	41830	18750	69230	33260	63560	51350	56840	60050	83750	20240	51610	86890	72781	60250	90010	32840	64130	43140	70020	95540	46650	91550	64221	41280	84390	32750	58861	96011	108840	74171	107081	28020	55200	90580	58550	0	106931	85451	101670	83661	72870	47590	51630	14070	119641	32220	69271	58680	48910	63130	60871	110730	65012	85480	117531	104740	101460	86741	50570	74220	99750	37540	33570	79570	76680	14030	70800	94950	97071	89330	96930	47210	31210	49420	93471	107581	
89070	126840	129370	114370	29310	148390	83890	136260	74680	39270	139010	6700	146160	18880	130740	12720	9160	98910	131580	150101	106420	35080	165250	129070	161540	71530	123831	150940	78530	140470	114830	158910	136840	160090	90990	127330	82770	35990	150840	62570	91630	116930	120610	155090	16170	63210	69450	42740	117630	42240	79990	55720	19360	39230	96470	14080	103070	133240	18120	159490	106991	0	34320	153691	92480	173930	67240	126940	114890	25260	134650	96170	126840	62240	46950	147720	7760	168993	87520	21250	49210	11460	23040	151160	139200	141520	127970	130780	88220	181080	108380	169600	174221	31950	165960	64390	133990	81130	97370	16790	6050	
65060	116240	101460	86970	16080	117581	59880	105451	50850	18630	121381	29590	128830	25900	106730	22070	28940	97680	114250	117111	89090	19500	146381	104550	133630	54660	101911	133790	54520	109661	104230	131920	121060	129281	68620	111750	88110	17650	122930	32640	63720	107870	103280	137760	31260	39420	76950	24120	89720	12310	56820	30960	18410	60900	95240	30870	85740	115910	21210	141511	85071	34820	0	120701	96570	146020	43230	111770	90880	37070	115181	94940	116240	38230	29960	130390	41630	147073	89610	35570	70880	34710	11590	133531	129130	107120	110640	113340	55230	155470	90940	141690	141101	14500	135151	73220	116660	57960	86520	18210	33340	
90410	162580	60570	70320	128880	30090	92170	30680	100880	119320	119370	148740	162220	141091	92180	141050	147271	179512	155830	12570	121710	129960	134850	89500	76990	119930	99330	177293	94080	42550	155250	80480	161600	36330	101930	154470	184230	121150	68390	93880	82930	172491	145670	167061	148390	106450	176350	118670	59910	114301	104830	106970	137511	181541	175252	147121	130340	157390	139430	135190	101770	153970	120821	0	184742	86940	95220	154490	92690	152261	112170	170352	162580	101010	122820	156701	161021	117210	187961	150761	174910	153290	130570	127670	183351	23640	135210	125030	67620	106130	114710	82680	35520	127940	45580	175670	147180	106000	146630	137540	152490	
90380	52210	124141	108371	106720	159061	85660	150461	85630	84570	95290	92840	71800	108440	105051	94000	98740	11500	60610	170241	65351	110390	109610	104231	141061	62350	94771	72320	89790	144701	45540	134721	62400	164751	76590	57150	10290	82650	138131	125430	94380	36660	59280	78910	80950	79510	26000	76550	118201	106410	80340	85730	97390	54980	11380	105200	58281	61650	84330	102310	83361	92520	96980	185201	0	150751	90510	55980	95291	117360	96530	14550	52210	84610	71670	80190	90220	132130	8690	113350	44260	81550	89440	101540	58490	180061	72650	84000	138380	150570	71041	148681	180981	105390	169131	29930	70710	80840	36431	93680	98110	
86650	110060	45390	62000	157670	59880	92070	64480	101610	137080	63050	168260	101803	167430	47200	162430	170300	145651	103050	77950	87260	159470	64500	46730	12780	111780	58780	108153	97070	48080	110950	16360	106673	52070	90190	102480	158520	139250	26170	134140	88020	123060	97000	105413	164470	113930	163460	132920	56170	142060	102700	122090	162130	180630	141391	173460	94250	104413	158220	69090	72680	173540	145870	86690	150881	0	107210	103310	63670	178600	60690	136491	110060	112410	133080	95293	179600	35980	154100	177100	176530	170330	152860	64150	122283	102050	83460	74000	116430	20210	80260	8510	57020	155660	46800	169160	93513	101160	116640	159590	173700	
25230	91570	63050	48560	56080	86390	20050	74260	14400	30800	84530	61980	101580	65840	66900	56150	64020	90320	87000	91900	58750	57880	109530	65230	95220	30730	63930	106550	14690	76090	81380	93510	93810	95980	30380	84500	83420	32970	84520	49740	25310	90740	76030	110510	58190	12030	80170	26640	51310	40470	23760	15810	55850	81210	86430	66920	58490	88660	51940	104660	47640	67260	43280	95510	89270	107610	0	84520	51050	77010	78330	82490	91570	6590	28580	101961	73320	107490	83340	75510	78880	64050	46580	96680	107430	83670	78630	77370	50860	116410	54100	103280	107530	54070	101580	79640	88300	24900	68750	53310	67420	
72840	7040	92720	82160	124450	126210	70180	121370	73440	96660	43110	121500	22300	131870	66150	120020	125820	46061	6640	141150	32600	127870	56920	66930	96010	58060	54860	26910	74660	112390	12550	90190	13070	129640	59290	1300	64730	96810	98380	129610	77790	19950	8730	31230	114500	74720	77080	88380	91990	115360	66900	85020	120340	105330	45600	131060	29630	9070	110890	49620	52260	126790	111250	154270	56110	103690	84330	0	61970	145410	44350	42810	7040	80120	84490	27290	130270	79940	61090	141510	97180	118250	111070	49350	23790	153550	20450	31820	128120	98390	38290	104380	139640	122870	133540	82780	16480	65360	31730	117800	128160	
27890	69040	33540	23300	103770	64720	32030	62510	41570	78640	38850	109820	72690	113530	18390	103990	111860	90211	63270	80600	32490	105570	60620	17310	54140	50210	14590	78860	37030	51360	62590	47800	69680	71550	28620	61970	96150	80810	49350	87840	33610	75370	54240	79500	103920	53890	100810	72601	33130	88160	41130	64060	103690	117500	85951	114760	39480	64830	98960	58090	14080	115100	91120	92960	95441	63830	51360	61990	0	124700	30910	81051	69040	53190	71510	70280	119110	58420	94740	123200	113400	109840	94420	50140	83850	93990	46520	39710	77400	67900	25490	61760	82850	101760	77230	106050	56840	39590	61200	101150	115260	
98660	145160	134410	119920	23400	148471	93480	136341	86420	52270	155141	26760	162590	16580	139690	27920	21580	121230	148010	148001	122850	29170	180141	137500	166580	88420	135671	167550	88120	140551	133150	164870	154820	160171	103061	145510	107570	49980	155880	58300	96670	136330	137040	171520	40650	74990	94250	57710	122670	41370	91830	66530	27800	64030	118790	14440	119500	149670	37000	175271	118831	25220	36740	151591	117280	178970	77030	145260	124480	0	148941	118490	145160	73800	63550	164150	30040	180480	112300	4840	74010	36260	35440	167291	158050	137250	144400	147100	85270	189200	124700	174640	172121	26040	166041	89190	150420	92970	115690	28680	19210	
55600	50870	51771	46411	128461	83460	59090	84051	66250	100671	9840	129490	50250	136771	22920	126121	133490	87160	43860	99981	33620	131881	32630	24041	53560	64880	17720	56870	64220	69860	51760	47740	49630	86310	48090	43290	104860	102591	54350	113971	59741	63870	38360	54130	123080	76460	110100	94031	56241	115350	62560	88671	125821	130010	86580	136891	39930	45420	118120	29030	32420	134780	115261	112160	96500	60510	78550	44120	30830	149451	0	82110	50870	78490	90670	44010	138270	38260	100440	147341	125910	129000	116551	21080	64440	119201	24820	15360	103531	55940	28610	61180	96310	126881	88660	115800	36790	61020	63040	123281	136150	
76940	38800	110701	94931	105120	145621	72220	137021	75480	82500	81010	93980	58940	106840	91611	93130	98930	9410	47200	156801	51911	108790	95330	90791	127621	52760	81331	59460	76700	131261	31260	121281	49210	151311	63150	43740	23080	81050	124691	122960	80940	23730	45000	66050	81370	71680	36050	74080	104761	104810	68940	80160	95790	65520	5080	104170	44841	48240	84000	88030	69921	96210	95380	171761	14570	137311	83060	42570	81851	118520	82250	0	38800	77590	69100	67330	96820	117850	18660	114620	56150	84800	87840	87260	45630	166621	58370	69720	131430	136290	57601	135241	161311	103790	155691	41750	56980	67400	22991	92080	100990	
79770	0	99650	89090	129930	134060	77110	128300	80370	100890	50040	121310	22080	133420	73080	119830	125630	42001	11460	148080	39530	133350	61940	73860	102940	64990	61790	25400	81590	120500	12240	97120	11640	137490	66220	8100	60670	99760	105440	136540	84720	15890	15660	30850	114310	81650	73020	92470	98920	122290	73830	91950	121890	101270	41540	130870	36560	11910	110700	54640	59190	126600	116610	161200	52050	110620	91260	6930	68900	145220	51280	38750	0	87050	87490	29950	130080	85670	57030	141320	93120	118060	113670	54480	17610	160480	27380	38750	135050	105320	45220	111310	147490	128350	140470	78720	21560	72290	31420	118290	127970	
27180	87450	68250	52480	51930	91680	22000	79550	13120	25800	84740	56980	97460	61580	68850	51150	59020	84600	82880	97190	57720	54920	109740	67180	100510	25270	65361	102420	16640	81380	77260	97020	89690	101270	31180	80380	77660	27970	89810	51040	30600	85280	71910	106390	53190	6570	74120	21640	56600	39030	21740	11220	50850	76210	80970	61920	54370	84540	46940	104870	48521	62260	38280	101250	83510	112900	6580	80400	53000	74190	78540	77030	87450	0	23580	99020	68320	109440	77580	72370	73880	59050	41580	96890	103310	89410	78840	77580	54140	118360	54310	108570	112820	49920	106870	74100	85290	22880	63290	48310	62420	
48440	87100	89510	73740	44170	113490	43260	101360	33030	14220	94050	41430	101200	49420	87760	38190	45430	72620	86620	119100	61460	47590	119050	86090	122320	26570	79360	106160	39030	103190	75090	116580	93430	123080	46030	84120	64100	14360	111620	54460	52120	78730	75650	110130	35020	21050	56680	5800	78410	37060	35880	17600	37890	56850	70180	48960	58110	88280	30060	114180	62520	46720	29940	122690	71510	132610	28020	84140	71000	63310	89690	68770	87100	23020	0	102760	50210	124522	64550	59410	54550	40940	28620	106200	99990	110850	83010	85820	67410	137270	63420	130380	137140	42590	128680	55310	89030	37020	57380	35350	48090	
83122	29830	95270	89690	143630	128300	83122	128750	90012	115840	38550	142490	9900	151050	67090	139820	146490	69651	21470	144680	47950	147050	37830	68211	88601	77240	59220	14160	87982	114940	39210	82841	19490	131730	71852	26410	88710	115990	94680	147532	88072	44440	28500	11300	136080	93900	101570	107560	99520	134540	86080	104200	139520	129820	69580	150740	48810	20390	131120	30530	61602	147780	130430	157000	80090	94510	102312	27540	70760	164620	44490	67300	29830	99300	103670	0	151270	63010	85070	161190	121670	141010	130250	31820	30310	162892	27960	32480	137442	86660	48502	96221	137160	142050	129150	107270	14930	84540	57840	136980	149150	
94160	129970	134460	119460	36200	155720	88980	143150	79770	45090	142300	12940	149450	26400	135830	19610	16680	99000	134870	156991	109710	41970	168540	134160	166630	74820	127610	153650	83620	147360	117960	164000	139970	167390	94280	130460	80480	42230	155930	69460	96720	117550	123900	158380	18500	68300	67160	47830	122720	49130	84130	60810	26250	36940	97090	21600	106360	136530	23060	162780	110770	7760	41210	160581	90190	179020	72330	130070	119250	30050	137940	96790	129970	67330	50240	151010	0	174083	85230	26040	46920	12080	29930	154450	139820	148410	131260	134070	95110	186170	111670	174690	181111	38840	172990	62100	137280	85270	100500	23680	13570	
83680	85300	66520	70970	159100	88560	88040	91400	97580	132343	39350	163133	70150	168443	42780	157793	165663	123050	74960	106310	70980	160900	30200	45520	41190	101710	48890	75470	93040	75350	87650	38500	76850	86960	82702	79170	141080	134263	51230	140330	86100	98680	74470	72730	158272	108132	147390	125703	75610	143490	94232	120070	157493	167350	122470	168563	77220	74540	152062	36140	64552	168413	146933	117260	132390	35870	107370	80000	58380	180030	38160	118000	85300	109200	124612	62470	173962	0	136440	178530	163090	164692	148223	31790	90750	130450	60930	51470	129890	24280	65440	43820	91910	157090	81690	153090	64150	92692	100330	154953	169063	
87530	56810	124270	108470	99710	156900	82810	148300	81830	77560	99200	86240	76400	101130	108530	86680	91760	16660	65210	168080	68830	103380	113520	107710	144540	58550	98250	76920	85990	144230	49450	138200	67000	165040	73740	61750	6150	75640	141610	118420	91530	41260	63190	83510	73630	73550	19040	69540	118330	99400	76540	79110	90110	49860	15760	98220	61760	66250	77010	106220	85500	87400	89970	188680	8610	154230	84550	60580	94630	112190	100440	18460	56810	78650	64660	84790	85100	136040	0	108180	39140	76430	82430	105450	63090	177680	76560	87910	131370	154480	74520	152160	184460	98380	170750	24740	75170	77060	39830	86670	92990	
97630	140970	133380	118890	22370	147441	92450	135311	84980	49050	151820	22480	158970	12690	138660	23730	17390	117040	144390	146971	119230	28140	178210	136470	165550	84340	134411	164080	87090	139521	128960	163840	150970	159141	101801	141460	103290	45790	154850	57270	95640	132140	133420	168050	36370	73550	89970	53520	121640	40340	90570	65320	23610	59750	114600	10250	115880	146050	32810	172340	117571	20940	35710	150561	113000	177940	76000	141070	123450	4860	147460	114300	140970	72360	59360	160680	25760	179450	108020	0	69730	31980	31250	164010	153860	136220	140780	143590	84240	188170	121190	173610	171091	25010	165011	84910	146800	91710	111500	24490	14930	
96650	93240	138930	121950	73170	167590	91070	155440	83430	62710	125720	49520	113681	66680	130210	55560	55420	53020	101640	170320	93550	78940	149600	128540	166620	68610	120740	114221	89960	156330	85700	160280	103650	176220	91210	98180	34500	60790	161150	103890	100550	78170	98820	120811	40420	71980	21180	58860	129630	82650	82220	70020	61980	12790	53770	61880	86480	102680	50080	142300	104930	49200	71180	174950	44210	176310	78950	97010	113450	74040	125570	56040	93240	73950	54510	121790	46900	162820	39250	70030	0	38230	60850	137870	100391	162070	111200	117490	120730	180610	97980	174240	192641	75810	181820	16170	111420	83360	70240	58950	54790	
84890	117950	125190	110190	35440	147910	79710	135340	70500	35820	133030	11790	138160	28950	126560	18850	17690	87510	123110	149720	100440	41210	159270	124890	157360	65550	118340	141630	74350	138230	105940	154730	127950	158120	85010	118440	71810	33520	146660	66690	87450	105530	114100	147090	6480	59030	58490	38560	113450	46360	74860	51540	25490	28270	85070	24150	97090	124890	13790	153510	101500	11470	34890	153310	81520	169750	63060	118050	109980	36310	128670	84770	117950	58060	40970	140740	12080	164813	76560	32300	38250	0	24560	145180	127800	141470	121990	124800	89850	176900	102400	165420	172200	38080	163720	53430	127010	76000	88480	22640	17060	
68390	113690	108690	93690	18940	125350	63210	113220	54180	18250	121020	17990	128170	20990	110060	10470	18340	90580	113590	127010	88430	22610	147260	108390	140860	53540	103611	133130	57850	117430	101680	138230	120400	137050	71001	111090	81010	14990	130160	43080	70950	105320	102620	137100	21560	42750	69850	22720	96950	22750	59770	34520	9460	51200	88140	21240	85080	115250	11740	141150	86771	23220	11280	130600	89470	153250	46560	111110	94210	35590	116660	87840	113690	41560	28560	129730	30030	148773	82510	31690	61180	25160	0	133170	126580	118130	109980	112790	66240	160330	90390	148920	151130	17610	142920	66120	116000	60910	84070	6960	21740	
74890	54700	69730	64621	147430	98980	78190	101430	85060	119640	14180	146440	39550	155000	39870	143770	150440	92660	44360	117630	47040	150850	13880	41580	59181	81830	37730	44870	83030	85380	57260	53421	46250	101690	66900	48640	110470	119940	64610	132181	77951	68080	44210	42130	140030	95380	121650	111510	74451	134160	81480	107691	143470	142760	92080	154540	52680	43940	135070	9000	51710	151730	134230	128580	102000	64110	97360	49610	49681	168420	20380	87610	54700	97300	107620	31870	155220	32240	106050	164990	138660	145950	134200	0	60150	137411	30670	24610	121741	55890	44470	66801	106930	145850	98920	127350	33550	79860	74050	140930	153100	
95660	17590	115980	104390	142820	148560	93000	143600	96260	113780	63500	134080	21300	146190	86540	132600	138400	47741	22000	163380	55420	146240	66780	87420	115031	80880	75250	19100	97480	135200	27760	109271	17120	151990	82110	24760	66760	112650	118900	152430	100610	22870	31550	25690	124330	97540	80230	105360	114220	136620	89720	107840	134660	108480	47630	143640	52450	20970	123470	59480	74490	139170	129500	183441	58140	122340	107150	23630	83830	157990	64740	45590	17590	102940	100380	30400	139780	90600	63120	154090	100330	127760	126440	59410	0	182940	40840	52210	150330	114390	60580	122651	161940	141240	153930	85930	31560	88180	44730	131060	140740	
84570	161830	71240	73400	114200	43500	86330	39140	93030	107620	127201	136600	166210	126830	102850	127580	135010	174352	156790	24760	121590	115280	147450	100170	89940	112960	105430	178062	88240	55500	152690	93430	163200	52150	96090	154760	172530	109450	81340	79200	77090	162780	144920	172410	136690	94750	164650	106970	64100	100160	98990	95270	123630	163930	170092	132870	126760	158350	127730	145210	99820	141830	106940	23550	179582	101920	83520	154780	93810	138220	119131	165192	161830	89310	111120	162170	148650	130160	177730	136880	161870	141590	118270	137260	182031	0	139110	130940	52940	119520	114590	96890	54270	113260	61400	163970	148990	100160	140790	124330	140350	
59380	27270	73590	66860	123760	106170	59380	106070	66270	95970	23880	122620	29040	131180	47020	119950	126620	63560	20260	122550	23840	127180	42470	47800	76780	57370	36130	35210	64240	92810	28160	70960	26030	109600	48110	19690	81370	96120	79150	123790	64330	40270	14760	36000	116210	74030	92550	87690	76690	114670	62690	84330	119650	115350	62980	130720	26020	21820	111250	35170	37860	127910	110560	134870	72900	83730	78570	20520	46670	144750	25120	58510	27270	78510	83800	27630	131400	61080	76950	141170	111250	122130	110380	30490	40840	139150	0	12590	113700	79160	24760	84400	119600	122180	113560	98250	13190	61070	43940	117110	129280	
58510	38400	64250	58670	126810	96080	58510	96530	65400	99020	14010	125820	36550	134380	37380	123150	129820	74690	31390	112460	26420	130230	36560	38460	67080	61210	28200	43300	63370	82720	39290	61260	37160	99510	47240	30820	92500	99320	69450	122120	63460	51400	25890	42190	119410	75720	102230	90890	68500	114500	61820	87380	122850	122140	74110	133920	32060	32950	114450	31160	33960	131110	113610	124780	84030	74030	77700	31650	39950	147800	15420	69640	38400	77640	87000	32070	134600	51780	88080	144370	118040	125330	113580	24340	51970	131460	12350	0	111680	69460	23850	74700	109510	125230	103760	107930	23740	60200	53150	120310	132480	
57690	135591	73000	65320	61630	68800	59080	57080	60590	60880	112461	83350	139921	74260	89890	75830	81640	138860	130501	65830	95920	62710	133000	87700	105170	78280	89700	146091	55960	73400	125730	105710	136911	80500	69210	128521	130740	62370	94470	26630	50080	135770	119160	146881	86190	59500	123320	61640	61260	48270	68770	51550	71880	116390	135390	80300	99880	132061	76140	130470	80080	88580	55190	67750	137770	117560	51080	128541	78370	85650	104391	131050	135591	54180	66890	137732	95390	130680	131190	84440	120710	89640	66520	122520	151081	52920	114401	112180	0	133290	90531	113230	92840	60690	91460	122640	124071	69940	113780	72580	87100	
92560	104590	61510	69850	167980	78190	97150	81820	106690	143760	58130	176271	93700	177740	49700	170931	178801	140890	97580	95940	88590	169780	52700	52070	30000	116040	61280	99290	102150	65420	105480	29980	100400	71520	94450	97010	158700	145930	42280	147500	94980	117590	92080	96280	171410	119010	165000	138291	72290	151780	106960	129180	170631	185050	140300	181701	94830	98090	165200	58640	76410	181551	155590	106130	150230	20240	116480	97840	67790	188910	55770	135830	104590	118310	137340	86020	187100	24180	154270	187410	180900	177830	160370	55340	114570	120090	78540	69080	132550	0	83050	28430	76470	165970	66250	170700	87700	105420	117940	168091	182201	
35810	44940	57450	44170	104250	88630	35300	83380	42050	76460	31890	103260	50440	111820	34740	100590	107260	66041	40370	101470	7650	107670	56890	33920	70750	38650	24080	56610	40020	75270	37610	64410	47180	93550	23890	37870	78720	76760	67820	100220	40760	50390	29400	57400	96850	52370	83380	68330	54000	91150	38470	64681	100290	102570	61781	111360	14640	42030	91890	52020	14270	108550	91050	114590	71271	80440	54350	37890	25520	125240	28600	56881	44940	54290	64440	48251	112040	65630	74490	121810	98470	102770	91020	44040	60800	114550	24920	23660	89780	83220	0	78370	103550	102670	97930	89080	34590	36850	37030	97750	109920	
82280	110870	41020	57630	153300	55210	87700	58840	97240	132710	63860	163890	102563	163060	45260	158060	165930	143711	103860	72960	85320	155100	69810	44790	8070	109840	56840	108913	92700	42440	111760	14580	107433	47820	88250	103290	156580	134880	20680	129770	83650	123870	97810	106173	160100	109560	161520	128550	51800	137690	100130	117720	157760	178690	139451	169090	92310	105173	153850	72750	70740	169170	141500	82430	148941	8580	102840	104120	61730	174230	61500	134551	110870	108040	130490	96053	175230	44000	152160	172730	174590	165960	148490	66592	123043	97110	84270	74810	112060	28470	78320	0	52770	151290	42550	167220	94273	99220	114700	155220	169330	
91150	147530	50280	66500	150841	25090	96460	36750	106000	137500	100600	167190	143332	161981	76500	159670	167540	176262	140520	31600	110590	151921	112710	74260	51650	122450	84020	149682	101460	32720	141200	55990	146290	12730	103490	139160	182230	139670	43890	118120	88600	153980	131430	146942	166840	115940	181730	133340	56590	135191	109000	122510	158190	190310	165071	168011	117580	142080	157880	113890	94850	172420	141500	35540	181492	57220	107630	139180	82850	173151	96270	160171	147530	112830	137920	136822	179650	91920	184711	171651	191461	171740	149190	106580	161750	54570	119900	109720	92480	76410	103590	52960	0	149901	15280	192610	131870	109210	140320	156160	170940	
76780	129040	112530	98040	2650	124861	71600	112731	63780	31220	134091	26410	141540	15280	117810	20760	23460	107600	126960	124391	101800	5330	159091	115620	144700	67370	114621	146500	66240	116941	117030	142990	133770	136561	81840	124460	98030	30240	134000	33580	74790	120670	115990	150470	36650	53940	86870	37650	100790	17180	70780	43770	16280	65380	105160	21320	98450	128620	28700	154221	97781	31640	15690	127540	106490	157090	55150	124480	102600	26670	127891	104860	129040	51010	43490	143100	38450	158600	99530	25460	75360	37610	18960	146241	141930	112530	123350	126050	60550	167320	103650	152760	148381	0	142431	83140	129370	71920	99320	18560	29010	
85180	139580	44310	60530	144871	23780	90490	35440	100030	131530	92570	161220	135302	156011	68980	153700	161570	163411	132570	38910	104670	145951	104680	68340	42840	116480	78100	141652	95490	26890	135280	47960	138340	11420	97520	132000	171190	133700	35860	116810	82630	148060	125510	138912	158920	109970	175760	127370	50620	129221	103030	116540	152220	183910	159151	162041	111660	134130	151910	105860	88930	166450	135530	45770	168641	47010	101660	132830	76930	167181	88750	154251	139580	106860	129310	128792	173680	81710	169780	165681	181850	164780	143220	98550	153720	61880	112980	103520	91170	66120	97670	42750	15240	143931	0	176870	124680	103240	134400	150190	164970	
91160	78690	134490	116640	83320	165130	85580	155450	79890	64170	116170	64700	99200	81860	122340	68490	70600	38620	87090	171290	84000	86990	135050	121180	159530	61250	112820	99720	85950	152460	71150	153190	89100	173270	84980	83630	20100	62250	154470	106810	95060	63620	84270	106310	55440	70390	6630	59500	127730	84640	76500	70660	71920	26920	39220	77060	76930	88130	58820	127750	97020	64380	73740	175590	29810	169220	79590	82460	106090	89220	116020	41490	78690	74120	55150	107240	62080	153340	24700	85210	16200	53410	66040	126980	85890	163750	98090	107710	122610	171020	89090	167150	193560	81990	178980	0	96870	77640	56760	68850	69970	
68930	21550	85530	77310	129720	118110	68930	116520	75820	101930	32920	128580	16130	137140	58960	125910	132580	60891	12320	134490	33060	133140	40600	59740	86461	63330	47860	22300	73790	104750	26510	80701	15750	121540	57660	15340	79560	102080	90530	133340	73880	34780	14590	23090	122170	79990	91130	93650	87140	120630	72170	90290	125610	116900	60430	136680	34900	12270	117210	33300	47410	133870	116520	146810	70940	93770	88120	16470	56750	150710	37060	56860	21550	85390	89760	14690	137360	64330	75300	147130	111230	127100	116340	33140	31620	148700	13160	23740	123250	87980	34310	94081	131540	128140	124940	96830	0	70620	43930	123070	135240	
20020	72180	60050	44280	72250	90400	14440	80070	11400	44460	67320	75250	82190	80560	56380	69910	77780	76510	67610	98160	39140	75670	92320	54710	91540	20690	47980	87150	14810	77730	62030	85200	74420	97920	13900	65110	78320	46380	82270	73040	23920	72070	56640	91120	70180	18760	76080	37820	54110	61420	4860	31080	69610	85320	72250	80680	39100	69270	65210	87450	31140	80530	57980	106630	80860	101230	24940	65130	39620	93240	61120	67350	72180	22900	37770	83750	85370	93142	76910	91130	82990	76100	60340	79470	88040	100620	61420	60160	70050	105890	36890	99160	109580	70670	103630	77190	70020	0	50080	67070	81180	
59040	31540	90400	74630	100050	124890	54800	116290	58060	71010	63200	91890	51750	104000	71310	90410	96210	31621	37400	136070	31610	103470	82030	70490	107320	38760	61030	55640	59280	110500	19530	100980	41540	131010	45490	32510	44270	69880	104390	109730	63520	23530	30960	60680	84890	57690	51120	62590	84460	93850	51520	66820	92470	75880	27361	101450	24540	39490	81280	74730	49620	97180	86730	147980	36850	117010	68860	31640	61550	115800	63050	22461	31540	63590	57610	57600	100660	100370	39850	111900	70340	88640	84140	73650	44790	141970	43720	52850	114010	118050	37300	114940	141010	98470	135390	56820	43870	49980	0	88870	98550	
75260	117850	115560	100560	16960	132220	70080	120090	61050	25120	127890	11720	135040	16250	116930	4200	11510	94560	120460	133880	95300	22110	154130	115260	147730	60410	110481	140000	64720	124300	105840	145100	127270	143920	77871	117960	84990	21860	137030	46730	77820	109480	109490	143970	19370	49620	72820	29590	103820	26400	66640	41390	3980	49010	92120	14410	91950	122120	11320	148370	93641	16950	17730	137470	93450	160120	53430	117950	101080	28760	123530	91820	117850	48430	35430	136600	23760	155643	86490	24860	58990	22680	6870	140040	130740	124270	116850	119660	72380	167270	97260	155790	158000	18320	149790	69090	122870	67780	88380	0	15470	
89860	127980	130160	115160	26760	147270	84680	135140	75650	39720	140150	7860	147300	14650	131530	11600	6440	103810	132720	148981	107560	32530	166390	129860	162330	72670	125081	152080	79320	139350	115970	159700	137980	158970	92130	128470	88360	36460	151630	61450	92420	119150	121750	156230	21440	64220	75040	44090	118420	41120	81240	55990	17360	44820	101370	8610	104210	134380	18960	160630	108241	6050	33200	152571	98070	174720	68030	128080	115680	19250	135790	101070	127980	63030	48090	148860	13570	170243	93110	15240	54800	17050	21920	152300	140870	140400	129110	131920	87100	181870	109520	170390	173100	29400	164840	69980	135130	82380	98510	15670	0	

0	                                    West_Bridgford	0	0	32400	0

1	                                      Great_Wyrley	547	11562	26162	1094
2	                                            Oakham	784	14915	27164	1568
3	                                    Melton_Mowbray	614	15970	27207	1228
4	                                           Bentley	822	6617	10824	1644
5	                                    Market_Deeping	267	15219	22668	534
6	                                        Nottingham	695	18941	30296	1390
7	                                            Bourne	247	11233	24613	494
8	                                  Hucknall_Torkard	656	8261	14880	1312
9	                                        Killamarsh	260	17235	28186	520
10	                                      Attleborough	494	13160	27233	988
11	                                          Barnsley	803	9525	18867	1606
12	                                     West_Bromwich	314	8690	12805	628
13	                                     South_Elmsall	304	19520	23861	608
14	                                     Wigston_Magna	375	14844	16885	750
15	                                          Wombwell	426	12581	26075	852
16	                                          Cudworth	445	16191	23643	890
17	                              Newcastle_under_Lyme	535	8357	21999	1070
18	                                        Brownhills	399	7136	12820	798
19	                                          Spalding	456	4805	18411	912
20	                                       Swadlincote	550	7424	17531	1100
21	                                      Kirk_Sandall	134	16899	23482	268
22	                                        Leamington	548	8155	22144	1096
23	                                             Oadby	449	14552	25018	898
24	                                         Kettering	119	6331	9943	238
25	                                            Belper	111	3988	14908	222
26	                                      Kirby_Muxloe	534	7473	17098	1068
27	                                            Dudley	128	7894	22248	256
28	                                            Arnold	277	16793	19812	554
29	                                          Stamford	143	20849	27904	286
30	                                           Rugeley	614	4977	11449	1228
31	                                          Rothwell	320	10195	15016	640
32	                                           Walsall	130	16285	28456	260
33	                                      Peterborough	308	10658	25283	616
34	                                        Long_Eaton	750	13269	15669	1500
35	                                         Chasetown	720	12932	25738	1440
36	                                         Congleton	806	15213	23558	1612
37	                                          Beighton	451	13720	28280	902
38	                                             Corby	647	8963	20374	1294
39	                                      Gainsborough	798	5186	7187	1596
40	                                Radcliffe_on_Trent	448	15320	25292	896
41	                                          Stafford	413	10755	15522	826
42	                                         Lichfield	244	14874	20117	488
43	                                         Halesowen	269	14235	19633	538
44	                                      Stocksbridge	271	11612	21489	542
45	                                Sutton_in_Ashfield	216	9733	12586	432
46	                                      Macclesfield	430	14652	24183	860
47	                                          Staveley	643	11251	18054	1286
48	                                         Wymondham	446	22534	25200	892
49	                                          Bircotes	251	18919	22005	502
50	                                            Heanor	108	2582	15769	216
51	                                        Shirebrook	775	6031	8664	1550
52	                                Bolton_upon_Dearne	209	20931	28272	418
53	                                       Longdendale	628	23279	26204	1256
54	                                    Stoke-on-Trent	191	9826	15574	382
55	                                         Hemsworth	491	7425	17730	982
56	                                 Burton_upon_Trent	388	3125	10502	776
57	                                           Pelsall	429	7203	14580	858
58	                                        Chapletown	644	18354	24607	1288
59	                                        Kenilworth	172	8201	23084	344
60	                                          Shepshed	516	12806	23094	1032
61	                                            Darton	114	9980	18989	228
62	                                            Maltby	532	12486	27426	1064
63	                                          Holbeach	147	4561	9611	294
64	                                         Kidsgrove	512	8770	22539	1024
65	                                    Wellingborough	624	18375	26107	1248
66	                                         Rainworth	373	20349	29437	746
67	                                         Burntwood	465	16620	24167	930
68	                                       Mountsorrel	635	5384	13942	1270
69	                                       Knottingley	280	19606	26847	560
70	                                          Hinckley	211	10466	15394	422
71	                                           Longton	469	14920	17006	938
72	                                           Cannock	215	19460	24137	430
73	                                         Mansfield	747	4454	18910	1494
74	                                      Chesterfield	465	17663	24962	930
75	                                        Birmingham	270	10259	13849	540
76	                                      Clayton_West	279	9077	19681	558
77	                                          Daventry	514	13218	27154	1028
78	                                          Biddulph	367	15478	20418	734
79	                                        Pontefract	297	4202	6411	594
80	                                            Marple	148	11033	14684	296
81	                                         Penistone	236	9122	18316	472
82	                                          Rawmarsh	199	7549	21857	398
83	                                          Coventry	568	7585	21814	1136
84	                                           Codsall	720	11133	14875	1440
85	                                            Boston	745	4210	13442	1490
86	                                          Tamworth	420	17078	19622	840
87	                                        Atherstone	763	8700	19205	1526
88	                                           Lincoln	334	13121	18962	668
89	                                      Hardingstone	717	16667	24349	1434
90	                                 Ashby_de_la_Zouch	638	14521	19350	1276
91	                                    Burton_Latimer	206	4099	6886	412
92	                                        Whittlesey	164	8127	21529	328
93	                                         Doncaster	216	16204	20710	432
94	                                            Yaxley	409	7539	19777	818
95	                                        Bollington	230	9095	14145	460
96	                                  Sutton_Coldfield	819	18496	24684	1638
97	                                         Kimberley	682	3987	17675	1364
98	                                         Uttoxeter	184	5068	8112	368
99	                                  Wath_upon_Dearne	281	20662	23082	562
100	                                           Royston	733	14808	23253	1466
