100

6350	3650

20	90

0	66760	83530	85370	12550	80880	80720	85740	96630	8020	96490	90250	22870	61950	54630	47741	85841	90600	88170	94882	63840	82110	43560	88620	75250	86960	14380	27760	91440	97480	88871	66780	83830	93000	62290	83270	21300	92720	94180	77350	44730	89720	93590	55420	24400	40840	92512	79930	99280	89830	87420	20670	80180	96260	59480	78900	73280	41300	17590	30400	22160	59410	97831	97190	80230	60580	74740	52450	46320	32330	83620	80460	31560	79070	74490	20970	70080	46980	99010	58500	60870	69420	52210	64740	86540	22000	96050	68561	66660	23430	19100	97040	67310	5200	25690	78740	58140	61600	95490	96740	23630	
67110	0	53190	68210	71730	59960	28100	26940	35060	70340	67570	55420	45280	26280	111450	20070	23470	140860	116390	159432	119100	75150	69920	148750	102490	96530	53900	53890	155990	87400	23150	117960	96040	84220	16790	70750	80420	26890	45740	27780	44300	77950	71030	73300	64320	81000	157062	120070	94960	55000	111130	65930	62770	82870	110660	143220	135020	97590	60830	88810	81920	109890	33150	70820	16070	78760	18960	66230	110640	96650	74480	88230	79330	126960	86910	70270	119870	108200	163560	118170	101010	127300	92350	104880	112230	69230	64090	76360	130980	72860	80940	151780	126410	67290	87530	107740	10340	107380	76200	161290	64600	
83520	52180	0	121070	93550	16630	33950	77980	46340	85290	122220	109760	62260	77760	138630	59120	67260	115900	157870	166312	111410	37900	111390	169700	71230	63360	70980	58620	166620	37110	61430	108230	62870	37760	38700	121680	88040	56360	96530	78820	40910	28910	18090	49510	93520	71060	161420	91642	49260	109340	77960	94140	115630	30120	103360	153330	136370	95180	70630	89600	104390	95380	72490	125470	49210	52600	70210	46160	118410	111610	28900	55060	75870	102020	54390	75120	101020	110800	174190	119520	81060	153420	75000	78870	79630	73460	118740	124620	141090	75390	93000	138160	124520	88000	96970	77800	58030	87660	23260	165150	69020	
85510	68230	121680	0	81000	124350	95250	52440	94350	92710	16980	26340	80940	42300	95380	64460	63380	177010	70930	170600	148700	137640	52320	132680	151070	155081	85590	94720	148120	152060	75350	151640	154531	147781	81780	10880	106080	83730	41580	48570	94801	142340	139600	124000	66050	118710	168562	157800	157871	25070	164631	69770	6420	147900	144340	144890	154010	126080	93270	115130	85160	144340	71170	17310	81590	130281	55170	117521	123340	106620	137330	146721	112050	164690	142601	102290	155040	131710	154500	143060	138740	111230	130080	142610	164410	101950	17980	27210	141400	104880	103830	182850	152040	81790	110420	156450	64380	144630	142990	172872	99390	
12540	71640	93750	80940	0	92170	89280	85180	105190	17790	92060	87300	32450	60490	45440	52300	90040	100610	77680	95230	73110	93660	34460	81680	86800	98890	25110	38630	89450	109030	93240	76050	95720	104550	70850	76970	31220	97210	92720	75890	54950	101270	105140	66970	16540	52130	93192	91220	111210	86880	99090	12400	75750	107810	68750	76960	77050	50570	29240	39540	12970	69420	101180	92760	86150	72130	74180	64000	47470	32060	95170	92010	41870	89080	86040	32520	80090	52820	97020	63010	72160	60230	63500	76030	98090	33550	93060	60090	66390	33830	27140	106271	76000	7340	32880	90130	63020	71610	107040	97502	35180	
81240	59890	16670	124860	92060	0	44850	85690	61530	76560	130970	117600	60770	81100	132020	60350	78110	101610	157640	153662	97120	25390	111170	157630	58050	50480	69400	54130	153970	29100	72570	93940	49990	27790	44220	123570	75390	67540	107380	86530	38780	19650	16010	35650	92250	57200	148770	78762	39290	117180	65080	92650	119420	24940	89070	140680	123720	82530	65380	76950	98170	81090	83650	133120	60060	38310	77920	32300	105760	99590	16930	42180	63220	87730	41510	62470	86730	98150	161540	106870	66770	142970	60710	64580	66750	60810	127490	126510	128440	62740	80350	123870	110660	85960	84320	63510	62430	73370	19400	152500	58330	
80700	28090	33980	95230	89240	44860	0	46590	17740	83930	90690	78310	58430	53300	129440	40410	35800	139070	139150	173022	128400	68590	92680	167180	96990	90190	67490	65480	169580	69560	28490	126970	89700	69190	20140	97770	94010	23460	65070	51550	48020	60110	51820	69800	82310	87450	170652	117530	80690	77890	104790	83920	89790	63850	119960	156810	148610	108780	73500	102050	99540	114120	39570	93940	17750	74230	43940	62730	124230	110250	60130	81890	89100	125190	81180	82940	121020	121790	177150	131760	99800	145290	93740	101820	106460	81900	87210	103380	144570	85530	94530	157220	138690	83730	101120	102450	37270	106400	56990	174880	77270	
85610	26820	78810	52320	85100	85580	46600	0	42850	89471	45240	33090	64681	26400	117800	38870	11880	161780	113730	178563	139071	100770	72980	156480	124681	122150	73031	74560	171920	113020	23850	138630	121660	109840	42410	55890	99531	32230	20130	13120	66341	103570	96650	95261	76050	101670	176193	140990	120580	32670	135301	78580	47900	108860	131330	160850	154131	116991	80231	107921	95290	130560	19160	48490	30110	100951	12100	88191	129771	114780	100100	113850	98731	147630	112530	89671	140540	127311	178300	137281	121680	133650	113020	125550	136121	88631	41760	70010	149100	92261	100071	172700	145521	82860	106661	129931	30630	128050	101820	180421	84001	
96660	34870	46350	93860	105050	61580	17790	42910	0	99890	85911	74630	74390	58350	144770	53390	31800	156150	149710	188982	145250	84000	103240	183140	114070	107270	83450	81500	185540	82750	20880	144050	106780	83860	36100	97430	109970	11640	56851	52020	64040	75010	64190	86880	97640	104530	186612	134610	95360	74210	121870	99250	89440	76220	136810	172770	164570	125630	89460	118010	115240	131200	27770	89021	20720	91310	45490	79810	140190	126210	75000	98970	105950	142270	98260	98900	138100	137750	193110	147720	116880	160620	110820	118900	123540	97860	82281	108430	160530	101490	110490	174340	155260	99690	117080	119530	44580	123480	69360	190840	93230	
8290	70080	85320	92940	18260	76350	84040	89441	99950	0	104060	97820	26190	69520	54960	51061	89161	83050	93380	88972	56100	77580	50190	83130	69530	81550	17700	26920	85530	92950	92191	59040	78420	88470	65610	90840	13750	96040	101750	84920	46100	85190	89060	50890	30830	34830	86602	73920	93870	97400	81410	26980	87750	91730	51740	72990	65780	33560	16250	22530	22490	51860	101151	104760	83550	55980	78241	47920	40410	26430	79090	75050	24570	71520	69080	15390	62530	39110	93100	50630	54860	67510	46200	58730	80630	16900	103620	75191	60750	16530	11230	89300	59440	11580	17820	72830	61460	54310	90960	90830	21090	
96390	67460	123760	16920	91980	130490	90880	45030	86121	103590	0	14620	91170	48320	108120	70740	55970	194320	83870	181580	159580	143780	63300	145420	160151	161221	96470	104950	160860	158200	67940	162520	160671	153921	83050	24150	116960	76320	32180	42890	100921	148480	142310	130731	77030	129590	179542	168680	164011	15720	170771	80750	16730	154040	155220	157630	164990	136960	104150	126010	96140	155220	60571	3750	74200	136421	50070	123661	134320	117600	143470	152861	122930	175570	148741	113170	165920	142590	167240	154110	149620	123970	140960	153490	171591	112830	5530	40150	152380	115760	114710	193730	162920	92670	121300	165401	68680	155510	147480	183852	110270	
90230	55190	110240	26380	87470	117550	78420	32760	74670	97430	14620	0	81410	36050	110530	58470	43700	181430	89760	178870	153420	131140	65710	147830	147511	148581	89240	94040	163270	145240	55670	156360	148031	141281	70780	30040	110800	64050	20160	30620	88651	135790	129180	118091	72430	121150	176832	160640	151371	2640	158131	76150	22050	141080	149060	159730	161880	130800	96960	119850	93770	149060	50671	17730	61930	123781	37800	111021	131610	114890	130830	140221	115460	167280	136101	106400	159760	136430	169650	147840	141330	126380	132670	145200	158951	105360	10990	46040	150030	108990	108550	187570	156760	86510	115140	152761	56410	147700	134350	181142	100730	
22930	45120	62280	80970	32130	60700	58660	64690	74570	26160	91350	81460	0	45830	75440	26451	64410	98530	97850	115022	74700	67430	51380	109180	69890	77960	9720	14090	111580	81220	67440	74800	75320	76740	40230	78870	36240	70660	79260	61390	23480	73460	75950	43460	33780	40080	112652	79170	86830	81040	82440	32820	75780	80000	67500	99040	90840	52620	15860	44410	42970	67340	76400	92790	58170	50360	53490	39550	66460	52480	67360	70300	34360	86060	64330	25300	78010	64020	119150	73990	60110	90230	51450	63980	81920	24260	90130	73990	86800	27890	36760	107900	81490	26610	43350	74380	36500	66480	79140	116880	19630	
61840	26310	78050	42350	60360	80860	53330	26310	58500	69040	48240	36090	45800	0	92570	22780	32110	144990	94440	153200	120190	93180	48110	129870	111361	112431	53630	58430	145310	108570	41440	120290	111881	105131	40000	44890	80700	49090	33890	16290	53021	98850	95890	81941	50330	85540	151162	124670	115221	35670	121981	52860	36910	104410	112990	135870	133620	98110	61350	89090	69910	112830	42310	50610	39680	87631	17370	74871	105440	90030	92870	104071	79850	131500	99951	70790	124030	108030	151690	118450	105550	108420	96890	109420	122801	69750	44760	50500	124360	73380	80150	153920	126690	58120	86740	116611	22460	111920	99500	155472	65120	
54530	111100	138270	95290	45300	131850	129330	117610	144840	54410	108140	110570	75480	93560	0	91760	124980	125660	49480	81480	90790	133210	45880	39300	122540	137072	68030	80090	54740	149630	132700	94530	133770	145150	110900	88320	62540	136670	118710	108960	97980	140820	144690	104610	48590	88950	84670	120310	149362	110150	133501	47270	92140	148410	90900	51510	73120	73480	69420	64800	32500	95400	135180	108840	125610	110650	110240	101450	48820	37770	134720	130542	76660	115620	124572	69400	106420	64660	61120	71130	100580	17850	95920	108300	132380	70430	109140	69450	50690	70650	56790	120690	84620	50080	54360	123870	102480	98980	146590	88980	74620	
47741	19880	60100	64390	52140	60560	40390	38730	53620	50971	70600	58450	26181	22720	91860	0	38450	122900	99220	139833	100571	71820	52750	129160	90001	91011	34531	36310	136391	85370	41480	100380	90521	80890	22050	63790	61031	45450	55070	35950	31661	77610	75810	60581	44730	63420	137463	102490	91630	58030	99461	46340	58950	83840	93080	123851	115631	78491	41731	69421	62330	92310	50440	72650	34390	66271	27530	53511	91271	77281	71510	82711	60231	109380	78591	51171	102290	88811	143961	98781	83430	107710	74770	87300	100281	50131	67120	66730	111611	53761	61571	133771	107021	47840	68161	95251	11260	89800	79200	141691	45501	
85891	23630	68150	63070	90040	78240	35940	11820	31870	89121	55990	43840	64331	31930	123820	38520	0	161430	124480	178213	138721	95850	79360	162450	123190	117230	72681	74210	174771	102940	12870	138280	116740	102570	37490	66640	99181	21250	29650	22130	65991	93490	85990	94370	81580	101320	175843	140640	114250	43420	131830	84020	58650	98020	130980	162001	153781	116641	79881	107571	100230	130210	12250	59240	19450	99460	17040	87300	129421	115431	93510	108930	98381	147280	107610	89321	140190	126961	182341	136931	121330	139670	112670	125200	132930	88281	52510	80760	149761	91911	99721	172350	145171	85990	106311	128440	30280	127700	91160	180071	83651	
90750	141080	115892	176640	100240	101710	139420	161680	156390	83360	194150	181260	98680	145360	123270	123050	161400	0	191171	96760	33310	82702	133890	127170	48890	60260	93520	87650	119030	93040	161670	30200	58380	88040	127060	174540	70150	159880	178020	159020	100330	94232	105652	70980	113350	60930	89150	25320	80740	180840	45520	109500	171450	97580	36140	106150	68370	52860	85300	62470	100910	31790	173030	197400	147390	65440	150480	77220	76780	85310	88132	64480	64150	16980	64552	74540	25540	59570	123810	56030	42340	126400	51470	38160	42780	74960	187320	158891	94080	71120	75470	30440	44760	94100	72730	41880	132390	39230	105103	91110	80000	
88250	116590	162140	70960	77650	161220	142430	113710	152670	92490	83810	89860	99600	94550	49480	99880	124650	190931	0	124540	137680	165660	47340	78080	159440	179922	95530	109050	95380	188241	135350	141420	176792	183761	124090	63990	102510	143260	105100	107360	123330	173270	176470	138970	66430	125030	128900	164120	192271	88590	177251	69990	68790	187021	137530	94570	121520	119930	100170	110190	70760	141990	132440	84510	133850	144660	110770	135650	96610	84220	167170	176291	116430	162250	158630	107480	153050	111110	100100	119510	145060	60160	136400	148930	176471	108510	84810	44700	98640	108730	96760	167580	133000	83530	100580	162930	109650	145610	186251	133210	106290	
95120	159110	167762	170240	95050	154392	173070	178471	189120	89380	181360	178350	115030	152850	81670	139901	178191	96920	124720	0	70610	146982	119590	53060	122080	136451	106540	113293	34760	163112	181221	74270	134031	158252	154450	163560	81583	185191	186860	170920	132473	161562	167992	124062	108060	104080	8630	106150	156941	177930	125270	104400	165050	165142	78470	32610	34180	76720	103323	78082	85830	86620	190181	182060	172580	123632	167271	125612	49492	63940	155492	139010	91922	96530	136200	94473	88180	59170	32570	50050	101060	65900	104510	104730	122940	96843	182360	144690	37910	94302	78963	69780	56050	96320	73053	116730	150300	94910	169892	10240	103083	
64380	118800	110940	148890	73510	96700	127890	139110	144790	56700	160010	153770	75670	121160	90900	100990	138830	32880	137980	70580	0	81660	105270	94350	51870	66241	70510	65590	88180	97790	141390	4020	63821	92660	111480	146790	43840	142470	154590	136450	82690	96130	107550	61910	86740	43040	63650	36760	86731	153350	55020	82890	143700	99820	8220	74890	38470	24220	62290	35210	73050	16390	150820	160710	129980	59340	127910	67550	44590	53120	90030	68800	41160	27490	65990	51530	17930	27380	93390	23840	30850	93190	39020	34520	52690	51950	159570	131101	62650	48110	47960	33390	15300	67490	43130	46490	110330	24700	107001	66480	57360	
82050	75050	37940	138430	93620	25730	68630	100850	84020	77370	144540	131170	67480	93380	133360	71920	95770	82492	164650	146471	82410	0	118020	153821	37330	29090	71310	56040	148691	16220	93990	79230	28600	11500	59380	136830	73850	91320	123390	101690	45490	15480	26900	28450	98580	48330	139581	57742	21530	130750	43690	96890	132990	18950	74360	135201	114601	72051	66190	71661	98980	66380	104140	146690	79710	23800	93080	31780	100281	97210	9630	20790	58000	69042	20120	63280	70180	90831	156261	96881	52060	139471	47070	48030	45360	61620	141060	138470	122961	63550	80020	107320	96590	86770	80810	43951	76730	58660	26540	143311	59140	
43060	69580	112420	51780	33890	110840	92720	72170	103170	49260	62900	65020	51120	48390	45870	52870	79810	133560	47260	119330	104590	117570	0	83170	113120	125400	49290	62810	98610	131720	89450	108190	122070	127240	74380	45670	62780	95000	73270	63790	73620	123600	126090	92650	21240	78710	117292	117800	137330	64600	125410	24800	46590	130500	100570	95380	102740	82110	53930	71080	33890	100890	90010	63600	84350	98340	65070	89330	72070	55350	117500	118330	72120	122030	112310	61530	113040	82230	104990	92280	98740	61720	90080	102610	124410	62560	63900	26800	90130	63990	57830	138260	105620	38340	63570	116610	62640	103330	129280	121602	60050	
88770	148360	169310	132550	81610	157200	166770	156320	182820	83080	145400	147830	108730	130820	39260	129020	163690	128300	77810	52510	94850	153952	83140	0	141110	156202	100240	109460	19620	170082	173330	98510	152650	165222	148150	125580	82270	178460	157420	146220	128640	166450	170320	129090	85850	109190	58130	132400	168492	147410	149541	84530	129400	172112	102710	25290	65500	87630	98790	82910	68810	108890	173890	146100	164730	130312	147500	127580	53760	56960	160350	149672	96320	123130	143532	94220	113300	71480	22560	71860	115320	22180	113440	123620	148330	96590	146400	106710	35590	95320	76930	112430	82750	86390	74020	140880	139740	113380	172220	61210	102830	
75400	102190	70760	151260	86970	57930	96370	124871	113340	70020	160601	147231	69950	111231	122080	89771	122910	49460	161120	123060	53600	37570	113930	141160	0	17980	70330	57170	136030	49350	121130	50210	14120	44350	86520	149160	62510	119060	141481	123021	60760	49100	60520	30610	93070	35990	116130	24280	39520	146811	13410	91380	146070	53210	46730	121650	90950	52960	61830	58520	91720	38780	131280	162751	106850	24080	113671	38370	85800	84620	43000	19230	47750	35580	18370	56380	38020	71840	143600	75990	25010	126810	27910	18050	12890	54820	157121	141020	108480	53580	69260	74940	67780	80120	68220	7730	95001	31470	59971	118960	55080	
87100	96910	63550	155691	99230	50970	90490	122730	107460	82360	161801	148431	78100	112431	136831	90971	117630	60490	180521	136490	67030	29380	126650	155911	18310	0	80020	65320	150781	34590	115850	62690	5170	29590	81240	154091	75940	113180	142681	123570	61960	40980	50670	35000	105790	49960	129430	35310	23040	148011	18130	103840	150251	39130	60160	137050	104380	69130	72290	73720	104440	52210	126000	163951	101570	28000	114871	41990	101720	99340	35790	8520	60090	46610	15310	68080	50500	88010	158351	89420	41180	141561	43310	34081	19900	66520	158321	153740	124400	65920	82110	87420	81210	91820	82900	21590	96201	46820	47680	132260	65240	
14380	53550	70990	85460	25120	69200	67510	72911	83420	17610	96580	89280	9660	53650	68130	34531	72631	94020	95390	106472	70190	71100	49970	100630	70320	80070	0	15370	103030	86470	75661	70290	77330	81990	49080	83360	29390	79510	87080	69210	32190	78710	82580	45800	29110	35910	104102	75000	90500	88860	82390	27420	80270	85250	62990	90490	82760	47730	10150	37970	35660	62830	84621	97280	67020	52470	61711	41890	57910	43930	72610	72410	29910	81890	66440	20260	73500	56090	110600	67330	55940	82920	47280	59810	81610	19810	96140	75391	78250	23300	28210	103390	75380	18860	34800	73810	44930	62310	84480	108330	15980	
27770	54110	58690	94740	38840	54120	65580	74420	81570	26960	105120	93830	14110	58200	80340	36300	74140	87440	109110	113043	66060	56020	63690	109980	57150	65220	15560	0	112380	71390	76700	64920	62580	66910	47580	92640	32510	78010	90760	71760	19470	63630	67500	30720	42830	27960	110673	67030	75420	93410	69700	41140	89550	70170	57620	99810	86020	46250	12300	39180	47870	56850	86130	106560	65520	37620	63220	26810	65271	53280	57530	57560	26570	73920	51590	20250	66830	59640	119950	69170	47970	94360	39310	51840	69180	18530	102500	87680	87570	22160	36400	98740	75830	32500	41440	61640	45640	54340	69400	114730	12480	
90690	154680	167160	148000	89370	153790	168640	171770	184690	84950	160850	163280	110600	146270	54710	135471	173761	121020	95440	34550	88040	148392	98590	19960	135550	150642	102110	111330	0	164522	176791	91700	147090	159662	150020	141030	81101	180761	172870	161670	130510	162802	167390	124340	101300	104330	40170	125170	162932	162860	143430	97860	144850	166552	95900	14020	53800	82200	100660	77480	78940	103460	185751	161550	168150	124752	162830	125010	48330	58830	156732	144112	91320	115170	137972	93991	105610	66050	8890	65070	109890	38940	108010	117630	141100	96361	161850	122160	27200	93700	77210	99800	74930	91740	72571	134890	145870	107950	169290	43250	102601	
97220	87340	37390	152590	108790	29220	69400	113160	82570	92540	158700	145330	81250	108830	149550	85690	102660	93260	188231	162541	98480	16150	132070	169891	49700	34500	86480	71210	164761	0	97120	95300	36820	5820	71670	151300	89920	92090	134930	114000	59260	13390	20420	44520	114370	64400	155651	68080	16700	144910	51000	112490	147150	7110	90430	151271	130671	88121	81360	87731	114150	82450	108200	160850	84610	39870	105370	47850	116351	113351	15100	30340	74070	79380	33410	78450	83270	106901	172331	112951	68130	155541	63140	64100	52670	76790	155220	153031	139031	78720	96090	120190	112660	101940	96880	54360	89880	74730	15660	159381	74310	
88821	23230	61400	74950	93110	72630	28480	24000	20880	92051	67870	55720	67261	41480	132830	41450	12890	161940	135180	181143	141651	94080	89170	172260	121420	115460	75611	76540	177701	97330	0	140610	114970	96960	35720	78520	102111	10260	40491	33110	65360	87880	79240	92600	85700	103650	178773	140770	108460	55300	130060	87310	70530	91270	133310	164931	156711	119571	82811	110501	103300	132540	13020	71120	15230	97690	26890	85530	132351	118371	87900	107160	101311	148060	105840	92251	142520	129891	185271	139861	122600	148680	115000	124620	131160	91211	64390	91240	152691	94841	102651	174680	148101	88920	109241	126670	32640	129200	84410	183001	86581	
66910	118210	108340	151420	76040	94100	127260	138520	144200	59230	162540	156300	75100	120590	94680	100400	138240	30310	141760	74360	4900	79170	108630	98130	49770	62850	69940	65000	91960	95300	140800	0	60580	90460	110890	149320	46370	141880	154160	135860	82100	93750	105170	59310	89270	42450	67430	33010	83340	155880	51270	85420	146230	97330	7630	78670	42250	26700	61720	37740	76260	13690	150230	163240	129390	56740	127320	64950	48370	56900	87680	66700	40570	23740	63890	50960	14180	31160	97170	27620	28250	97360	36430	32420	48940	51380	162100	133631	66430	47540	50760	34840	19080	70020	46910	42740	109740	22120	104721	70260	56790	
83850	96150	62790	154931	95980	50210	89730	121970	106700	79110	161041	147671	75370	111671	133360	90211	116870	58420	177271	134420	64960	28620	123020	152440	14590	5290	77150	62590	147310	37030	115090	60620	0	32030	80480	153331	72690	112420	141921	122810	61200	41130	52550	32490	102160	46520	127360	33240	28250	147251	17310	100470	149491	41570	58090	133520	102310	65820	69040	70280	100810	50140	125240	163191	100810	25490	114111	39480	98190	95900	35030	7760	56840	44540	14080	64830	48430	84700	154880	87350	37870	138090	39710	30910	18390	63270	157561	150110	120870	62670	78860	85350	79140	88570	79500	19260	95441	44330	50120	130190	61990	
92620	84220	37840	148391	104190	28080	68990	110040	83920	87940	154501	141131	76650	105131	144950	81090	102250	88500	183631	157781	93720	11390	127470	165131	44940	29740	81880	66610	160001	5850	96710	90540	32060	0	68550	146791	85160	91680	132580	110880	54660	12980	22670	39760	109770	59640	150891	63320	11940	140711	46240	107460	142951	10390	85670	146511	125911	83361	76760	82971	109550	77690	107790	156651	84200	35110	102250	43090	111591	108520	11450	25580	69310	74620	28220	73850	78510	102141	167571	108191	63370	150781	58380	59340	47910	72190	151021	148431	134271	74120	91330	115430	107900	97340	92120	49600	85900	69970	18940	154621	69710	
62280	16720	39700	82450	70820	44220	20150	42520	36060	65510	83150	71000	40010	40680	111020	22040	37440	127270	120780	154372	111900	59410	74310	148320	86750	80790	49070	47540	150930	71660	35660	110760	80300	68480	0	84560	75590	33870	61320	43360	30690	62210	57540	57930	63890	72510	152002	106100	79220	70580	95390	65500	77010	67500	103460	138390	130190	91840	55080	83630	81120	102250	45810	86400	21380	63020	34750	50860	105810	91820	58740	72490	72600	113390	71170	64520	109150	103370	158500	113340	87930	126870	81640	89950	96490	63480	79670	87500	126150	67110	76110	144580	120710	65310	82700	92000	20950	94530	62710	156230	58850	
83410	70350	122750	10740	77030	123780	97370	55900	97810	90510	23850	29900	78840	44420	88350	64040	66840	174910	63900	163670	146600	136710	45540	125650	148970	154151	83490	92620	141090	151331	78810	149540	153601	146851	83900	0	103980	87190	45140	51210	94480	141770	139030	121900	62080	116610	161632	155700	156941	28630	163310	65800	8980	147330	142240	137860	147080	123980	91170	113030	78230	142240	74630	24540	83720	128600	57810	115540	116410	99690	136400	145791	109950	162590	141671	100190	152940	126570	147470	136620	136640	104200	127980	140510	162310	99850	24850	20180	134470	102780	101530	180750	149940	79590	107270	154350	66500	142530	142420	165942	97290	
21380	80050	87440	106030	31170	74960	94010	99371	109920	13990	117150	110910	36160	80370	62510	60991	99091	70350	102480	80783	43320	73060	63340	82300	62800	75280	29300	31990	81221	89190	102121	46260	72150	84330	75580	103930	0	106010	113800	95930	51170	83800	87670	48460	43980	28560	78413	63060	87600	110490	73750	40130	100840	90340	38960	67931	55420	20780	22110	9910	32300	39160	111081	117850	93520	49710	88171	46530	33011	25600	77700	68780	15690	58820	62810	13170	49830	28490	88791	39050	43100	67240	36850	50710	72670	15540	116710	88341	55691	13240	7750	76520	47860	24730	9180	65120	71430	41610	89570	82641	21780	
92781	26890	56310	83280	97070	67540	23390	32330	11650	96011	76200	64050	70560	49160	136790	45410	21220	160280	141730	185103	143130	91270	95260	178280	119670	112870	79571	78090	181661	92240	10300	141990	112380	91870	34060	86850	106071	0	48501	41440	63700	82790	74150	90940	89660	105030	182733	139110	103370	63630	127470	91270	78860	86180	134690	168891	160671	122390	85630	114180	107260	133920	19420	79450	13570	96030	34910	83870	136311	122331	82810	104570	103810	146400	103860	95070	142160	133851	189231	143821	120940	152640	114650	122960	129140	94030	72720	99240	156651	97660	106611	176230	151430	92880	113201	125010	36600	127540	79320	186961	89400	
94040	45930	97970	41620	92560	108060	65760	20110	57891	101240	32150	20200	79260	33900	118730	55530	30670	178680	105000	186890	153650	123540	73910	157410	141581	142651	87090	91460	172850	135770	41501	153750	142101	132610	61520	45280	114160	49261	0	22440	83241	124020	116520	112161	78910	118570	184852	157890	143350	20240	152201	82630	37290	130020	146450	167750	165820	131570	94810	122550	100250	146290	32341	35260	49270	117851	28920	105091	137640	121370	122870	134291	113310	164530	130171	104250	157440	140240	179230	151760	138580	134580	129920	142450	153021	103210	28520	61280	156560	106840	112360	188620	160150	90320	118950	146831	47530	144950	121690	189162	98580	
77190	27790	79780	48610	75710	86550	51780	12980	52080	84390	43030	30880	61290	16250	107920	35790	23170	158950	107210	170360	135680	101740	63460	145220	122961	123120	69120	71730	160660	113990	33080	135780	122630	110810	43380	51150	96190	41460	22520	0	64621	104540	97620	93541	65680	98840	168322	138160	121550	30460	133581	68210	43170	109830	128480	151220	148970	113600	76840	104580	85260	127730	31180	46280	35290	99231	10400	86471	120790	105390	101070	114820	95340	144800	111551	86280	137710	123390	167040	133940	118850	123770	110190	122720	134401	85240	39550	63490	139710	88870	95510	169410	142180	73470	102100	128211	29010	125220	102790	172632	80610	
44790	44270	40760	94851	54820	38760	48110	66721	64100	46200	100961	88811	23530	53081	98130	31621	66441	100370	120440	132283	83170	45490	73970	129220	61030	62040	32250	19530	131620	59280	65400	82030	61550	54800	30790	94100	51750	63610	83061	64871	0	51520	54010	31610	56370	43720	129350	79200	64890	88391	70490	55410	89411	58060	74730	119050	104370	63550	31540	57600	65660	73650	75550	103111	51120	37300	55521	24540	84511	72520	45420	53740	43870	86490	49620	39490	82250	78800	139190	87520	61030	112920	52850	63050	71310	37400	97481	92470	106810	41030	55640	115850	93460	49270	60680	66280	36850	67410	57200	133080	31640	
89170	75560	26470	140530	100740	17440	57620	101360	72550	84490	146550	133270	72570	96770	140480	76020	90880	99782	169740	161592	102140	20540	123110	166130	54620	45840	78130	62860	161900	18190	85340	98960	46260	17820	59890	139240	83320	80310	120860	102200	50580	0	14300	42930	105400	65130	156700	75032	29320	132850	61350	103710	135090	14540	94090	148610	131650	90460	73310	84880	106100	86110	96420	148790	72830	43530	93590	40230	113690	107520	11930	38450	71150	86332	37780	70400	89660	106080	169470	114800	71790	151470	65930	67760	63020	68740	143070	142180	136370	70670	88280	126580	116040	93890	92250	61241	78100	78390	14740	160430	66260	
93970	69980	18060	140200	105540	16190	51750	95780	64140	89290	140730	128280	76200	95560	145280	75690	85060	106062	173270	166392	108420	26820	126740	170930	60900	50600	83190	67920	166700	20100	79230	105240	52540	22580	56490	138910	88120	74160	115040	96620	54210	15020	0	48380	107590	69930	161500	81312	34080	127860	67100	108080	134760	13110	100370	153410	136450	95260	78110	89680	110900	92390	90290	143980	67010	49810	88010	45030	118490	112310	18210	44730	75950	92612	44060	75200	95940	110880	174270	119600	78070	156270	72630	74040	68770	73540	137250	141850	141170	75470	93080	132860	122600	98690	97050	67521	75830	84670	5780	165230	71060	
55090	73260	49680	123520	66660	35880	70340	95491	87310	50410	131221	117851	43510	81851	104490	60391	94260	70970	140240	123711	62680	28540	93050	129100	30630	34830	46000	30730	124740	44670	92480	59500	32450	39950	57870	121420	49040	90690	112101	93641	31380	40480	48590	0	72190	23650	116821	49720	45990	117431	40900	70500	118330	46650	54630	111450	91841	49291	39230	47850	72020	46650	102630	133371	78200	7710	84291	8720	76530	72400	34380	27170	33190	57090	21200	36320	53550	68071	132310	74121	32330	114440	26270	33650	41720	34660	127741	117280	99210	36590	54200	89750	75680	59810	56000	35460	65621	38930	50490	120551	32180	
24040	64000	93490	66220	16360	92150	82230	76080	97740	30240	77340	72570	33790	50460	48550	44660	81880	113060	66450	108250	86230	98280	21840	85850	92860	105140	29030	42550	101290	114390	85600	89170	101810	109910	63800	62250	43760	89570	79080	65860	56290	105890	107400	72390	0	58450	106212	97540	117460	72150	105150	4700	61030	113170	81870	89110	91260	63690	33670	52660	23150	81870	92080	78040	78510	78080	66030	69070	60990	44270	99790	98070	52450	101530	92050	42510	92540	67030	107670	77220	78480	64400	69820	82350	104150	42350	78340	47261	79410	44970	41360	119430	89570	19320	47090	96350	55380	84060	110790	110522	39790	
40840	81370	70680	118550	52410	57370	87580	101680	104550	35460	129670	121090	40270	85460	89310	63560	101400	61080	126560	103550	44020	48110	79370	109100	36130	50190	35770	28160	104460	64240	103960	42470	46670	59380	72770	116450	29040	105040	118020	99020	43940	62690	70080	23840	58510	0	96660	40310	62650	120670	47800	56820	113360	66270	35170	91170	71680	28830	27270	27630	57160	30490	113390	130370	92550	24760	90480	26020	56250	52400	56620	43830	13190	47200	37860	21820	40470	47870	112030	53960	21250	94440	12590	25120	47020	20260	129230	106460	78930	19020	35210	74420	54910	45560	36000	39220	72900	27620	71980	100390	20520	
93152	157142	161610	168290	93100	148690	171102	176503	187152	87412	179410	176400	112933	150900	84280	137804	176223	88940	128440	8640	63350	139712	117640	58520	114810	129181	104443	110420	40220	155842	179253	67000	126761	150992	152482	161610	79113	183223	184910	168970	129220	154292	161840	116792	106110	96810	0	98170	149671	175980	117740	102450	163100	157872	71200	35900	26910	69450	100630	73360	83880	79350	188213	180110	170612	116362	165303	120190	47022	61990	148222	131740	85440	88550	128930	91600	80910	51900	38030	42780	93790	69620	97240	97460	115410	92850	180410	142740	37070	88880	76493	62340	48070	94370	70583	109210	148332	87640	163740	4770	98920	
79370	119900	94481	157080	90940	80530	118240	140500	135210	73990	168200	160080	78800	124280	119880	102090	140220	29000	165090	106760	37300	61291	117900	131680	26220	37590	74300	66690	124960	70370	140490	32670	35710	65370	105880	154980	63041	138700	156840	137840	79150	72821	84241	49800	97040	39750	99410	0	58070	159660	24500	95350	151890	74910	32630	111070	74650	46870	65800	55720	94160	25320	150640	168900	126210	44260	129300	56040	79710	82290	66721	41810	51450	15120	43141	60350	20480	63420	129740	60020	21870	124610	30290	16980	22170	58790	167760	144990	98830	57550	68720	56100	51480	84090	65980	19210	111430	23160	83460	102240	59050	
99220	95000	49240	158392	111350	39480	80390	120820	95320	94480	164502	151132	86651	115132	148951	91870	113850	80950	192131	157070	87610	21360	137471	168031	39970	23550	90380	75110	162901	16720	108110	83270	28640	11720	79330	156792	88060	103080	143360	121660	64661	24380	34070	46030	117910	62540	150010	55770	0	150712	37970	115960	152952	21260	80740	149411	124960	86261	83680	85871	116560	72790	119390	168412	95600	39030	113030	50850	114491	111491	22850	22860	72210	67070	27920	80200	71080	105041	170471	110000	61390	153681	60170	54661	40160	78640	161022	158432	137171	78040	94230	108000	101790	103940	95020	42170	96680	67400	29810	152840	76630	
89680	54640	109690	25090	86920	117000	77870	32210	74120	96880	15720	2640	80860	35500	109980	57920	43150	180880	88470	178320	152870	130590	65160	147280	146961	148031	88690	93490	162720	144690	55120	155810	147481	140731	70230	28750	110250	63500	19940	30070	88101	135240	128630	117541	71880	120600	176282	160090	150821	0	157581	75600	20760	140530	148510	159180	161330	130250	96410	119300	93220	148510	50451	18830	61380	123231	37250	110471	131060	114340	130280	139671	114910	166730	135551	105850	159210	135880	169100	147290	140780	125830	132120	144650	158401	104810	12090	44750	149480	108440	108000	187020	156210	85960	114590	152211	55860	147150	133800	180592	100180	
87630	111140	77890	164871	99200	65310	104830	135251	121800	81700	170981	157611	82410	121611	132941	99181	131860	45820	177561	125480	56020	43720	126160	149381	13030	18470	82010	69630	143790	51420	130080	51660	17200	46420	95470	163240	73100	127520	151861	133401	70170	56230	67500	40790	105300	47460	118400	22480	38500	157191	0	103610	159431	55960	49150	129790	93370	60311	73510	67511	103950	41200	140230	174891	115800	33790	124051	47780	93151	94031	50130	22860	59430	33780	26210	68060	39470	79191	148730	78410	32361	137671	38210	23791	3410	66500	167501	153250	117550	65260	79850	74660	70200	92350	77631	10580	104411	35810	64510	121230	66760	
20910	65280	93980	69770	12750	92400	83510	78130	99020	27110	80890	76120	32680	52510	47640	45940	83520	109930	69500	104800	83100	96390	24890	84940	90970	103250	27140	40660	98150	112070	86880	86040	99920	107280	65080	65800	40630	90850	82630	67910	55180	104000	107650	70500	4920	56560	102762	95650	115570	75700	103260	0	64580	110540	78740	85660	87810	60560	31780	49530	19700	78740	94130	81590	79790	76190	67660	67180	57540	40820	97900	96180	49970	98400	90160	39380	89410	63580	105720	73770	76590	63490	67930	80460	102260	40410	81890	49891	75960	41840	37900	116300	86440	16190	43640	94460	56660	80930	109770	107072	37900	
80320	62780	116230	6470	75810	118900	89800	48280	90190	87520	17280	22280	75750	36850	91950	59010	59220	171820	68520	165410	143510	132190	47130	129250	145880	149631	80400	89530	144690	146610	71190	146450	149081	142331	76330	8790	100890	79570	37520	43120	89351	136890	134150	118810	60860	113520	163372	152610	152421	21010	159181	64580	0	142450	139150	141460	148820	120890	88080	109940	79970	139150	67010	17980	76140	124831	49720	112071	118150	101430	131880	141271	106860	159500	137151	97100	149850	125990	151070	137230	133550	107800	124890	137420	159220	96760	18280	24800	136210	99690	98640	177660	146850	76600	105230	151260	58930	139440	137540	167682	94200	
96140	82330	30410	148330	107710	24960	64100	108900	76490	91460	154440	141070	80090	104570	148470	83540	97410	97770	187151	164731	100670	18970	130910	172081	53330	39010	85400	70130	166951	7090	91580	97490	41330	10330	67410	147040	90290	86510	129590	109740	58100	10200	13440	46570	113210	66590	157841	72590	21210	140650	55510	110980	142890	0	92620	153461	132861	90311	80280	89921	113070	84640	102640	156590	79360	42060	100360	47200	118541	114490	13390	34580	76260	83890	36490	77370	87780	109091	174521	115141	70320	157731	65330	66290	57180	75710	150960	149870	141221	77640	95250	124700	114850	100860	99070	58870	85620	76920	8680	161571	73230	
59620	110920	103410	144130	68750	89170	120010	131230	136910	51940	155250	149010	67810	113300	91410	93110	130950	36170	138100	78780	9320	74240	100780	102550	45680	60051	62650	57710	96380	90370	133510	7630	57631	85530	103600	142030	39080	134590	146730	128570	74810	88820	100240	54380	81980	35160	71850	33200	80541	148590	49530	78130	138940	92400	0	83090	46670	19410	54430	30450	68970	8760	142940	155950	122100	51810	120030	60020	49570	54100	82750	61860	33280	26210	59050	43670	15950	32920	101590	31780	23320	96140	31140	28330	47820	44090	154810	126341	70850	40250	43470	41590	23500	62730	40730	40330	102450	17190	99791	74680	49500	
78320	142120	152980	144820	77000	140500	156080	160590	172130	72580	157670	159440	98230	135900	51530	123101	161201	106630	94580	32600	75120	135282	95410	25210	121510	137532	89740	98960	14150	151412	164231	78780	133450	146552	137650	137850	68161	168201	167950	151300	118140	149340	153210	111400	89150	91390	36230	111520	149822	159020	129461	85490	141670	153442	82980	0	41370	69260	88290	64540	66570	90520	173191	158370	155590	111812	149590	112070	35390	46460	143240	131002	78380	102250	124912	81051	92690	53110	21720	52130	96950	35760	95070	104690	127450	83421	158670	118980	14260	80760	64270	88300	62500	79370	59631	120820	133500	95010	155110	40540	89661	
72970	133850	136380	153800	76910	123900	147810	153171	163860	65600	164920	161440	89960	133290	73290	114791	152891	68510	121690	34180	38610	114992	103150	65380	90080	104451	82440	85700	54210	131122	155921	42270	102031	126262	129380	147120	54610	159891	165520	148690	104500	129572	136610	92072	91150	72090	27290	75010	124941	161020	93270	87490	148610	133152	46470	41330	0	44730	75910	48640	69390	54620	164881	165620	147320	91642	141971	95470	31130	47500	123502	107010	60720	65740	104200	66880	56180	27180	56990	18060	69060	67780	72520	72730	90940	68130	165920	128250	35780	64160	54560	49430	24070	75310	48650	84730	125230	62910	138510	31020	74200	
41490	97610	95380	126000	50620	82900	108700	117180	125600	33810	137120	130880	52830	98320	73750	78941	116900	53410	120260	76260	23800	72402	82650	87530	52770	69310	47670	46080	82530	88532	119930	26760	65880	83672	92020	123900	20950	122450	131750	113880	63500	86982	95610	49482	63850	29020	69370	47550	86942	130460	60721	60000	120810	90562	19460	69240	44390	0	39450	12320	50840	22830	128890	137820	109960	49052	105980	53690	34320	36440	80912	66430	19610	42860	61870	28690	32990	21410	90100	27540	29260	78480	29630	37000	59600	29110	136680	108211	57000	25270	25340	57000	30830	44600	22500	52080	88990	27320	97510	73100	34520	
17610	60670	70640	93220	29290	64990	73510	80240	89420	16240	104340	97010	15890	61380	69620	42001	79960	85670	100120	102453	61840	66220	54700	99260	61790	72030	10010	12240	101660	81590	82990	61940	68900	77110	55080	91120	22080	85510	94810	76940	31420	73830	77700	39530	33840	27380	100083	66470	83980	96590	73860	32150	88030	80370	54640	88810	76700	39380	0	29950	37150	54480	91950	105040	73020	45220	69040	36560	54681	42550	67730	65160	21560	73360	59190	11910	65160	49860	109230	59850	47410	83640	38750	51280	73080	11460	103900	80121	76570	14950	25400	95040	67030	22340	30850	65280	52050	53780	79600	104311	6930	
30310	88710	89720	114820	39440	77240	102060	108031	117970	22630	125940	119700	44440	89030	64670	69651	107751	63010	109840	77402	34890	71852	71470	82710	59220	74102	37960	39210	77710	87982	110781	37830	70760	83122	83630	112720	9900	114060	122460	104590	57840	86080	89950	47950	52670	27960	73600	56170	86392	119280	68211	48820	109630	90012	30530	64420	48620	12350	29830	0	39660	31820	119741	126640	101570	48502	96831	48810	29500	27360	79980	67572	14930	51480	61602	20390	42490	22110	85280	31770	36770	69400	32480	44490	67090	21470	125500	97031	52180	17500	14160	68090	39660	33420	11300	59570	80090	35170	91850	77330	27540	
22090	81810	104340	85220	12860	97440	99610	95350	115520	21970	96340	93330	43040	70500	32520	62470	100210	101710	70940	86350	73170	98670	34570	68760	91210	104120	35590	47650	79070	115090	103410	76900	100760	110610	81180	78540	32520	107380	99840	85900	65540	106280	110160	71980	23040	56510	84312	94870	116440	92910	104100	19380	80030	113870	69600	66580	69760	51420	36980	40290	0	70520	111350	97040	96320	77140	84350	69010	39090	22370	100180	97020	46250	90180	90760	36960	81190	49250	86640	59300	75240	47310	67880	80410	103100	37990	97340	59670	57510	38210	26860	104591	72640	17640	30680	95300	73190	73640	112050	88622	42180	
60150	110470	96070	144440	69640	81830	114990	130780	131960	52760	155560	149320	68080	113570	95750	92660	130500	32240	142200	86650	17190	66900	102230	108780	37730	52101	62920	57260	103780	83030	133060	13880	49681	78190	102520	142340	39550	134140	147120	128120	74050	81480	92900	47040	82750	30670	79720	25770	72591	148900	41580	78900	139250	85060	9000	90490	54540	22730	54700	31870	70310	0	142490	156260	121650	44470	119580	52680	55570	58340	75410	54520	33550	21080	51710	43940	11820	39240	109460	39650	15980	100480	24610	20380	39870	44360	155120	127231	78250	40520	44870	45580	31370	63500	42130	32380	102000	9830	92451	82550	49610	
97622	33250	72390	70561	100790	83620	39470	19000	27870	100852	59831	49141	76062	42130	134020	50251	12260	173161	132290	189944	150452	104220	89560	172650	131560	125600	84412	85941	186502	108320	12980	150011	125110	107950	45860	74221	110912	19240	30771	30170	75500	98870	90230	102740	91780	113051	187574	150910	119630	49181	140200	94310	66231	102260	142711	173732	165512	128372	91612	119302	110980	141941	0	62941	25550	107830	27790	95670	141152	127172	98890	117300	110112	158200	115980	101052	151921	138692	194072	148662	132740	149870	124401	134760	141300	100012	56201	88570	161492	103642	111452	184081	156902	97721	118042	136810	41700	139340	95400	191802	95382	
97260	70740	127040	17350	92750	132460	94160	48310	89311	104460	3730	17810	92690	50410	108890	72570	59250	197600	84640	182350	160450	145750	64070	146190	162121	163191	97340	106470	161630	160170	71220	163390	162641	155891	86330	24690	117830	79600	35370	46170	102911	150450	145590	132701	77800	130460	180312	169550	168511	18910	175271	81520	17500	156010	156090	158400	165760	137830	105020	126880	96910	156090	63761	0	77480	138391	53350	125631	135090	118370	145440	154831	123800	176440	150711	114040	166790	143460	168010	154980	150490	124740	141830	154360	176091	113700	8760	40920	153150	116630	115580	201471	163790	93540	122170	167371	71960	156380	150760	184622	111140	
80220	16100	49970	81070	86220	60060	17760	30120	20590	83450	73990	61840	57950	39680	125940	34560	19330	147670	131040	172542	130520	79810	84570	164620	107150	101190	67010	65480	169100	84760	15240	129380	100700	84390	21450	83770	93530	13450	48600	35080	51090	75310	67810	78330	78810	92420	170172	126500	95890	61420	115790	80420	75790	79840	122080	156330	148130	109780	73020	101570	96410	121310	25540	77240	0	83420	28160	71260	123750	109760	75330	92890	91200	133790	91570	82460	129550	121310	176670	131280	108330	141790	102040	110350	116890	81420	70510	89760	144090	85050	94050	163200	138650	81730	100640	112400	25910	114930	72980	174400	76790	
60800	78720	52890	130020	72370	38650	74800	101141	91770	56120	136871	123511	50390	87501	111030	66041	99440	65630	145950	123061	60070	23890	98760	130211	24080	27900	52310	37610	125081	40020	97660	56890	25520	35300	63050	127920	50440	95870	117751	99291	37030	38470	49890	7650	77900	24920	116171	44090	39060	123081	33920	76210	124830	42050	52020	111791	91191	48641	44940	48251	77730	44040	107810	139021	83380	0	89941	14640	76871	73800	32400	20240	34590	51750	14270	42030	50750	67421	132651	73471	29720	115840	23660	28600	34740	40370	133391	124160	99551	40420	56610	87140	73770	65520	57400	29360	71271	36320	49441	119901	37890	
74610	18960	71180	55220	74100	77950	44010	12100	45520	78351	50040	37890	53561	17240	109130	27750	16960	150660	110640	167443	127951	93140	64670	146430	113561	114520	61911	63440	161870	105390	26800	127510	114030	102210	34780	57760	88411	34900	28440	10250	55221	95940	89020	84141	66190	90550	165073	129870	112950	37470	124181	68080	49780	100860	120210	149850	143011	105871	69111	96801	84290	119440	28100	53290	28320	89831	0	77071	118651	103780	92470	106220	87611	136510	102151	78551	129420	116191	168250	126161	110560	124980	101900	114430	125001	77511	46560	66700	138100	81141	88951	161151	134401	71860	95541	118811	19510	116930	94190	169301	72881	
52250	66170	45600	117210	63820	32290	63250	88401	80220	47570	124131	110761	39640	74761	101650	53301	87170	77350	137140	124672	68360	31810	90210	127300	38390	41780	42130	26860	124980	47940	85390	65180	39400	43220	50780	115110	46400	83600	105011	86551	24290	41130	45000	8700	69350	25840	119710	56180	51210	110341	47850	67660	112020	47670	60220	111690	94730	52880	36390	47960	69180	52330	95540	126281	71110	14660	77201	0	76770	70600	35030	34120	34230	63470	28150	33480	59230	69160	132550	77750	38010	112180	31950	40030	48670	31820	120651	113410	99450	33750	51360	95430	79320	56970	55330	43250	58531	44610	46900	123440	29340	
46420	110220	117880	123330	47600	105400	124180	129581	140090	40680	134450	131440	66330	105400	48740	91201	129301	76930	96610	48872	44500	100062	72680	53520	85360	101770	57840	64771	48520	116192	132331	48240	98250	111332	105750	116650	33061	136180	137630	120800	83951	114240	118110	76300	61150	56290	46502	80140	114602	131020	93311	57490	118140	118222	49700	35230	31010	34160	54801	29440	38920	55420	141291	135150	123690	76712	118381	76970	0	17030	108140	95782	43280	71710	89812	45951	62150	18010	56090	22470	61850	49900	59970	69590	92190	48321	135450	97780	22990	45660	30441	68380	35960	48760	24531	84670	101600	59910	120010	50730	54561	
32130	95930	111170	106430	32060	99320	109890	114550	125800	26390	117550	114540	52040	89860	37910	76911	115011	85590	84420	64120	53160	97000	55780	57170	84840	99372	43550	52770	59570	113252	118041	56900	96070	108270	91460	99750	25580	121890	121050	105260	71950	108160	112030	72400	44250	52500	62082	82720	111662	114120	94641	40590	101240	114700	53870	47080	47530	36450	42100	27770	22020	58270	127001	118250	109400	73650	103550	70890	16860	0	102060	92720	39630	78030	86750	37530	68350	27030	67140	37070	63200	42640	58890	70920	93520	39900	118550	80880	35280	38630	20240	82840	50420	33330	17330	86000	87310	61600	113930	66392	46140	
83560	74380	29020	138540	95130	17230	60080	100180	75100	78880	144650	131280	67590	93490	134870	72030	93340	88662	164760	155131	91070	9670	118130	160520	43500	35630	72820	57550	156290	15040	87800	87890	35140	11460	58710	136940	77710	82770	122720	101020	45600	6880	18300	34660	100090	56990	148241	63912	22960	130860	50230	98400	133100	13420	83020	143000	123261	80711	67700	79270	100490	75040	98880	146800	75290	32460	92410	34620	108080	101900	0	27330	65540	75212	26660	64790	78540	99491	163860	105541	60720	145860	55730	56690	51900	63130	141170	138580	130760	65060	82670	115460	105250	88280	86640	50121	76840	67320	17940	151971	60650	
80320	88390	55030	147171	91890	42450	81970	114210	98940	75580	153281	139911	70230	103911	130051	82451	109110	64710	176411	139150	69690	20860	118850	149131	19640	8300	72150	57450	144001	30400	107330	66510	7810	25400	72720	145571	69160	104660	134161	115050	53440	33370	44790	27130	97990	43640	132220	39530	22860	139491	22900	96050	141731	34710	61640	130511	107040	66250	64780	66971	97250	53660	117480	155431	93050	20130	106351	34120	95591	92520	27270	0	53310	50830	7440	61300	54720	85870	151571	90650	39340	134781	38370	35310	24570	59740	149801	145480	118271	59140	75330	91640	83870	85040	76120	25550	87681	45940	43260	135050	57730	
31620	79560	75810	111890	42600	63330	89130	99130	106030	25180	123010	115900	34780	80270	76800	60891	98850	64330	116300	91272	41740	57660	72660	96190	47860	59880	29770	26510	91580	73790	101880	40600	56750	68930	72720	109790	16130	103620	113700	95830	43930	72170	76040	33060	52510	13160	85480	51690	72200	115480	59740	49770	106700	75820	33300	78290	60500	19680	21550	14690	46120	33140	110840	123710	91130	34310	87930	34900	43370	39490	66070	53380	0	52800	47410	12270	43810	35480	99150	43650	31060	81530	23740	37060	58960	12320	122570	97661	66050	9370	22300	74420	49590	35920	23090	51160	70940	32860	77940	89210	16470	
79920	126830	102290	164010	89410	88050	125620	147140	142590	72530	175130	166720	85730	130920	115800	109020	146860	17050	162490	96410	28350	69442	123060	122730	35270	46640	81230	73620	115410	79420	147760	23720	44760	74420	113150	161910	59320	145970	163480	144480	86420	80972	92392	57130	102520	46680	88800	11700	67120	166300	33550	98670	158820	83960	26740	102120	65700	42790	72730	51640	90080	21240	157910	175830	133480	51780	135940	63310	71820	78210	74872	50860	53250	0	51292	63710	12860	54610	120620	51070	27050	120530	37220	24460	31030	64130	174690	148061	89880	60290	64640	42720	42530	83270	61900	28260	118360	25630	91843	91630	65980	
74220	86890	54410	143151	85790	41830	81070	112690	98040	69480	149261	135891	64130	99891	123951	78431	107610	65012	159940	135681	66600	20240	112750	142971	18750	15180	66050	51350	137841	33260	105830	63420	14070	27890	71220	141551	63060	103760	130141	111681	49420	32750	44170	21030	91890	37540	128791	40262	27980	135471	26350	89950	137711	36860	58550	124411	103811	61261	58680	60871	91150	50570	115980	151411	91550	14030	102331	28020	89491	86420	26650	7520	47210	51562	0	55200	54260	80041	145411	86091	36250	128681	33570	32220	27170	53640	145781	138440	112171	53040	69230	91180	80780	78940	70020	25620	83661	42850	43621	131960	51630	
20940	70340	74680	102060	32510	62200	83180	89910	99090	15770	113180	106680	25560	71050	69850	51671	89630	74770	107400	94213	50940	63430	61980	94230	56260	67970	20060	20270	94651	78800	92660	51040	64840	74320	64750	99960	13680	95180	104480	86610	39450	71040	74910	36740	42680	21850	91843	60940	80290	106260	68330	39090	96870	77580	43740	81361	67460	28860	11840	20530	37380	43580	101620	113880	82690	41900	78710	33770	46441	37530	64940	61470	12270	63240	55500	0	54250	40810	102221	50610	41880	79000	33220	45750	67550	2820	112740	86981	69121	3810	18290	84140	57270	25660	22610	59750	61720	43840	76810	96071	9060	
70600	120260	101120	155640	80090	86880	121340	140570	138310	63210	166760	160150	78530	124350	106290	102450	140290	22680	152980	88050	18950	70090	113660	112990	37610	50680	73370	67050	106010	83460	142850	14320	48410	78460	108870	153540	50000	141690	156910	137910	82140	84100	95520	53390	93200	40460	80440	20840	71170	159730	39100	89350	150450	88000	16010	92720	56300	32720	65150	42320	80760	11650	152280	167460	129200	50610	129370	59030	62420	68330	78000	54680	43930	12560	54220	54390	0	45210	111220	41670	22770	111020	32940	22950	36770	54810	166320	138741	80480	50970	55320	38430	33130	73950	52580	30570	111790	17360	94971	83270	59400	
46310	106880	110240	130820	53070	97760	120840	126201	136750	38630	141940	135700	62990	107200	64880	87821	125921	59270	111390	59290	26840	90622	82750	71470	71490	88030	55470	58730	66470	106752	128951	30580	84600	101892	102410	126720	27640	132840	139630	122760	77910	105202	110470	67702	67310	47650	52400	63320	105162	135280	79441	63650	125630	108782	33010	53180	27420	21220	48940	21800	48990	39140	137911	142640	120350	67272	115001	69330	18260	27100	99132	85880	35130	54050	80372	39910	44490	0	74040	12460	47980	68010	49080	55720	78140	41990	141500	107850	40940	38020	28210	56730	24750	49420	22870	70650	98260	46040	112370	56130	48060	
98280	162270	174750	154170	96960	161380	176230	177940	192280	92540	167020	169450	118190	152440	60880	143061	181351	124680	99430	32340	93230	155982	104760	22190	143140	158232	109700	118920	8910	172112	184381	96890	154680	167252	157610	147200	88691	188351	179040	167840	138100	170392	174980	131930	107470	111920	37960	132140	170522	169030	150400	105450	151020	174142	101090	21610	56800	89790	108250	85070	86530	109240	193341	167720	175740	132342	169120	132600	55920	66420	164322	151702	98910	120360	145562	101581	110800	73640	0	72660	117480	43800	115600	125310	148070	103951	168020	128330	34790	101290	84800	99770	80060	99330	80161	141860	153460	115540	176880	41040	110191	
58330	118060	119760	142790	62990	107280	132020	137381	147930	50650	153910	147520	74170	118380	71040	99001	137101	56160	119440	49970	23730	97312	92640	71260	74910	89281	67310	69440	65090	113442	140131	27470	86861	108582	113590	136610	39060	144020	151600	133940	87880	111892	119990	74392	77230	54410	43080	60210	109771	147100	78470	73570	137480	115472	31300	51800	18100	28110	60210	32020	58880	39450	149091	154610	131530	73962	126181	78670	22450	36990	105822	90710	44100	50940	86890	50960	41380	12650	72061	0	52740	70100	54840	57560	76140	51510	153470	117740	39560	47540	40150	46810	14390	61390	34240	69560	109440	47270	121890	46810	57580	
60930	101460	81850	138640	72500	67610	100770	121770	117740	55220	149760	141350	60360	105550	99860	83650	121490	41760	146270	99860	30400	52680	99460	115490	25150	41690	55860	48250	109880	68810	122910	27220	38260	63970	88300	136540	42480	121120	138110	119110	61570	67260	78680	32820	78600	21310	92930	21540	62270	140930	33101	76910	133450	70840	22350	96590	67750	28830	47360	36030	74320	14370	133060	150460	108630	30250	110570	38460	61670	62550	61190	40300	30870	26430	37490	41910	22160	47710	117450	52010	0	104590	11850	9380	31980	40350	149320	126550	84350	39110	48890	57470	44580	65650	46150	24460	92990	6650	78231	95760	40610	
69400	126920	153140	111110	60170	142020	145150	133430	160660	67310	123960	126390	90350	109380	17820	107580	140800	127250	60160	65730	93320	139572	61700	22280	127290	141832	82900	93690	38990	155702	148520	97460	138520	150842	126720	104140	67290	152490	134530	124780	112850	151270	155140	114180	64410	94280	70090	125060	154112	125970	138251	63090	107960	157732	95650	35760	67870	78230	83020	69550	47370	100150	151000	124660	141430	115780	126060	112260	49980	42520	145170	135292	81410	120370	129322	78830	111170	67830	44300	70330	105330	0	100670	113050	137130	81200	124960	85270	38980	79930	61540	115630	81220	64950	59110	128620	118300	103730	157040	74400	87440	
51970	92500	75450	129680	63540	61210	94370	112810	111340	46590	140800	132390	51400	96590	95900	74690	112530	51780	137690	104430	39870	47240	90500	113150	28200	43520	46900	39290	108150	63370	115090	36560	39950	58510	81900	127580	36550	114720	129150	110150	53150	61820	73130	26420	69640	12350	97540	30610	60490	131970	38460	67950	124490	65400	31160	94860	72560	29410	38400	32070	68290	24340	124520	141500	102230	23850	101610	32060	59940	58590	55750	38520	23740	37330	33960	32950	33060	49370	115720	54840	11380	100630	0	15420	37380	31390	140360	117590	82620	30150	43300	68270	51570	56690	42190	29830	84030	17750	72771	101270	31650	
64440	104860	79120	142150	76010	64880	102240	125280	119210	59060	153270	144860	63870	109060	107840	87160	125000	38260	150160	105360	35900	48090	102970	123470	17720	33891	59370	51760	117860	64220	124380	32630	30830	59090	89770	140050	50250	122590	141620	122620	63040	62560	73980	33620	82110	24820	98430	17090	54381	144440	24041	80420	136960	66250	29030	104570	73250	36810	50870	44010	80760	21080	134530	153970	110100	28610	114080	39930	69650	70530	56460	35230	36790	24380	32420	45420	23090	55690	125520	58290	8860	112570	15360	0	22920	43860	152830	130060	92330	42620	56870	60230	50080	69160	54130	15400	96500	15320	73431	101260	44120	
86080	112090	79370	164340	98200	66790	106270	136201	123240	80700	171931	158561	81520	122561	131941	100131	132810	42860	176561	123130	53670	45200	125160	148050	12030	20120	81010	68740	141440	52900	131030	49040	18540	47900	96420	162240	72100	128960	152811	134351	71120	57710	68980	41740	104300	46460	115780	19630	40370	158141	3190	102610	159150	57440	47680	127440	91020	59311	72510	66511	102950	39730	141180	175841	116750	34740	125001	48730	92151	93031	51610	24340	58430	30930	27160	67060	36850	78060	146380	76390	31361	136671	37210	22791	0	65500	168451	152250	115200	64260	78850	71700	67850	91350	76631	9520	105361	34340	65990	118610	65760	
21980	69470	73030	101800	33550	60550	82310	89040	98220	16810	112920	105810	24690	70180	70890	50801	88760	75200	108440	96593	51370	61780	63020	96610	54720	66430	19680	18500	97031	77150	91790	51470	63300	72670	63880	99700	16060	94310	103610	85740	37420	69390	73260	35090	42420	20310	93040	59400	78750	105390	66790	40130	96610	75930	44180	83741	68060	29290	11460	21220	38420	44020	100750	113620	81820	40250	77840	32120	48821	39910	63290	59930	12330	63670	53960	2830	54680	42420	104601	51210	40340	81380	31680	44210	66010	0	112480	88021	71501	4200	20670	84570	57870	26700	24990	58210	60850	44270	75160	96770	6640	
95980	63870	119070	17880	92940	126380	87100	41440	82701	103180	5530	11190	90090	44730	109080	67150	52380	187480	84830	182540	159170	140190	64260	146380	156561	157631	96060	102720	161820	154070	64350	162110	157081	150331	79460	25110	116550	72730	28760	39300	97331	144620	137860	127141	77990	129180	180502	168270	160421	12290	167181	81710	17690	149910	154810	158590	165950	136550	103740	125600	97100	154810	57151	8780	70610	132831	46480	120071	135280	118560	139880	149271	122520	175160	145151	112760	165510	142180	168200	153700	149210	124930	140550	153080	168001	112420	0	41110	153340	115350	114300	193320	162510	92260	120890	161811	65090	155100	143030	184812	109410	
68701	76830	125940	27050	60070	126970	103850	69800	109020	74901	39900	45950	73990	50900	69500	67230	80740	159201	44670	144820	130891	139040	26690	106800	139121	151401	75211	87770	122240	153661	91620	133831	148071	149181	87840	20080	88421	99610	61190	63450	92740	144830	142220	118400	47161	104711	142782	143801	159271	44680	151411	50441	24880	150520	126531	119010	128230	108351	79851	97270	59380	126531	88530	40600	90200	124341	67040	114490	97560	80840	138730	144331	97761	147671	138311	87171	138681	107720	128620	117770	124741	85350	116081	128611	150411	88201	40900	0	115620	89631	84010	163800	131110	63981	89200	142611	72470	128971	145610	147092	85971	
66430	130230	140750	141300	66360	128270	144190	148850	160240	60690	152420	149660	86340	124160	50690	111211	149311	94920	98700	38090	62890	122932	90650	35410	108230	124770	77850	87070	27630	139062	152341	66550	121120	134202	125760	134620	55931	156311	156390	139560	106250	137110	140980	99170	79370	79160	37250	99290	137472	149240	116181	75710	136110	141092	70750	14340	36010	57030	76400	52310	57140	78290	161301	153120	143700	99582	137850	99840	23160	35250	131010	118652	66150	90020	112682	68821	80460	40880	35200	39900	84720	39080	82840	92460	115060	71191	153420	115750	0	68530	52040	83290	50790	67630	47401	107540	121610	82780	142880	41560	77431	
23460	73160	75240	104650	34560	62760	86000	92730	101910	17140	115770	109500	28380	73870	71300	54491	92450	71400	109710	93962	47570	63480	64500	95390	53680	65700	23110	22190	94270	79360	95480	47670	62570	74750	67570	102550	13740	98000	107300	89430	41110	71600	75470	37300	45270	18980	89070	58070	78020	109080	65560	41610	99460	78140	40370	80980	64090	25490	14890	17250	38840	40210	104440	116470	85510	40130	81530	34330	46060	38680	65500	59200	9370	59870	53230	3820	50880	38450	101840	47240	39010	80160	30350	42880	64780	4260	115330	89501	68740	0	19450	80770	53900	27880	22670	56980	64540	40470	77370	92800	10330	
19000	80540	92540	103510	27130	80060	94500	99901	110410	11320	114630	108390	36650	80090	56890	61521	99621	75950	96730	78563	47490	79920	58360	76850	69470	82140	28160	36280	77610	96050	102651	50770	79010	91190	76070	101330	7690	106500	112320	95490	55460	88900	92770	54600	41360	35420	76193	69110	94460	107970	80420	37510	98320	95440	43470	64320	54770	25290	25610	14160	26550	44760	111611	115330	94010	56570	88701	51630	30791	20150	82800	75640	22550	64420	69670	18270	55430	28830	85180	40200	49570	61620	43520	57290	79340	20640	114190	83990	52080	19370	0	79651	49380	22110	6810	71790	71920	47970	94670	80421	26880	
97130	152240	138250	182690	105801	124010	157730	172840	174790	89450	193810	187570	108420	154250	116720	134430	172560	30410	165120	69740	33870	107220	137820	112250	74420	87480	103260	99030	99700	120260	175120	34850	85220	115270	144920	180590	76590	176430	188660	169810	116130	120910	132330	89780	119490	74350	61960	52540	107960	187150	74150	115640	177500	124800	41660	88200	49400	56970	95040	67960	103840	45080	184550	201371	163420	87210	161570	95420	67860	81950	114810	91490	74600	42920	91030	84280	41520	56960	99720	46280	58720	115500	68290	60080	71410	84700	193370	163190	82960	80860	79191	0	33050	100240	74301	67380	143770	52520	131781	63000	90110	
66540	126130	124570	151050	75050	111082	138300	145451	154910	58860	162170	155930	81380	126450	84230	107071	145171	44980	132630	56010	15340	96600	105380	82220	66810	81181	74990	75450	75470	112730	148201	19000	78761	107600	120570	148950	47270	151000	159860	142010	93100	111070	122490	75702	88900	54870	48400	51740	101671	155510	70000	85050	145860	114760	23200	62590	24030	30500	66770	39420	71620	31350	157161	162870	138510	74030	134251	79910	35640	49730	104970	83740	49210	42470	80930	56970	32910	24740	80160	14060	45790	81060	51640	49460	67670	57520	161730	130480	50520	53550	48440	33030	0	69650	43550	61460	117510	39640	121941	51230	63590	
5190	67030	88000	81610	7350	85560	83760	82880	99670	11120	92730	86490	26930	58190	50190	47830	85930	93940	83450	96440	67110	86790	38840	86430	79930	91640	18850	32280	92330	102160	88960	70050	88510	97680	65330	79510	24640	92930	90420	73590	49200	94400	98270	60100	19680	45460	94402	84550	103960	86070	92220	15890	76420	100940	62750	79840	75700	44570	22310	33540	17720	62750	97920	93430	81540	65260	71880	57130	48680	33280	88300	85140	35200	82410	79170	25650	73420	50120	99900	61640	65490	64980	56830	69360	91220	26680	92290	63841	67600	27160	22240	100310	70450	0	28830	83420	58410	64940	100170	98712	28310	
26120	87660	97210	110630	33120	84730	101620	107021	117530	18440	121750	115510	43770	87210	54260	68641	106741	73830	100770	72633	43140	81270	64350	73650	69110	83490	35280	41760	73071	97400	109771	47160	80340	92540	83190	107320	9950	113620	119440	102610	60940	93570	97440	56670	47360	36770	70263	66990	95810	115090	78911	43700	105440	99430	41350	59781	48840	22990	31690	12040	30780	42640	118731	122450	101130	57920	95821	56300	24861	16950	87470	76990	23900	62300	71020	22940	53310	22950	80641	34270	47470	58990	43160	55190	77790	25310	121310	89690	47541	23010	7330	74561	44290	29230	0	70270	79040	45870	99340	74491	31550	
78700	107700	77361	156410	90270	63830	102270	130121	119240	73320	165851	152481	74480	116481	124290	95021	128420	42090	164420	116990	47530	44171	117230	141450	7350	21690	73630	61700	135190	54470	126640	43190	19250	49470	92030	154310	64720	124850	146731	128271	66010	55701	67121	35480	96370	39080	109930	16910	42180	152061	10780	94680	151220	59010	40660	121300	84880	52380	65130	59580	95020	32710	136790	168001	112360	29380	118921	43220	85220	86100	49601	25520	51050	28210	25590	59680	31000	71040	139970	69920	24430	129020	29830	15860	9110	58120	162371	144320	107900	56880	71470	67920	61710	83420	69700	0	100251	27320	66572	112760	58380	
58490	10290	59070	64400	63160	62350	37340	30700	44820	61720	68640	56490	36660	22470	102880	11500	30420	132130	109420	150582	110750	76590	62950	140180	94771	95781	45280	45540	147140	89790	32680	109610	95291	85660	21020	66940	71800	36650	47040	28850	36431	80340	76910	65351	55750	72650	148212	111720	96400	56070	104231	57360	58960	85630	102310	134600	126400	88970	52210	80190	73350	101540	41700	71890	26000	71041	19500	58281	102020	88040	76280	87481	70710	118610	83361	61650	111520	99580	154710	109550	92660	118730	84000	96530	105051	60610	65160	71990	122360	64240	72320	143430	117790	58670	78910	100021	0	99030	80990	152440	55980	
61941	107240	87870	144420	71971	73630	106790	127550	123760	54551	155540	147130	66140	111330	98781	89430	127270	38830	145191	94790	25330	58700	103861	113820	31270	47100	61640	54030	108210	74830	128930	22150	44380	69990	94320	142320	41461	127140	143890	124890	67480	73280	84700	38840	84380	27090	87860	23470	67590	146710	36190	80691	139230	76860	17280	94920	62680	27160	53140	34951	73251	9300	139080	156240	114650	36270	116350	44480	60000	61471	67210	46320	32820	25690	43510	44071	17250	46040	115780	47440	7780	103511	17630	15500	34480	44491	155100	128862	82680	40651	47811	52400	39510	65291	45071	26990	98770	0	84251	90690	46390	
95870	75150	23230	143550	107440	19450	56920	100950	69310	91190	145900	133450	79460	99790	147180	79040	90230	105023	186881	168292	107511	26560	130000	172830	59861	47260	85090	69820	168600	15340	84400	104331	49580	18580	61660	142260	90020	79330	120210	101790	57470	14760	5780	50280	110940	71830	163400	80273	29460	133030	63760	110670	138110	8350	99461	155310	138350	97152	80010	91580	112800	91481	95460	149150	72180	48901	93180	46930	120390	114220	17950	42830	77850	91573	43021	77100	94901	112780	176170	121500	77161	158170	72171	73131	65430	75440	142420	145200	143070	77370	94980	131821	121691	100590	98950	66482	81000	83761	0	167130	72960	
97450	161440	165670	172760	97570	152750	175400	180801	191450	91710	183880	180870	117321	155370	88750	142192	180521	91030	132910	10230	66400	143772	122110	61780	117870	132241	108831	114480	43480	159902	183551	70060	129821	155042	156780	166080	83390	187521	189380	173440	133280	158352	165900	120852	110580	100870	4840	101220	152731	180450	120790	106920	167570	161932	74260	40370	30970	73510	104690	77420	88350	82410	192511	184580	174910	120422	169601	124250	51320	66460	152282	134800	89500	91600	131990	95660	83970	55960	41290	46840	96850	74090	101300	100520	118460	96910	184880	147210	41540	92940	80881	62910	51120	98840	74971	112260	152630	90700	167800	0	102980	
23790	64730	69090	99380	35360	58060	77570	84300	93480	20910	110500	101070	19950	65440	74830	46061	84020	79940	106280	102833	56820	59290	60860	102850	54860	65100	15950	12550	103271	74660	87050	56920	61970	70180	59140	97280	22300	89570	98870	81000	31730	66900	70770	32600	40000	20450	99110	59540	77050	100650	66930	38310	94190	73440	49620	89981	74130	34740	7040	27290	42360	49350	96010	111200	77080	38290	73100	29630	55061	46140	60800	58230	16480	66430	52260	9070	59330	48490	110841	57280	40480	87620	31820	44350	66150	6640	109740	86281	77741	10270	26910	90020	63940	28510	31230	58350	56110	46850	72670	102840	0	

0	                                           Codsall	0	0	32400	0

1	                                         Congleton	461	12911	27511	922
2	                                           Matlock	519	10106	22355	1038
3	                                            Brymbo	156	4841	16078	312
4	                                             Ryton	110	17578	21785	220
5	                                            Belper	397	17642	25091	794
6	                                            Buxton	216	11358	22713	432
7	                                         Northwich	462	12365	25745	924
8	                                         New_Mills	141	13763	20382	282
9	                                     Wolverhampton	501	6105	17056	1002
10	                                           Buckley	661	13129	27202	1322
11	                                            Blacon	121	15800	25142	242
12	                                          Stafford	484	5436	9551	968
13	                                          Nantwich	301	19126	23467	602
14	                                            Ludlow	113	13933	15974	226
15	                              Newcastle_under_Lyme	174	8694	22188	348
16	                                         Knutsford	583	8839	16291	1166
17	                                          Daventry	640	10988	24630	1280
18	                                           Newtown	809	18343	24027	1618
19	                                        Churchdown	124	13849	27455	248
20	                                           Warwick	409	10436	20543	818
21	                                        Long_Eaton	557	11211	17794	1114
22	                                        Shrewsbury	461	3662	17651	922
23	                                          Hereford	446	6093	16559	892
24	                                      Kirby_Muxloe	234	16752	20364	468
25	                                            Sileby	643	3914	14834	1286
26	                                         Penkridge	775	5710	15335	1550
27	                                           Rugeley	473	5956	20310	946
28	                                            Yatton	339	23697	26716	678
29	                                            Arnold	529	12636	19691	1058
30	                                          Wilmslow	438	14779	21251	876
31	                                        Leamington	547	23116	27937	1094
32	                                       Mountsorrel	181	5567	17738	362
33	                                        Nottingham	293	7135	21760	586
34	                                              Leek	405	22033	24433	810
35	                                 Rhosllanerchrugog	331	14579	27385	662
36	                                     West_Bromwich	678	17713	26058	1356
37	                                           Poynton	523	5389	19949	1046
38	                                          Frodsham	650	6439	17850	1300
39	                                          Winsford	679	9363	11364	1358
40	                                         Uttoxeter	703	9931	19903	1406
41	                                            Heanor	668	15109	19876	1336
42	                                           Pinxton	480	9401	14644	960
43	                                       Swadlincote	639	19561	24959	1278
44	                                            Hadley	616	13412	23289	1232
45	                                          Tamworth	425	25328	28181	850
46	                                        Cheltenham	139	7379	16910	278
47	                                       Lutterworth	665	20150	26953	1330
48	                                          Cotgrave	661	18605	21271	1322
49	                                           Chester	527	16445	19531	1054
50	                                             Oadby	289	13853	27040	578
51	                                           Telford	369	13138	15771	738
52	                                           Wrecsam	380	16953	24294	760
53	                                  Hucknall_Torkard	799	18981	21906	1598
54	                                        Kenilworth	203	22860	28608	406
55	                                           Ledbury	494	12525	22830	988
56	                                           Evesham	140	10221	17598	280
57	                                          Solihull	124	2640	10017	248
58	                                           Cannock	624	18940	25193	1248
59	                                        Birmingham	729	7346	22229	1458
60	                                        Bridgnorth	252	1482	11770	504
61	                                          Coventry	147	9796	18805	294
62	                                        Altrincham	246	4140	19080	492
63	                                       Yr_Wyddgrug	629	9863	14913	1258
64	                                      Macclesfield	452	9922	23691	904
65	                                 Ashby_de_la_Zouch	750	20042	27774	1500
66	                                        Middlewich	294	10663	19751	588
67	                                 Burton_upon_Trent	199	21261	28808	398
68	                                         Droitwich	466	17666	26224	932
69	                                     Kidderminster	298	16918	24159	596
70	                                          Ilkeston	584	19749	24677	1168
71	                                      Loughborough	159	25521	27607	318
72	                                  Sutton_Coldfield	743	14765	19442	1486
73	                                             Rugby	219	3832	18288	438
74	                                          Shepshed	163	5623	12922	326
75	                                           Pelsall	785	23890	27480	1570
76	                                           Brandon	220	6276	16880	440
77	                                          Redditch	388	9373	23309	776
78	                                       Ross_on_Wye	704	5468	10408	1408
79	                                          Alcester	691	17911	20120	1382
80	                                          Nuneaton	775	6403	10054	1550
81	                                        Leominster	109	9606	18800	218
82	                                        Atherstone	420	6019	20327	840
83	                                          Hinckley	530	3929	18158	1060
84	                                     Wigston_Magna	522	8659	12401	1044
85	                                        Brownhills	806	13320	22552	1612
86	                                          Hawarden	431	17792	20336	862
87	                                          Oswestry	783	13076	23581	1566
88	                                     Great_Malvern	541	6712	12553	1082
89	                                          Aldridge	651	13135	20817	1302
90	                                            Dudley	705	9808	14637	1410
91	                                           Banbury	432	7213	10000	864
92	                               Stratford-upon-Avon	725	6126	19528	1450
93	                                        Albrighton	578	5177	9683	1156
94	                                         Halesowen	325	3944	16182	650
95	                                           Enderby	204	3828	8878	408
96	                                         Kidsgrove	558	8568	14756	1116
97	                                          Bedworth	121	2715	16403	242
98	                                Kirkby_in_Ashfield	567	3978	7022	1134
99	                                    Charlton_Kings	493	22852	25272	986
100	                                         Burntwood	406	3634	12079	812
