100

6350	3650

20	90

0	11770	84910	44220	54250	87400	53950	96540	84860	69750	42710	31150	66831	27730	60031	98660	72670	16800	58781	56890	29800	89680	69660	63940	9620	52230	34420	60990	53920	11120	65680	73650	28780	49380	34210	80660	82270	82381	16400	82780	95810	89340	43830	68590	55780	15110	29550	63560	24590	35700	49560	26830	27890	11750	35360	89750	65000	30840	23890	33821	39400	15880	75050	81030	59530	70480	79920	92850	14570	40970	29140	19490	40700	55430	64840	19500	48060	66130	75330	29600	47560	78940	53350	95000	69680	90830	18570	84160	61080	99440	22730	28890	61850	9940	68700	98500	61970	30710	22790	55210	63630	
11570	0	91440	42540	51340	79180	58960	97190	86030	76250	33250	39720	75780	19170	67750	90440	78230	26930	55871	66331	28720	96210	79101	61030	5150	50550	38580	51530	44460	17070	72180	70970	32400	55330	44930	72440	88770	89420	5330	81081	100130	93310	43450	65680	65601	12110	22900	54530	14850	39670	59571	30990	24980	13630	36000	99361	56440	22280	22800	43001	36490	10500	72370	81680	69351	61020	83890	93500	12140	50411	18830	25440	50281	52750	62160	23460	58780	56670	72711	33220	58280	85440	45110	86780	65860	91480	7510	89720	69890	89980	16210	23030	52870	20660	72670	99150	54990	41310	14230	46990	70130	
84410	90760	0	86870	111960	154671	36650	43770	37650	18560	119000	53780	21320	108380	29010	165951	19970	86370	109630	38600	106860	6810	25460	117000	86760	70840	90181	135510	127720	73940	20760	107600	95300	37610	65790	147931	2650	9290	94220	150230	29010	35580	118670	124790	46640	85870	97620	140310	102640	66290	43010	89960	92670	94780	74480	33480	144950	111630	107740	52450	102160	99470	105160	43490	49250	145000	30240	58620	83020	47380	105190	68770	49950	98030	106490	71100	60510	141460	146790	104310	65520	10340	123620	162291	151370	41940	94800	15690	71520	174210	90610	112470	138650	80580	30730	53940	145720	57580	103780	122501	23460	
44130	42310	85560	0	28160	77240	59010	72130	61510	72420	53690	52960	82000	53000	74910	83770	67180	58390	26050	84490	68210	92040	90150	33420	37760	17760	76200	65670	57880	37230	72060	34560	70650	58350	71160	70510	86890	89430	43390	119301	78160	69870	82940	39680	84760	33590	33090	73520	47260	37670	78080	68740	25540	51880	20590	112080	79200	55150	62290	60520	19330	48720	33550	56750	88620	72880	65820	62740	30980	68330	49600	34960	71130	16100	25910	31130	82060	71620	110931	71470	83620	77140	50240	81070	103511	66420	40630	77310	95630	104370	32360	58540	71860	50760	56300	70410	85420	62890	49740	48600	75540	
54240	51410	110930	28320	0	53290	81130	96650	87080	97790	43760	72820	102590	46930	95500	57760	92550	70550	8370	104700	74080	118850	110740	10790	46860	44010	85430	52800	45720	52270	96270	27750	79750	78940	87180	46560	112260	114530	49820	118210	103730	95160	86870	17240	104620	40670	31290	60980	47230	59380	97940	77840	28100	60980	45520	132670	68350	46690	67220	80380	16960	53540	29580	82200	108480	51890	91190	83950	41700	88190	43520	54910	89730	18960	19510	51080	99850	57010	109840	80160	99640	102510	32830	55220	100370	91550	45450	102680	113040	90360	37150	57380	59320	63090	81670	91620	75490	80300	50230	28440	96130	
86920	78950	155231	77480	53350	0	119831	151000	138710	138371	55220	109671	141301	66470	134201	24690	139111	102000	60820	141501	96150	163011	149451	57500	78710	94160	113650	37070	46910	87931	134981	72570	107060	117641	121840	8760	152591	153241	76200	126190	156790	147070	96740	50410	140771	75780	60640	45390	67080	100541	134101	106060	63761	88290	89311	176681	54690	66230	90810	116501	59250	76370	76740	133820	144521	29280	141210	140520	77361	124311	63060	92931	125451	70740	71960	89011	135250	34680	117820	103160	135040	147371	40690	17350	107740	144160	71700	150601	145210	67140	68500	76920	43730	95940	131690	148190	68890	115961	69770	35370	134831	
53760	58990	36720	59170	81090	119671	0	45630	32650	19350	84000	23390	27390	73380	21380	130951	20090	61990	81710	33170	80640	41960	36620	89080	54390	44570	66901	100510	92720	42870	15960	84080	72020	6480	45190	112931	34550	35200	60670	129721	43060	37030	94530	95340	42260	50870	62620	105310	67640	35450	35560	66680	57670	64240	41190	58550	109950	76630	76380	27200	67160	66600	81640	35060	45970	110000	27610	52170	48020	28990	70190	37700	34050	71760	80940	36100	48840	106460	122271	80440	52830	28350	88620	127291	122090	39920	59800	31580	62510	139210	55610	77710	103650	52390	16170	53120	110740	33500	68910	87501	20930	
96510	97030	42500	71940	96530	150000	46620	0	15070	41220	122620	69710	54830	112130	55330	150490	32770	106880	92280	71450	124320	44900	65280	98640	92480	55570	113061	137470	128590	85880	44060	85620	118180	52480	91350	143270	44510	51150	98300	176561	15550	10880	139050	105350	80950	88500	95200	144510	106390	64970	75440	112840	88920	106600	62770	75340	149150	115680	118400	73150	89980	104230	83180	17540	84660	145340	21400	20040	85700	73020	108730	80780	78290	78500	84530	77680	90990	143420	168191	125060	96000	39070	121851	149880	161340	7070	97430	30950	104720	176220	90210	117030	142850	98710	30580	12510	149990	79660	107930	120651	51930	
83970	85900	36790	61540	87020	137930	33640	15130	0	29550	110100	56730	43160	99610	43660	140330	21100	94340	82770	59220	111800	43270	53610	89130	81350	44690	100081	124950	116070	73340	32390	77510	105200	39500	78370	131200	38370	43940	87170	164041	16650	8360	126530	95190	68720	77370	84070	131990	93870	51590	62460	99860	77790	94450	51640	69200	136630	103160	105880	60170	78850	93100	75070	5840	72430	133270	8560	23700	74570	60050	96210	68240	65310	68990	76400	65140	78010	130900	155671	112520	83020	29650	109331	139340	148820	9420	86300	24140	91740	163700	79080	104510	130330	85730	17600	21680	137470	66680	95410	108131	40260	
69720	76040	18320	72820	97910	138301	19370	41390	29590	0	102630	39090	14410	92010	15470	149581	8690	74010	96590	31590	94540	23750	24860	103960	72070	57800	77821	119140	111350	59250	4200	94560	82940	22680	54860	131561	16960	18110	79300	139280	31290	31480	105640	110200	41090	69500	81250	123940	86270	51690	36000	77600	76300	80060	59820	43700	128580	95260	92760	37760	85790	84750	92120	35430	44800	128630	21860	52940	66650	34840	88820	54080	39070	84990	93450	54730	51770	125090	135270	91800	56780	10140	107250	145921	138340	36860	78430	17730	65500	157840	74240	96340	122280	65890	17870	49620	129370	43610	87540	106131	11510	
42270	33220	119350	53840	43930	56200	83960	122300	109780	102490	0	68630	104901	15180	97050	67910	103230	53850	51400	95221	44860	124120	107991	53620	34060	70330	65500	19460	12390	45980	99100	70200	57980	81770	75180	49460	116710	117360	30470	82530	126370	118140	51190	55300	94491	34470	27110	24480	20790	64670	88461	57910	32390	40140	59330	128251	29120	14940	41750	71891	34530	28030	72030	105430	98241	28950	111240	116020	37100	79301	16780	53280	79171	57740	61960	49360	88970	25410	74160	51870	88530	111490	15950	64250	64690	115230	25970	114720	96810	57900	32620	23870	22820	50910	97670	122900	33450	70200	20510	24460	98960	
31010	39550	54220	53170	72840	108811	23420	68720	55740	39060	68820	0	38590	57250	30560	120091	41980	38980	73600	33100	57630	58990	42500	80970	35580	47810	45631	86940	79150	22860	34990	85010	50750	18800	25920	102071	51580	52230	43010	108451	65120	60120	71660	87230	33390	36860	49510	90100	52460	29470	26710	45410	47300	41350	35210	64430	94740	60360	54570	9110	58410	46560	84880	58150	37250	96430	50700	75260	33340	16490	55010	18130	19760	66490	76200	22880	31410	92240	101001	57430	35300	48250	76900	116431	99140	63010	44440	53470	44980	125550	42140	59570	88440	29380	39260	76210	92650	14440	52310	76641	32940	
65911	75651	21720	82340	102830	141411	27280	55170	43370	14340	104761	38870	0	93181	8610	152691	22580	67270	103450	19500	87610	26490	10550	110820	71850	69290	71081	122250	114460	59030	13580	106890	76200	24350	46690	134671	19080	15950	78951	128920	45520	45260	99420	117080	29000	72610	84360	126041	88401	57190	23910	70860	79410	75811	62930	32370	130681	96291	89341	33030	88900	81331	104450	49210	32710	131740	35640	66720	69510	28280	90951	53860	30850	95660	105370	57840	41410	128181	126330	85060	46420	21760	110360	149031	132120	50640	80381	30480	53880	160950	77350	94341	124381	61160	30810	63400	128771	38480	88241	109241	7440	
27360	19390	108780	53370	47030	66810	73390	112170	99650	91920	15180	57670	93750	0	85700	78070	92660	38870	53441	82880	32600	113550	96190	56720	23100	64170	50520	33460	26390	35020	88530	71371	43930	71200	60200	60070	106140	106790	16640	72730	115800	108010	41390	59790	81770	23900	25600	36460	6820	54100	75550	42930	30880	25160	49620	116630	37910	3510	27330	60901	35730	13050	73201	95300	85520	42950	100670	107120	26530	66960	8850	42710	66690	58940	63131	38790	74050	38600	64360	39610	73550	100920	29580	74410	55980	105100	14310	104150	81830	71900	22280	10650	34760	35930	87100	112770	37730	56700	5530	34620	88080	
59111	67510	29400	75040	95530	134111	21440	55990	44090	15670	97150	30560	8610	85210	0	145391	23400	62480	96150	16800	82820	34170	15240	103520	63540	64300	66291	114950	107160	50720	11600	103810	71410	17050	42900	127371	26760	24160	70970	126220	46340	46080	93920	109780	26300	64410	76930	119020	80420	49890	21210	66070	72110	69011	55630	37170	123660	88320	82541	26230	81600	74531	101370	48090	30010	124440	36460	65200	61200	22880	82970	45550	27110	88360	98070	50300	38710	120900	122800	80270	43720	24860	103060	141731	126620	51360	72400	33200	51180	153650	69560	87541	117360	54360	28820	64220	121971	32080	80270	101941	6440	
98760	90790	166790	83720	57810	24540	131390	150700	140480	149930	67330	120540	152860	78310	145760	0	147930	113840	57550	152650	109510	171560	161010	51660	90550	97370	125490	53870	63710	98800	146540	64040	118900	129200	132920	24850	164150	164800	88040	142990	157130	148560	113540	44420	152061	87200	72240	62190	78920	111670	144970	117900	74630	100130	97810	189231	71490	78070	102650	127370	66840	88210	68210	135350	155811	46080	145740	134140	88230	135180	74900	103800	136490	70350	66500	99880	146540	51480	134620	115590	146170	157890	52820	10740	124540	144950	83540	158920	156990	83940	80100	88760	60530	107780	137050	142700	85690	126830	81610	45140	146390	
72640	78250	18800	67380	92470	138931	20000	32880	21080	8640	103260	42020	22630	92640	23130	148540	0	80220	90140	39250	99270	25280	33080	97510	73650	51350	84031	119770	111980	61750	11860	88110	89150	23450	62250	132191	20130	24530	79930	146940	23880	22970	111850	103750	48750	70130	81880	124570	86900	46720	43660	83810	76930	82990	54990	50120	129210	95890	95260	44120	83640	85860	85670	26920	52460	129260	13350	44430	67280	42450	89450	56580	46730	78540	87000	55360	59430	125720	141480	98010	64440	10380	107880	145680	141350	28350	79060	11760	73160	158470	74870	96970	122910	70600	11240	41110	130000	50630	88170	106761	19730	
16700	26890	86860	58060	70500	102310	61980	106680	94300	74160	53730	39020	67370	38750	62800	113570	80150	0	75031	54100	23020	91630	67970	80190	26040	62970	17910	72010	64940	21090	70090	88800	15350	56970	27750	95570	84220	81090	30830	73120	103290	98680	37020	84840	51610	31530	45970	74580	35890	45840	46570	11170	44140	13810	45630	86170	74500	41860	22560	36730	55650	26280	90200	91170	55350	81500	89260	102990	29770	40850	40440	28720	37710	70580	79990	29770	41600	77150	65670	22790	37340	83350	67710	109910	64650	100970	31310	91640	49220	138850	38980	38210	72870	14790	77820	108640	63370	31050	33810	70120	66530	
58841	56011	108540	26160	8300	60690	81860	92450	82880	96810	51160	73850	103320	53621	96230	58100	90160	75100	0	105730	78681	115960	111470	7370	51461	39810	90031	60200	53120	54960	96450	20620	84351	79670	89870	53960	109870	113820	54421	124991	99530	90960	93411	13630	105650	45271	36241	68380	52181	60050	98970	82441	32701	65581	44980	133400	75750	53381	71821	81410	21710	58141	22450	78000	109510	59290	87970	79750	46280	89220	49381	55940	92020	13980	12470	52110	102540	64410	116621	84761	102330	100120	40230	55560	107151	87350	50051	100130	115730	97860	41751	64071	66720	67640	79280	87420	82890	82990	55361	35840	96860	
56521	66261	38990	84630	104300	139801	32830	72050	59330	31730	95371	32990	19500	82940	16840	151081	39460	54100	105400	0	74440	43760	15650	112770	62781	76060	56200	113651	106581	52850	27660	115570	63030	28120	33470	133061	36350	32560	69561	113000	62400	62140	85320	118640	9500	66850	80150	116651	79011	59480	7990	57690	77940	65120	65220	33920	121070	86050	76660	24490	89450	71090	113130	63330	13210	123141	52520	80440	63330	17040	81561	49930	17570	97950	107660	54680	25490	118791	109580	71890	30500	40380	105771	147421	118000	66600	70991	49100	34380	152101	72780	84100	114991	49650	44060	79800	117560	26430	78000	107321	22050	
29370	28630	108070	68310	74270	95590	81100	124320	111800	95320	44160	58140	88340	31900	83770	108940	99660	23620	78801	75070	0	112840	89180	83960	30920	76320	24810	59310	53170	39480	91060	96731	14360	76480	48720	88850	105430	102300	28090	55281	124520	117700	15660	88610	72490	37330	45180	56510	31260	64060	67540	18210	47910	20760	61770	107380	53990	31560	7360	57700	59420	21330	98140	107450	74050	68330	108280	119270	37910	61820	35810	47790	58680	78520	87930	47860	57060	63870	46911	8190	52150	104590	58830	105290	41830	117250	28570	112790	54650	112550	38490	21810	55530	34830	96940	124920	42200	52020	28460	65490	87500	
89670	96020	7670	92030	118560	162921	41910	44900	42810	23820	124260	59040	26580	113640	34270	171211	25130	91790	115730	43860	112280	0	30720	123100	92020	76000	95601	140770	132980	79200	26020	112760	100720	42870	71050	153191	7910	14550	99480	155600	30140	39890	124090	130690	51900	91130	102880	145570	107900	71450	48270	95380	97930	100040	79640	34810	150210	116890	113000	57710	107420	104730	110320	48650	54510	150260	35400	63670	88280	52640	110450	74030	55210	103190	111650	76360	65770	146720	152160	109730	70780	15500	128880	167551	156790	46480	100060	20850	76780	179470	95870	117730	143910	85840	35890	56140	150980	62840	109040	127761	28720	
68841	78581	25010	89970	110460	149041	36370	65320	53520	24490	107691	42010	10250	95860	14930	160321	32730	67600	111080	15140	88090	29780	0	118450	75101	78920	69840	125971	118901	63220	23730	117040	76530	31980	47020	142301	22370	17130	81881	126090	51280	55410	99790	124710	21730	77220	90520	128971	91331	64820	21630	71190	87040	77500	70560	22770	133611	98970	90310	35960	96530	83470	114600	59360	24340	135461	45790	76870	73700	28610	93881	59190	31180	103290	113000	63940	38850	131111	124050	85540	44140	29730	117990	156661	132600	60790	83311	35710	46610	164421	83150	97020	127311	62030	40960	73550	130510	38810	90510	116871	17390	
63930	61100	115850	33470	10790	57500	89170	98710	89140	104120	53450	81160	110630	56620	103540	52010	97470	80240	7300	113040	83770	123270	118780	0	56550	47120	95120	61710	54630	61960	103760	21670	89440	86980	96870	50770	117180	121130	59510	127900	105790	97220	96560	8090	112960	50360	40980	69890	56920	67360	106280	87530	37790	70670	52290	140710	77260	56380	76910	88720	26650	63230	24520	84260	116820	57440	95240	86010	51390	96530	53210	63250	99330	20130	16280	59420	109540	62560	119530	89850	109330	107430	41230	49470	110060	93610	55140	107440	122730	95910	46840	67070	68230	72780	86590	93680	85180	89990	59920	34770	104170	
9630	5130	87450	37950	46750	78740	54400	92600	81440	72290	34290	35760	71820	22720	63790	90000	73670	26110	51281	63251	31030	92220	76021	56440	0	45960	39150	52570	45500	13110	68220	66380	33470	51370	42920	72000	84810	85460	8480	84191	95570	88750	45760	61090	62521	7520	20970	55570	17930	35110	56491	31560	20390	14700	31410	96281	59990	25830	25110	39921	31900	14270	67780	77090	66271	62060	79330	88910	7550	47331	20480	21480	47201	48160	57570	18900	56770	57710	75821	34290	56270	81480	44690	86340	68970	86890	9910	85160	69790	91020	14280	26440	53910	18650	68110	94560	58540	38230	17780	46550	66170	
52250	50430	69670	17750	43940	93940	44550	55760	44690	57960	70160	47800	69140	64140	64170	97770	51290	63290	39690	76390	76330	76150	79100	47060	45880	0	81100	82140	74350	42200	57600	40410	78540	47980	72890	87210	71000	74970	51700	128211	61340	53050	91060	53300	79850	41900	46830	89990	58400	30640	73170	74360	39570	60000	17740	100460	95670	67390	70410	55570	35800	57630	37970	40340	83710	89350	49100	46750	39100	62320	60740	37190	66220	28090	37270	34090	77870	88090	119841	79590	81760	61250	66710	95230	112990	50050	50830	61260	91440	121300	43610	68740	88330	55620	40410	54350	100700	61420	59940	65070	62680	
34290	38490	90671	75980	85180	113910	66971	112201	99221	77971	65330	45711	71181	50350	66611	125170	84061	17980	89711	56220	24370	95441	70280	94870	38990	80890	0	83380	76540	39010	73901	104810	10830	60881	31561	107170	88031	84901	42430	64740	107201	103601	31430	99520	50330	45950	58700	80580	47490	63760	48610	7620	58820	25410	63550	84960	78060	53460	28330	40541	70330	37880	106210	101631	51890	92400	94181	118741	45980	44661	52040	46640	41521	86590	96000	47690	34900	87940	57290	19970	29990	87161	79310	121510	64670	106491	42910	95501	32490	138010	52010	45880	79600	32710	82741	119691	65450	34861	45410	81720	70341	
61240	52190	136540	66870	54290	36800	101150	137340	124820	119680	20050	87420	122610	34150	115520	53730	120420	72820	61760	114191	60110	141310	126961	63060	53030	83360	83680	0	10840	64950	116290	81140	73230	98960	94150	30060	133900	134550	49440	90150	142830	133180	60700	59260	113461	52260	41720	9470	39760	81860	107431	76880	47000	59110	73940	147221	18650	33730	59610	90861	47560	47000	82970	120470	117211	9540	127230	129050	54800	98271	35750	70680	98141	69150	72900	66760	107940	6000	81780	67120	107500	128680	23330	46500	71700	130270	44940	131910	114420	38490	49580	41730	7810	69880	114860	136720	32850	89170	39480	31840	116150	
53720	44670	128050	58380	46580	47100	92660	128680	116160	111190	12370	78930	114120	26630	107040	64030	111930	65300	54050	106671	54170	132820	119441	55350	45510	74870	76950	10350	0	56780	107800	73430	67290	90470	86630	40360	125410	126060	41920	91530	134170	124520	60190	54970	105941	43770	33230	18200	32240	73370	99911	69360	38510	51590	65450	139701	24890	26390	52990	83341	39070	39480	75260	111810	109691	19840	118570	120560	46310	90751	28230	62190	90621	61440	65190	58270	100420	16300	83160	61180	99980	120190	15620	56800	73690	121610	37420	123420	107580	48790	41090	35110	16540	62360	106370	128230	36360	81650	31960	24130	107660	
11030	16930	74440	37070	52290	87441	42930	85750	74070	59280	46200	22920	58810	34630	50780	98721	61720	21250	55300	52900	39570	79210	63650	61980	12960	41980	39060	64480	57410	0	55210	68900	36500	38360	35150	80701	71800	72450	20390	92660	84860	78550	53710	66630	52820	14840	28140	67480	29840	24910	46140	32320	25930	21510	24640	85580	71900	37740	33650	28580	37440	25640	69660	70240	56590	73970	69130	82060	11320	36390	32390	8470	37700	50390	60090	8780	47820	69620	85210	39480	47610	68470	55220	95061	79440	80040	21820	73210	61010	102930	20770	38350	65820	13620	57910	87710	70450	28270	29690	55271	53160	
65550	71870	21230	72310	96260	134841	15910	44510	32710	4190	99170	34920	13560	88550	11300	146121	11920	69840	96310	27420	90180	26000	24010	103680	67900	57710	73651	115680	107890	55080	0	95840	78770	18750	50690	128101	18590	19240	75330	135110	34860	34600	101280	109940	36920	66040	77790	120480	82810	50620	31830	73430	72840	75890	56360	44640	125120	91800	88590	33590	82330	80580	93400	38550	40630	125170	24980	56060	63190	30670	85360	49910	34900	84900	94080	51270	47600	121630	130910	87630	52610	13380	103790	142461	133980	39980	74970	21720	61330	154380	70780	92880	118820	61720	19900	52740	125910	39440	84080	102671	8130	
73400	70670	106420	34390	27530	72650	84000	86760	77580	94710	69990	84960	106800	71521	103620	63790	88040	88660	20550	115840	96570	112900	117250	21820	66120	40390	104690	79430	72350	68520	95760	0	99010	87430	103160	67120	107750	112070	71630	142891	94230	85450	111300	22720	116760	61830	54141	87610	70081	70090	110080	97100	50440	80240	53620	137660	94980	71281	89721	92520	38450	76041	5250	72700	120620	74310	83680	70920	59840	100330	67281	66960	103130	19880	11260	63130	114060	79430	134521	99830	115620	98000	59460	64390	125051	81710	67951	98010	127630	112960	59651	81971	85950	81200	77160	79480	101721	94890	73261	55070	101560	
28640	32360	95800	70730	79530	107400	72100	117330	104350	83100	57930	50840	76310	43840	71740	118660	89190	15400	84061	63040	14070	100570	76910	89220	33340	78310	10820	73080	66940	36430	79030	99160	0	66010	36690	100660	93160	90030	35920	57770	112740	108730	22540	93870	58500	40300	53010	70280	40980	61180	55510	5500	53170	19660	60970	93130	67760	45330	18360	45670	64680	31370	100560	106510	60060	82100	99310	118330	40330	49790	45530	44060	46650	80940	90350	45110	43070	77640	50320	10100	38160	92290	72600	115000	55700	111620	36400	100630	40660	128920	46320	35580	69300	30130	87870	123980	55970	39990	38900	75210	75470	
49190	55090	38080	58490	78980	117561	6480	51540	38560	22640	81890	18800	24150	71270	17060	128841	23400	57000	79600	28470	76050	42850	32300	86970	51120	48000	60811	98400	90610	38300	18850	87510	65930	0	39100	110821	35440	36090	58550	123631	46540	42940	88440	93230	37030	48760	60510	103200	65530	33340	29460	60590	55560	59670	39080	54230	107840	74520	71810	20900	65050	63800	85070	40970	41270	107890	33520	58080	45910	22570	68080	33130	27630	71810	81520	33990	42420	104350	116181	74790	46410	31830	86510	125181	117680	45830	57690	34890	56090	137100	53500	75600	101540	47380	22080	59030	108630	27410	66800	85391	17690	
34240	45030	66330	71220	86690	120720	45080	90310	77330	54730	75280	25930	46840	60300	42990	131980	62090	27750	89700	33570	48090	71100	47440	96380	42940	72800	31561	93560	86490	35240	50660	103060	36680	38990	0	113980	63690	60560	49660	92470	85310	81710	59190	101030	29440	48430	62540	97050	57160	54460	25970	31340	60330	41560	57840	63710	98050	63410	50310	18650	71840	48450	103810	79740	31000	103050	72290	96850	45720	20420	61710	37460	17180	84540	94250	41390	16990	99690	85020	45540	16490	63920	86670	128320	90070	84600	51420	72260	30010	164270	55170	61460	94420	27010	60850	97800	89990	12760	55360	88530	47100	
80310	72340	148621	70610	46480	8780	113221	143270	130980	131761	48610	103061	134691	59860	127591	25110	132501	95390	53950	134341	89540	153391	142841	50630	72100	87100	107040	30460	40300	81321	128371	67150	100450	111031	114470	0	145981	146631	69590	119580	149060	139340	90130	44730	133611	69170	54030	38780	60470	93931	127491	99450	57151	81680	82701	164771	48080	59620	84200	109891	52380	69760	71320	126090	137361	22670	133480	132790	70751	117701	56450	86321	118291	63870	65090	82401	128090	28070	111210	96550	127880	140761	34080	17880	101130	136430	65090	143991	138540	60530	61890	70310	37120	89330	123960	140460	62280	109320	63160	28760	128221	
82210	88530	3020	87230	112320	152471	34450	44690	38310	17260	116800	51580	19120	106180	26810	163751	20330	84170	109990	36400	104660	7790	23260	117360	84560	71200	87981	133310	125520	71740	18560	107960	93100	35410	63590	145731	0	7240	91990	147440	29930	36240	116470	125150	44440	83670	95420	138110	100440	66650	40810	87760	90470	92550	73990	31830	142750	109430	105510	50250	99960	97240	105520	44150	47050	142800	30900	59280	80820	45180	102990	66570	47750	98390	106850	68900	58310	139260	144000	102110	63320	10700	121420	160091	149170	42600	92600	16350	69320	172010	88410	110240	136450	78380	31090	54600	143490	55380	101550	120301	21260	
81681	89200	9490	89650	114560	153141	35120	51160	43600	18100	117470	52250	16260	106850	24380	164421	24540	81310	113650	33540	101800	14260	19480	121020	85230	75050	85121	133980	126190	72410	19230	111920	90240	36080	60730	146401	7170	0	92660	144580	36400	41530	113610	127570	40660	84340	96090	138780	101110	68520	37950	84900	91140	91210	74660	25870	143420	110100	104020	48800	100630	97300	109480	49440	43270	143470	36190	64570	81490	42320	103660	67240	44890	102250	110810	69570	55450	139930	141140	99250	60460	15990	122090	160761	146310	47890	93270	21640	65540	172680	89080	110850	137120	75740	35230	59890	144160	52520	102220	120971	21930	
16190	5320	94920	43460	49810	76420	60550	98110	86950	79080	30490	43200	79260	16410	71230	87680	79820	30900	54341	69791	28280	99690	82561	59500	8630	51470	42550	48770	41700	20550	75660	71630	35960	58360	49550	69680	92250	92900	0	78321	101720	94900	43010	64150	69061	11060	21070	51770	12090	41260	63031	34960	23450	17190	36920	102821	53680	19520	21420	46461	34960	7740	73030	82600	72811	58260	85480	94420	13690	53871	16070	28920	53741	53410	62820	25950	63400	53910	69951	34360	62900	88080	42350	84020	63100	92400	4750	91310	73860	87220	14380	20270	50110	25280	74260	100070	52230	44770	11470	44230	73610	
82450	81201	150010	119941	117760	125810	129441	177380	163780	139030	81770	108181	128870	72240	126210	142740	146760	72820	124301	112940	55741	154780	126450	127450	84191	128101	64380	89530	90400	92310	134960	142231	57420	123351	92100	119070	147370	144180	78451	0	170860	168360	43490	130520	104120	87691	95541	86730	76740	117120	105330	62920	98271	73470	113551	138810	81870	71400	61031	103011	106590	71691	144061	161131	103190	98550	158740	172951	90321	106230	79970	100060	102000	129391	133991	100990	88530	94090	9010	56750	83760	148450	96690	135510	45540	170931	78931	156920	80250	43120	88851	62150	85750	87100	147110	178601	69020	97331	71640	105200	131400	
95960	100020	27680	78200	103680	155850	43300	15490	16660	31720	126690	65450	46000	116070	46500	156990	24110	103650	99430	62620	124500	30070	51380	105790	95420	61350	107461	143000	134120	85180	35230	94170	112990	46880	85750	149120	29690	36330	101700	170780	0	11040	136340	111850	72120	91900	100730	148000	108670	63580	67030	107240	94450	106440	68300	60520	152640	119320	118580	67550	95510	107630	91730	22500	75170	151190	17870	34260	89050	65870	111220	80010	70100	85650	93060	77130	82800	148950	165970	122480	87810	25450	127381	156380	164780	17070	100830	17640	96530	181750	95740	120400	146340	94030	27690	26730	153430	74060	109940	126181	43100	
89320	93380	34390	69860	95220	146250	38040	10890	8320	31310	118420	61130	44920	107930	45420	148530	22860	99690	90970	61540	117860	39910	55370	97330	88780	53010	104481	133270	124390	78690	34150	85500	109600	43900	82770	139520	35970	41540	95060	169290	11000	0	132630	103390	71040	85260	92390	140310	102030	56940	65950	104260	86110	99800	59960	66800	144950	111480	111940	64570	87170	100990	83060	14160	74750	141590	11580	27590	82410	64070	104530	73590	69020	77190	84410	70490	81720	139220	162260	117870	86730	29170	117651	147660	157140	8350	94190	21050	95450	172020	87400	112830	138650	90130	22000	20350	145790	71080	103300	116451	42020	
43870	43230	119320	82910	86860	96400	94670	138920	126400	105860	50870	71830	99590	41240	94310	113330	111950	37100	93401	85160	15830	124090	100430	96550	45520	90920	31590	60120	59500	53730	101600	111331	22710	88580	59260	89660	116680	113550	43050	43710	135870	131690	0	99620	79270	52290	60140	57320	44941	78540	77550	28210	62870	34890	76370	115940	52460	40500	22320	68240	74380	36290	112740	122050	80830	69140	122070	133870	52510	72360	48171	61480	69220	93120	102530	62410	63840	64680	35340	16390	58930	115130	65790	106100	35680	131850	43530	123470	61250	103540	53450	31150	56340	48520	110440	139520	39610	62560	39841	74300	98040	
68450	65620	123760	39680	17370	50610	95380	105540	95320	110330	54860	87370	116840	59540	109750	44890	103680	84760	13510	119140	88290	130890	124990	7960	61070	53330	99640	59460	54740	66480	109970	22780	93960	93190	101390	44760	125090	127630	64030	130820	111970	103400	99480	0	119060	54880	45500	67780	60150	73570	112380	92050	42310	75190	58500	146920	77080	59300	81430	94820	32110	67750	26950	90440	122830	51950	101420	90820	55910	102630	56130	69460	103940	26310	22460	65630	114060	57070	122450	94370	113850	113640	40350	42350	112980	99660	59660	115510	127250	89530	51360	69990	66120	77300	92800	98490	86590	94510	62840	33890	110380	
55391	65131	47600	84870	104141	138691	43210	82430	69710	42110	94241	33080	29880	81460	27220	149951	49840	51220	105300	10370	71560	52370	22810	112670	61651	79410	50650	112521	105451	52691	38040	116710	59170	37460	29420	131951	44960	39720	68431	103870	72780	72520	79770	118481	0	66691	79991	115521	77881	61070	8920	54810	77781	63640	66810	35260	119590	84570	73780	24170	89291	69610	116480	73710	4600	122011	62900	90820	63171	19250	80431	49830	16210	98190	107900	54580	17120	117661	103480	68310	22450	50760	104641	146291	114530	76980	69861	58300	24880	188300	72621	82620	113861	48170	54440	90180	114680	25820	76520	106501	32430	
14230	11400	84880	32400	40210	75361	49490	87050	75890	68020	34770	35550	70950	24150	63000	86641	68760	30710	44741	65760	37300	89650	76510	49900	6850	40410	45420	52100	44310	13100	64630	60830	39740	47300	47520	68621	82240	82890	11440	87951	90660	83840	52030	54550	65680	0	16060	56050	18410	30200	59000	37830	13850	20970	25860	98460	60690	27400	31050	41440	25360	17370	62230	71540	69450	61590	74420	83360	2630	49250	20960	18810	50560	42610	52020	14890	60680	58050	79581	40560	60470	77020	42080	82981	72730	81340	10570	80250	73870	90800	8690	28480	54390	23250	63200	89010	60440	41130	19680	43191	64490	
29200	22820	97880	33010	31320	60860	62490	95190	84030	81020	27160	49600	83950	25550	76860	71770	81760	45680	36081	80520	44780	102650	90940	41010	20610	46620	58620	40970	33180	27860	77630	54011	52460	60300	62490	54120	95240	95890	20900	94821	100680	92390	59510	45660	80440	16260	0	48820	21950	43200	73760	51030	7860	33690	34000	113210	54090	26420	37920	56200	17060	24240	55841	79680	84210	50460	86440	91500	17290	64010	20100	32860	65320	40270	45771	28940	75440	46920	86451	50860	75230	90020	27390	68110	79031	89480	16150	93250	88630	79670	7850	34060	47160	38220	76200	97150	58410	55890	25130	28320	77490	
62690	54460	140590	73680	61700	45660	105200	144310	131790	123730	24080	89870	126141	35970	119341	62590	124470	73860	69170	116461	57090	145360	129241	70470	55300	90170	80660	9680	17560	67220	120340	88550	70210	103010	95530	38920	137950	138600	51710	87130	147610	140150	57680	68120	115731	55710	48530	0	42030	85910	109701	73930	53810	60150	80750	149491	11110	33690	57670	93131	54370	47900	90380	127440	119481	18400	132480	135860	58340	100541	38020	74520	100411	76560	80310	70600	109380	13940	78760	64100	108880	132730	30740	55360	68680	137240	47210	135960	112170	47250	53860	41690	2030	71260	118910	143530	25310	91440	40860	39250	120200	
24300	14830	102980	47570	47250	67320	67590	106370	93850	86120	20850	52260	88320	6810	80290	78580	86860	35860	52011	78851	31530	107750	91621	56940	17690	58370	47510	39130	32060	29610	82730	69941	40920	65400	57140	60580	100340	100990	12080	76812	108760	101940	45391	60300	78121	18100	21940	42130	0	48300	72091	39920	25900	22150	43820	111881	44220	10060	24670	55521	32990	10230	71771	89500	81871	48620	92520	101320	20730	62931	5450	36910	62801	56200	61701	32990	70990	44270	68442	37610	70490	95120	32720	74920	60521	99300	8760	98350	78820	77570	16480	15090	40470	32870	81300	106970	44040	53640	5440	35130	82590	
35720	39780	64900	37830	59340	100461	35530	65140	52490	51440	64790	29470	56990	54170	49900	111510	46680	46090	59960	59480	64260	71380	65140	67330	35180	30650	63900	81300	73510	25090	50670	70160	61340	33340	54560	93721	66230	68450	41460	117450	63790	56970	78500	73590	61520	31660	43410	86070	48430	0	54840	57160	38460	46200	18210	87070	90710	57420	58340	37240	45650	47390	67720	49220	65380	90790	47550	64140	28810	43990	50980	19990	47890	51980	61690	16890	59540	87250	109601	64270	63430	56480	69410	107940	102750	59430	40590	56950	73110	120000	36400	58500	84410	38420	36330	67110	91400	43090	49700	68291	50530	
49490	59451	43420	78380	97710	133011	35870	75750	62770	36100	88561	26590	23930	75550	21270	144271	43830	46560	98810	8000	66900	48190	22060	106180	55971	72920	48660	106841	99771	46260	32030	110220	55490	29450	25930	126271	40780	37650	62751	105460	66770	66510	77780	112050	8660	60260	73560	109841	72201	54580	0	50150	71350	57730	60320	40580	113680	78660	69120	17680	82860	63700	109990	66980	13160	116331	56020	84090	56740	12060	74751	43340	10030	91700	101410	48090	17950	111981	102040	64350	22960	44810	98961	140611	109530	70040	64181	53530	31530	183730	66190	76710	108181	42260	47800	83240	109450	19620	70610	100691	26480	
26740	30940	90450	68830	77630	106360	66750	111980	99000	77750	57780	45490	70960	42800	66390	117620	83840	11210	82161	57690	17530	95220	71560	87320	31440	74120	7670	76060	68990	32240	73680	97260	5570	60660	31340	99620	87810	84680	34880	63340	106980	103380	28080	91970	55200	38400	51150	73740	39940	56990	50160	0	51270	17860	56780	89760	71220	45910	21490	40320	62780	30330	98660	101410	58360	85550	93960	114140	38430	44440	44490	39870	41300	79040	88450	40920	41370	81100	55890	15090	36460	86940	71760	113960	59160	106270	35360	95280	38960	133360	44460	39040	72760	25940	82520	119470	59430	34640	37860	74170	70120	
27700	24870	93190	25550	27790	62941	57800	89060	77900	76330	32580	47420	79260	30970	72170	74221	77070	44010	32321	78390	47820	97960	87410	37480	20320	39470	58890	46060	38270	25730	72940	50251	53210	55610	60640	56201	90550	91200	23280	97861	94550	86260	62550	42130	78310	14130	7870	53910	25820	38510	71630	51300	0	34440	27870	109340	59510	31840	40960	54070	12260	27280	52081	73550	82080	55550	80310	85160	15160	61880	25520	30680	63190	33250	41700	26760	73310	52010	89491	53900	73100	85330	31880	70561	82071	83350	19190	88560	86500	84760	10920	37100	52250	36550	70790	91020	63830	53760	28300	30771	72800	
11170	13640	95280	52080	60880	88680	64110	106700	95020	80090	40100	41490	76571	25120	69771	99940	82900	13930	65411	65130	20420	100050	77900	70570	14690	60090	25580	58380	51310	21280	76020	80510	19710	59540	41620	81940	92610	91020	17200	73710	106240	99500	34760	75220	64020	21650	34290	60950	22260	45860	57800	17990	34520	0	45520	98080	61130	28230	16090	43561	46030	12650	81910	91190	67770	67870	90080	103010	21680	49210	26810	29650	48940	62290	71700	29660	55470	63520	66260	20530	51210	89280	54080	96280	61480	100990	17680	94390	56890	135680	27600	24580	59240	18180	78860	108660	57660	38950	20180	56490	73501	
35480	35880	73320	20720	45490	89021	41250	62810	51650	59780	59740	35190	62710	49590	55620	97430	54940	46080	44720	65200	61780	79800	70860	52090	31330	17790	63890	73220	65430	24920	56390	53390	61330	39060	57840	82281	74000	74650	37150	113661	68300	60010	76510	58350	67240	27350	34050	81070	43850	18310	60560	57150	27770	45450	0	92790	85910	52840	55860	42960	31800	43080	52500	47300	71100	81911	53580	59120	24550	49710	46190	20960	53610	34870	44580	17860	65260	79170	105291	64100	69150	64900	58051	93860	98440	57100	36280	65070	78830	111970	29060	54190	79410	38450	44060	64770	86150	48430	45390	56851	56250	
89361	99271	33620	112170	132660	176861	58570	75290	68910	43630	128471	64210	32360	116610	37130	189521	50070	86180	133280	33890	107300	35210	22760	140650	95791	100570	85560	146751	139681	85420	44590	137450	94190	54180	64330	164501	31920	25820	102661	138960	60530	66840	115730	146910	35130	99440	113080	149751	112111	87020	40550	90400	109240	97980	92760	0	154391	119720	109520	57330	118730	104220	135010	74750	35450	156241	61500	89880	95900	49880	114661	81390	50130	125490	135200	86140	51900	151891	138570	103440	57230	41300	138871	185071	150490	73200	104091	46950	59590	224260	105710	117770	148091	82360	60760	85200	151140	59270	111260	139071	39500	
64360	56390	145290	79620	68750	54930	109900	149120	136600	128430	28780	94570	130841	37640	124041	71860	129170	74440	76220	121161	54580	150060	133931	77520	60000	96110	78150	18770	24430	71920	125040	95600	67700	107710	97200	48190	142650	143300	53640	82230	152310	144960	52780	77140	120431	60410	53560	11160	43960	90610	112560	71420	58840	61080	85780	154191	0	35360	55160	97831	60310	49570	97430	132250	124181	27670	137180	141800	63040	103960	42720	79220	103690	83520	87360	75300	111050	23210	73860	61590	107160	137430	37790	64630	63780	142050	51310	140660	109660	56520	58560	40010	11620	72930	123610	149470	15170	93700	42530	46300	124900	
30660	22690	112080	54810	46800	66580	76690	115770	103250	95220	14950	60970	97050	3500	89000	77840	95960	42170	53211	86180	32200	116850	99490	56490	26400	67470	53820	33230	26160	38320	91830	71141	45320	74500	63500	59840	109440	110090	19940	71860	119100	111610	40520	59560	85070	27200	26440	34160	10120	57400	78850	46230	31720	28460	52920	119930	35600	0	28920	64201	35500	16350	72971	98900	88820	42720	103970	110720	29830	70260	10720	46010	69990	58710	62901	42090	77350	38370	63490	39210	76850	104220	29350	74180	54300	108700	17610	107450	85130	71670	25580	11040	32450	39230	90400	116370	35740	60000	8830	34390	91380	
23540	22800	108250	62480	67650	91060	76480	118490	105970	92830	41910	54680	89510	27260	83291	102320	95270	22200	72181	76240	7580	113020	90350	77340	25090	70490	28360	60120	53120	33650	88760	90111	18390	71910	49890	84320	105580	103470	21470	61101	118690	111870	22310	81990	73750	30710	38560	57320	24640	58230	68710	21450	41290	16080	55940	108550	54800	28950	0	57081	52800	14710	91941	101620	77490	69140	102450	113440	32080	62990	29190	42020	59850	72410	81820	42030	61090	64680	52731	13390	56180	102020	56460	98660	46200	111420	21950	107470	58680	117610	31870	19810	56340	32110	91230	119090	43670	52880	21840	58870	86710	
33171	42911	52730	61180	80510	115881	27280	72180	59200	37570	72021	9400	33010	60441	26210	127161	44040	37040	81610	24660	57380	57500	36120	88980	39431	55870	40851	90301	83231	29060	33500	93020	45970	20860	19140	109141	50090	48560	46211	103671	67180	63580	68480	94850	24580	43060	56360	93301	55661	37530	17900	40630	54150	43071	43270	57520	97941	63551	56601	0	65660	48591	92940	61610	28440	99791	54160	78720	39540	8710	58211	26140	10950	74500	84210	30890	22370	95441	96221	54830	26260	46760	82421	123501	99360	66470	47641	55100	35940	128751	48990	61601	91641	28420	42720	79670	95051	6940	55501	83491	29940	
39060	36230	102060	19450	17040	59240	67200	90000	78840	85730	34490	58370	88660	36190	81570	66640	83680	55370	21670	89750	58900	107360	96810	26730	31680	35940	70250	46470	38680	37090	82340	38520	64570	65010	72000	52510	99950	100600	34640	107312	95490	87200	73630	31930	89670	25490	16820	54320	32760	45730	82990	62660	12250	45800	31870	118740	60000	35950	52040	65430	0	38360	40350	74490	93440	54580	82320	80920	26520	73240	30910	40980	74550	23630	30280	37150	84670	52420	98942	64980	84460	93640	31090	63070	89720	84290	30270	93810	97860	85170	21970	45590	52660	47910	72800	88590	66220	65120	35940	29650	82200	
15620	10610	100100	49350	54040	76610	66590	104150	92990	84910	28030	46760	82171	13050	75371	87870	85860	26400	58571	71140	21560	104870	83910	63730	14090	57510	38050	46310	39240	25730	80840	76501	31460	63990	48460	69870	97430	97210	7860	71601	107760	100940	36290	68380	70030	17100	24950	48880	10190	47300	63810	30460	27680	12690	42960	104350	49820	16160	14700	49161	39190	0	78331	88640	73780	55800	91520	100460	19730	55220	14740	34100	54950	58800	68210	31990	62310	51450	63231	27640	61810	94100	42010	84210	56380	98440	8340	97350	69360	84760	18260	13270	47170	24190	80300	106110	46350	44960	8050	44420	78790	
74660	71930	104320	33530	29370	76420	81900	84180	75480	92610	71830	85150	104700	73361	101520	68050	85940	89920	22390	113740	97830	110800	115150	24120	67380	38290	105950	81270	74190	69780	93660	4940	100270	85330	103730	70790	105650	109970	72890	144731	92130	83350	112560	26390	117200	63090	55981	89450	71921	67990	110520	98360	52280	81500	52770	135560	96820	73121	91430	92920	40290	77750	0	70600	121060	77980	81580	67140	61100	99670	69121	67530	103570	20020	11400	63700	114630	83100	136361	101090	116190	95900	61300	68160	126891	79130	69660	95910	128200	116630	61390	83811	87790	82460	75060	75700	103560	95460	75101	56910	99460	
81100	81620	42590	56680	82130	132940	35020	17600	5800	35350	105820	58110	48960	95330	48090	135180	26900	91470	77880	63220	107520	49070	59410	84240	77070	40310	101521	120670	111790	70470	38190	72620	106640	40940	79810	126210	44170	49740	82890	159761	22450	14160	122250	90300	72720	73090	79790	127710	89590	48760	66470	101300	73510	91190	47360	75000	132350	98880	101600	61610	74570	88820	70180	0	76430	128280	14360	19100	70290	63130	91930	65370	68340	64100	71510	62270	82020	126620	151391	109650	87030	35450	105051	134220	144540	11890	82020	29940	95750	159420	74800	100230	126050	83800	19560	21050	133190	68120	91130	103851	45430	
59521	69261	49150	89440	108271	142821	45670	84890	72170	44570	98371	37650	32340	85590	29680	154081	52300	55350	109870	12830	74520	53920	24360	117240	65781	83980	52280	116651	109581	56821	40500	121280	60800	40960	31050	136081	46510	41270	72561	103080	75240	74980	81400	122611	4570	70821	84121	119651	82011	65640	13050	58710	81911	67770	71380	35270	123720	88700	77910	28740	93421	73740	121050	76170	0	126141	65360	93280	67301	23730	84561	54400	20460	102760	112470	59150	18170	121791	102690	69940	23500	53220	108771	150421	116160	79440	73991	59850	24830	189930	76751	86750	117991	52300	56900	92640	116900	29950	80650	110631	34890	
70130	61080	145460	72530	51810	29180	110070	145190	132900	128600	28970	96340	131530	43040	124440	46110	129340	81710	59280	123081	69000	150230	135851	56950	61920	89020	92570	9920	19760	73840	125210	74460	82120	107880	103040	22440	142820	143470	58330	99040	150980	141260	69590	52040	122351	61180	50640	18240	48650	90780	116321	85770	55920	68000	81731	156111	27540	42620	68500	99751	54300	55890	78630	128010	126101	0	135400	134710	63720	107161	44640	79600	107031	68990	70420	75680	116830	6590	90670	76010	116390	137600	32250	38880	80590	138350	53830	140830	123850	39530	58500	50620	16580	78770	123780	142380	41740	98060	48370	25420	125070	
79900	83960	29580	65900	91330	140710	28000	21410	8510	21820	111700	51090	35430	101080	35930	146240	13370	89690	87840	52050	108340	36060	45880	95210	79360	49050	94071	127710	118830	69270	24660	83610	99190	33490	72360	133980	31160	36710	85640	158740	17680	11580	121890	101290	61550	75840	86830	133010	92610	47520	55680	93850	80550	90380	53850	61990	137650	104330	102520	54160	82500	91570	81170	14350	65260	136050	0	31860	72990	53260	95160	64170	58530	75090	82500	61070	71230	133660	151520	108050	76240	21920	112091	143700	149790	15700	84770	18250	84960	166460	80580	105410	131350	80090	12390	28900	138440	60670	93880	110891	32530	
92810	93330	57240	61940	82940	138910	52120	20090	23600	53020	115060	75210	66630	107040	65190	133840	44570	103180	78690	80320	119230	63710	77080	85050	88780	46680	118621	127080	119250	82180	55860	70620	118430	58040	96910	132180	58820	64390	94600	171471	34370	27450	133960	90490	89820	84800	91500	134930	101300	64140	83570	114250	85220	102900	59070	89650	140610	110590	113310	78710	79990	100530	66730	19710	93530	134250	32030	0	82000	80230	103640	77080	85440	64910	70760	73980	99120	133030	163101	121360	104130	51180	111610	135130	156250	19300	93730	45620	112850	166530	86510	111940	133270	95510	36660	8990	144900	85220	102840	109970	62530	
14740	12320	83170	30800	41530	76681	47780	85450	74290	66310	37480	33480	68960	26860	60930	87961	67050	29790	46061	63720	38220	87940	74470	51220	7770	38810	46340	54510	46720	11060	62920	59820	40660	45590	45970	69941	80530	81180	14150	90661	88950	82130	52950	55870	63640	4350	17380	58760	21120	28490	56960	38750	15170	21890	24260	96400	63400	30110	32300	39400	26680	20080	61220	69940	67410	64000	72710	81760	0	47210	23670	16740	48520	41600	51010	12820	58640	60460	82291	41480	58430	75310	44490	84301	75440	79740	13280	78540	71830	93210	10010	31190	57100	22330	61490	87410	63150	39090	22390	44511	62780	
40601	50341	47900	68390	87720	123091	28980	73280	60300	34680	79451	16410	28410	67020	22890	134371	42330	40910	88820	17080	61250	52670	29010	96190	46861	62230	44721	97731	90661	36270	30610	100230	49840	22560	20500	116351	45260	42130	53641	107541	65350	64290	72350	102060	19500	50270	63570	100731	63091	43890	12140	44500	61360	49200	49630	49940	105140	70130	63180	8570	72870	55170	99300	63160	23360	107221	53550	80270	46750	0	65641	33350	6640	81710	91420	38100	21390	102871	100091	58700	25730	43870	89851	130711	103230	67570	55071	52210	35120	136181	56200	68180	99071	33730	44270	80770	101630	10510	62080	90701	27050	
28490	18800	105570	49010	43600	63380	70180	108730	96210	88710	16910	54850	90910	8830	82880	74640	89450	40370	49291	81441	36040	110340	94211	53290	20280	60730	52020	35190	28120	32200	85320	67221	45430	67990	61650	56640	102930	103580	16050	80002	111350	104530	48581	56360	80711	20690	19220	38190	5450	50890	74681	44430	24500	26660	46180	114471	42830	10690	29180	58111	30270	14740	69051	91860	84461	44680	95110	103680	23320	65521	0	39500	65391	53480	58981	35580	75190	40330	71632	42120	74980	97710	28780	70980	63711	101660	12190	100940	83330	73630	18840	18280	36530	37380	83890	109330	46060	56420	8630	31190	85180	
19430	25330	69200	35180	55150	91961	37690	80780	69100	54040	53270	18090	53570	42650	45540	103241	56480	29020	55910	49970	47500	73970	59430	63280	21360	37150	46830	70090	62300	8540	49970	67020	44270	33120	37540	85221	66560	67210	28790	100480	79620	73580	61530	69540	49890	20140	32660	74550	36910	19940	43210	40090	30450	29910	20910	81360	79190	45900	42050	25650	41150	34040	67770	65270	53750	79580	64160	77090	16930	33460	39460	0	36260	48500	58210	4890	47190	76040	93030	47300	48900	63230	60050	99581	87840	75070	29070	67970	60760	108790	25290	46750	72890	20680	52940	82740	78850	28020	38090	59791	47920	
40640	50731	50440	71480	89460	124291	34050	78870	65890	39220	79841	19690	30950	66700	27430	135551	46950	37710	91910	17620	58050	55210	31550	99150	47251	66020	41521	98121	91051	38010	35150	103320	46640	27630	17130	117551	47800	44670	54031	101860	69890	69630	69150	103800	16480	52010	65310	101121	63481	47680	10050	41300	63100	48880	53420	50200	104820	69810	60270	10780	74610	54850	103090	68380	20340	107611	59140	85490	48490	6630	66031	36440	0	84800	94510	41190	15170	103261	96510	55500	19360	48410	90241	131891	100030	73160	55461	56750	28900	174230	57940	67860	99461	33410	49490	86360	99950	11040	61760	92101	31590	
55070	52340	96830	16070	18960	70820	71710	78660	69090	85120	57740	66400	95440	59440	88350	70750	78450	70330	13890	97930	78240	103310	103590	20220	47790	28100	86360	67910	60830	50190	84760	20070	80680	71790	84600	64090	98160	102140	53300	128741	85740	77170	92970	26280	98200	43500	40160	76090	56100	52140	91520	78770	33150	61910	35060	125520	83250	59200	71840	73960	23470	58160	20000	64210	102060	69190	75190	65970	41510	81770	54250	48400	84570	0	10340	44570	95500	73860	120371	81500	97060	88410	47940	68210	112951	73560	50070	88420	109070	106610	41800	67980	74430	62870	67570	73630	89470	76330	59180	45740	88980	
64600	61870	105390	26000	19500	71890	80950	85730	76550	93680	61960	76160	105200	63491	98110	66940	87010	79860	12600	107690	87770	111870	113350	16430	57320	37340	95890	71400	64320	59720	94000	11500	90210	81550	94360	65160	106720	111040	62830	134861	93200	84420	102500	22470	107960	53030	46111	79580	62051	61900	101280	88300	41700	71440	44820	135280	86950	63251	81370	83720	30420	67690	11380	71670	111820	70490	82650	71840	51040	91530	59251	58160	94330	10290	0	54330	105260	75610	126491	91030	106820	96970	51430	64400	117021	80680	59600	96980	118830	109790	51330	73941	77920	72400	76130	79510	93690	86090	65231	47040	98740	
19540	23560	71570	31290	51260	87981	36180	77730	66050	54710	49290	22990	57640	38670	50440	99261	55450	30140	52020	54870	48080	76340	64330	59390	18960	34100	47950	66110	58320	8980	51320	63130	45390	33990	41360	81241	68930	69580	25960	101340	77350	70530	62390	65650	54790	16160	28680	70570	32930	16890	48110	41210	26470	30020	17860	86260	75210	41920	42160	30550	37260	31890	63880	62220	58650	75600	61110	74040	12950	38360	35480	4990	41160	44610	54320	0	52090	72060	93771	48160	53800	63710	56070	95601	87250	72020	25090	66940	65660	104810	21310	43000	68910	22510	49890	79690	74960	32920	34200	55811	51180	
48000	58790	60770	82270	99190	133770	48790	91090	78110	51440	89040	31600	41280	74060	38620	145030	59170	41600	102200	25350	57100	65540	38990	108880	56700	78070	34860	107320	100250	47740	47370	114110	43380	42370	16990	127030	58130	55000	63420	88470	82110	81850	63980	113530	17460	61740	75040	110600	70920	59730	17740	41290	72830	55410	65470	51780	110820	77170	61390	22520	84340	62210	114860	82320	18280	116810	71360	99430	58220	21270	75470	47230	15400	95590	105300	51980	0	112740	86090	52520	5630	60630	99720	141370	98690	85380	64940	68970	14120	172460	67670	75220	108180	40770	63140	98580	99000	21190	69120	101580	43810	
65480	56430	141940	72270	57010	34780	106550	142900	130380	125080	25450	91840	128010	38390	120920	51710	125820	77060	64480	118431	64350	146710	131201	62150	57270	88760	87920	6400	16240	69190	121690	79660	77470	104360	98390	28040	139300	139950	53680	94390	148390	138740	64940	57240	117701	57660	47120	13710	44000	87260	111671	81120	52400	63350	79340	151461	22890	37970	63850	95101	52960	51240	83830	126030	121451	6610	132790	134450	60200	102511	39990	76080	102381	74190	75620	72160	112180	0	86020	71360	111740	134080	28730	44480	75940	135830	49180	137320	119430	34310	54980	45970	12050	74120	120260	142120	37090	93410	43720	30620	121550	
74780	73061	145870	111801	109620	117670	121771	168261	155741	134020	73630	100511	125730	64100	121840	134600	140950	65150	116161	108990	47601	150640	124360	119310	76051	119961	56710	81390	82260	84640	129950	134091	49750	115681	84430	110930	143230	140100	70311	8690	164870	160690	35340	122380	103100	79551	87401	78590	68600	109450	101380	55250	90131	65800	105411	137840	73730	63260	52891	95341	98450	63551	135921	151391	102220	90410	151070	163211	82181	98560	71830	92390	94990	121251	125851	93320	85520	85950	0	49080	80750	143460	88550	127370	37400	161191	70791	151880	79280	39640	80711	54010	77610	79430	139440	168861	60880	89661	63500	97060	126000	
29610	33330	105170	71700	80500	103190	80530	125120	112850	92230	51760	57570	85440	39500	80870	115370	98320	22840	85031	72170	7890	109940	86280	90190	34310	79710	19920	66910	60770	39470	88160	100130	10110	75140	45820	96450	102530	99400	34520	57090	122240	117230	16400	94840	67600	41270	51610	64110	37690	64280	64640	15310	54140	20630	64010	103880	61460	39160	13500	54800	65650	27760	101530	109610	69160	75930	107810	121430	41300	58920	42240	47220	55780	81910	91320	48150	52170	71470	49640	0	47260	101500	66430	111710	47830	119410	35000	109840	49760	122030	44920	29410	63130	34260	96370	127080	48610	49120	34890	71920	84600	
47590	58380	65590	83870	99340	133920	52520	95910	82930	56260	88630	35290	46100	73650	43440	145180	63990	37280	102350	30170	52390	70360	44230	109030	56290	81760	30150	106910	99840	47890	52190	115710	38670	46100	16490	127180	62950	59820	63010	83700	86930	86670	59270	113680	22730	61780	75190	108630	70510	63420	22560	36580	72980	51090	69160	57050	106110	76760	56680	26210	84490	61800	116460	86850	23550	116400	76180	103960	58370	25600	75060	49060	19230	97190	106900	53810	5570	112890	81320	47810	0	65450	99870	141520	93980	90200	64770	73790	15070	167750	67820	73900	107620	40360	67960	103400	94290	22960	68710	101730	48630	
78960	85280	8990	77200	102290	147271	28340	38620	29430	10190	111600	48330	21950	100980	24710	158360	10300	83250	99960	40440	103780	15470	29810	107330	81310	61170	87061	128110	120320	68490	13440	97930	92180	31920	64100	140531	10320	15890	88270	148580	25450	28710	114880	113570	49940	78470	90220	132910	95240	56620	44850	86840	85270	89300	64810	41150	137550	104230	102000	47000	93460	93990	95490	35270	53600	137600	21700	51280	75620	44080	97790	63320	48310	88360	96820	63700	61010	134060	144510	101040	66020	0	116220	154891	147580	34850	87400	9220	74740	166810	83210	105310	131250	75130	21060	46850	138340	52850	96510	115101	20020	
53320	45340	124040	50330	33330	41080	88640	121931	109411	107180	15790	76960	110110	29770	103010	52790	107920	67840	40800	106271	59450	128810	118260	41040	45110	66820	79490	22750	15670	55220	103790	60180	72570	86450	86610	34340	121400	122050	42590	97390	127421	117771	66050	40180	105541	42290	27350	30930	32920	69350	99511	71900	31880	54130	58211	139301	38300	29530	56340	82941	31020	42210	62010	105061	109291	32240	111821	112510	44650	90351	28900	60220	90221	48190	51940	56300	100020	28700	89020	66460	99810	116180	0	49130	79550	114861	38090	119410	110800	61190	35210	38460	29270	62340	102301	120180	47520	81250	35100	9340	103640	
95200	87230	163330	81590	55170	17310	127930	149630	139210	146470	63770	117080	149400	74750	142300	10880	145810	110280	55430	149190	105950	168100	157550	49400	86990	95250	121930	47000	56840	95340	143080	64460	115340	125740	129360	17980	160690	161340	84480	136120	156060	147490	106670	42300	148501	83740	68680	55320	75360	108210	141510	114340	71170	96570	94350	185671	64620	74510	99090	123910	63380	84650	68630	134230	152251	39210	143620	134710	84770	131720	71340	100340	133030	68230	64380	96420	142980	44610	127750	112030	142710	155470	49260	0	117670	143880	79980	156260	153430	77070	76540	85200	53660	104220	134930	143270	78820	123370	78050	41580	142930	
69180	66050	152130	104421	100970	108290	122690	162850	150330	138670	64980	99370	132400	56230	127120	125220	142230	64820	107511	118180	42380	156900	133240	110660	69040	112950	64890	72010	73610	79290	134410	125441	55560	117990	90250	101550	149490	146360	63300	46020	165370	158690	35331	113730	114840	72540	80021	69210	60930	102740	109800	59410	82751	61560	98400	151440	64350	54610	46350	99230	89800	56540	127271	145980	116400	81030	150240	157800	75170	103350	64160	87660	100210	113010	117201	87350	98570	76570	37650	47860	93660	147940	79900	117990	0	155780	63411	153720	96160	77050	73331	46340	68230	75630	136670	163450	51500	93550	55830	88410	130850	
90810	91330	40770	66240	91580	143360	40920	7230	9370	36830	115530	64010	50440	105040	50940	144890	28380	101180	87330	66500	117230	46480	60890	93690	86780	49870	107361	130380	121500	80180	39670	80700	112480	46780	85650	136630	42350	47920	92600	169471	17140	8350	131960	99340	76000	82800	89500	137420	99300	59270	69740	107140	83220	100900	57070	73180	142060	108590	111310	67450	84280	98530	78260	11840	79710	138700	15700	19430	80000	67320	101640	75080	72590	73550	79610	71980	85290	136330	161101	119360	90300	35370	114761	144280	154250	0	91730	27430	99020	169130	84510	109940	135760	93010	24880	13390	142900	73960	100840	113561	47540	
18370	7500	95610	41480	46170	72310	60220	97780	86620	78750	26380	45150	81210	14540	73180	83570	79490	31250	50701	71821	28630	100380	84591	55860	10660	51140	42900	44660	37590	22500	75360	68631	36310	58030	51240	65570	92970	93620	4750	78671	101390	94570	43360	60510	71091	10730	17080	47660	9240	40930	65061	35310	19810	17540	36590	104851	51810	17650	21770	48491	31320	8090	70461	82270	74841	54150	85150	94090	13360	55901	12570	29540	55771	50930	60340	25620	65090	49800	70301	34710	64590	87750	38240	79910	63371	92070	0	90980	74210	83110	10390	18400	46000	26970	73930	99740	50360	46800	9600	40120	75220	
83900	89510	14500	76950	102040	150191	31260	30960	24120	18210	114520	53280	30870	103900	33340	159110	11800	91480	99710	49220	112190	20980	35570	107080	84910	60920	95291	131030	123240	73010	22070	97680	100410	34710	72730	143451	16080	21650	91190	157210	17440	21060	123510	114870	56750	81390	93140	135830	98160	56950	53630	95070	88190	94250	64560	46910	140470	107150	107210	55380	93210	97120	95240	29960	59360	140520	17650	45910	78540	52710	100710	67840	56940	88110	96570	66620	69640	136980	153140	109670	74650	9280	119140	155540	152610	27420	90320	0	81630	169730	86130	108230	134170	81860	21190	39420	141260	61480	99430	118021	28940	
61110	69880	71700	95840	112400	145390	62360	104780	91800	65130	96720	45170	53930	81740	51270	156600	72860	49370	115410	34470	54820	76470	46910	122090	69810	91640	32580	113830	107690	60950	61060	127680	41100	55940	30010	138600	69060	63820	73820	80230	95800	95540	61280	126740	25110	74950	88250	111060	78880	73300	31370	39010	86040	56800	79040	59380	108540	84850	59110	36090	97550	69270	128430	96010	24920	122850	85050	113120	71430	34960	83430	60800	29050	109160	118870	65550	14070	118420	79840	50240	15060	74320	110700	152940	96410	99070	74300	82400	0	170180	80880	76330	110050	53880	76830	112270	96720	34760	76800	113110	56480	
98980	89930	176600	110010	99070	67460	141210	180540	169380	159740	58130	125340	162670	70940	155580	95420	160480	113441	107790	151931	91001	181370	164701	104610	90770	127890	113511	39080	48920	102690	156350	122770	104181	139020	138871	60720	173960	174610	87180	43260	183620	177740	75450	99080	147430	91180	80850	46260	76800	121920	145171	108031	87060	96850	117690	186661	55440	70520	96291	128601	87620	84740	126940	163670	146500	39660	168490	178560	93810	136011	72540	109990	135881	114890	111600	106820	131840	34530	40980	95480	127070	168810	61410	86320	86040	174830	82680	171970	123310	0	89410	98791	44600	107620	157050	182500	69640	126910	77220	63300	156210	
22440	16190	90910	32640	36970	68720	55520	90240	79080	74050	32290	42210	76980	21890	69660	79630	74790	38750	41501	73130	38150	95680	83550	46660	13980	43600	51990	48510	40720	20470	70660	59431	45830	53330	55380	61980	88270	88920	14270	88191	95730	87440	52880	51310	73050	8870	7860	53570	16150	36240	66370	44400	10970	27060	29050	105820	58210	25140	31290	48810	22120	17610	61261	74730	76820	58000	80450	86550	9900	56620	18490	25470	57930	42090	51191	21550	68050	54460	79821	44230	67840	83050	35250	75970	72401	84530	9520	86280	81240	87210	0	27430	51910	31290	69230	92200	59120	48500	18630	36180	70520	
28510	23170	113200	59110	57440	77220	77860	117070	104550	96380	24030	59650	95061	10610	88261	88480	97120	38280	63851	84030	22470	117970	97340	67130	26660	68770	46040	42260	35240	38580	92990	81781	35590	75660	61350	70480	110530	110640	20420	62600	120260	112910	31260	70200	82920	28360	34710	42600	15110	58560	76700	39310	37440	24570	54220	117780	40080	11070	19810	62051	45880	13220	83611	100200	86670	51410	105130	112020	30990	68110	18340	46950	67840	68560	73541	43250	75200	46950	54230	29480	73380	105380	38700	84820	46050	110000	18100	108610	75880	117460	28020	0	40930	37080	91560	117670	34840	57850	10010	45030	91640	
60810	52580	138710	71750	59770	43730	103320	142380	129860	121850	22200	87990	124261	34090	117461	60660	122590	71980	67240	114581	55430	143480	127351	68540	53420	88240	79000	7750	15630	65340	118460	86620	68550	101130	93650	36990	136070	136720	49830	85470	145730	138220	56020	66190	113851	53830	46600	2240	40150	84030	107821	72270	51880	58270	78820	147611	11780	31810	56010	91251	52440	46020	88450	125510	117601	16470	130600	133930	56460	98661	36140	72640	98531	74630	78380	68720	107500	12010	77100	62440	107000	130850	28810	53430	67020	135310	45330	134080	110280	45320	51980	39810	0	69380	117030	141600	25980	89560	38980	37320	118320	
9980	20770	80830	50520	63140	96460	52400	97700	84720	65670	51020	29440	61110	36040	54310	107720	70470	14880	67671	49640	34500	85600	62410	72830	18680	55430	32690	69300	62230	13550	61600	81440	30130	47290	26960	89720	78190	75530	25400	87480	93610	89100	48530	77480	48530	24170	38610	71870	32900	38300	42310	25950	36780	18220	38090	82460	73310	39150	32200	28100	48290	24190	82840	83630	52280	78790	79680	95450	22410	33720	37450	20350	33450	63220	72630	22230	40810	74440	80030	34300	40310	74860	62410	104060	75560	91990	27160	81960	53830	107750	31620	37200	70160	0	68240	101100	70280	23460	31100	64270	58040	
68270	72330	29460	56170	81260	130640	16080	30020	17040	18130	97340	39170	30880	86720	29070	137330	11080	77770	78930	44200	96420	35940	41330	86300	67730	40140	82581	113850	106060	57640	20020	76900	87700	22000	60870	123910	30790	35120	74010	147290	27700	21420	110210	92540	53700	64210	75960	118650	80980	35890	47440	82360	70480	78750	43780	60710	123290	89970	90890	42670	72430	79940	74460	19390	57410	123340	12000	36500	61360	44190	83530	52540	49400	67330	75790	49440	62990	119800	139840	96220	68000	21040	101960	134470	135430	24310	73140	21210	76720	152550	68950	91050	116990	68170	0	37510	124080	49180	82250	100821	26260	
98360	98880	52750	69710	90710	146680	54040	12510	21110	49440	122830	77130	63050	112590	63550	142280	40990	108730	86460	79670	124780	56140	73500	92820	94330	54320	120541	134850	127020	87730	52280	79060	123980	59960	98830	139950	54330	59900	100150	177021	26790	20330	139510	98260	89170	90350	97050	142700	106850	66820	82920	119800	90770	108450	64620	85160	148380	116140	118860	80630	87760	106080	75170	21420	92880	142020	28880	9130	87550	80500	109190	82630	85770	72680	78530	79530	98470	140800	168651	126910	103480	47390	119380	143570	161800	13380	99280	39410	112200	174300	92060	117490	141040	101060	38060	0	150450	87140	108390	117740	60150	
61610	54900	145600	85950	75750	69020	110210	149430	136910	128740	33070	92750	128681	37580	121881	85950	129480	63090	83220	118610	42870	150370	131771	85440	58610	100490	65990	32860	36240	70530	125350	102020	55990	108020	90220	62280	142960	143610	52150	69430	152620	145270	39980	87120	115700	60080	57830	25250	43900	90280	110030	59710	63110	57670	85940	151870	15210	35750	43810	95371	66640	46320	103850	132560	117260	41760	137490	144380	62710	101430	45930	78890	100640	89850	93780	74970	99670	37300	61060	48960	94760	137740	47770	78720	50980	142360	49820	140970	97260	70610	59360	34870	25710	70180	123920	150030	0	91170	41730	56280	125060	
30680	41470	58140	63080	79790	114941	32370	77600	64620	43470	70710	13260	38650	56740	32110	126221	49460	30690	82800	26480	51030	62910	39250	89480	38120	60130	34501	88990	81920	28340	39400	94920	39620	26280	12790	108201	55500	52370	44900	97321	72600	69000	62130	94130	26210	42340	55640	91990	53600	41790	19720	34280	53430	38920	47530	59340	94860	59850	52900	5940	64940	44890	95670	67030	29960	98480	59580	84140	38820	10560	56900	28040	11070	76400	86110	32790	21110	94130	89871	48480	22890	52660	81110	122561	93010	71890	46330	60950	34680	127440	48270	57900	90330	23450	48140	85090	91350	0	51800	82771	35840	
22260	14290	104350	50220	50200	69980	68960	107880	95360	87490	20500	52570	88630	5520	80600	81240	88230	33770	55171	77780	28660	109120	90680	59890	18000	59880	45420	38780	31710	29920	84100	73101	38830	66770	55100	63240	101710	102360	11540	71642	110130	103310	40221	62960	76670	19470	25100	41350	5420	49670	70450	37830	28550	20060	45330	111120	42790	8630	21890	55801	36150	7950	74931	91010	80420	48270	93890	102830	22100	61860	8610	38280	61590	59360	64861	34360	68950	43920	63272	34830	68450	96490	34900	77580	55351	100810	9210	99720	76730	77220	19130	9920	39640	30830	82670	108480	41880	51600	0	37790	82980	
55450	47480	123811	49270	28920	35260	88411	121611	109091	106951	24020	78251	109881	35000	102781	45280	107691	70530	36390	108401	66200	128581	118031	34760	47240	65760	82180	30980	23900	56511	103561	55530	75590	86221	88740	28520	121171	121821	44730	105620	127101	117451	74280	33900	107671	44310	28930	39160	35610	69121	101641	74590	32341	56820	57891	139961	46530	34760	59340	84851	30670	44900	57600	104741	111421	26040	111501	111450	45941	92481	31590	61511	92351	45930	47530	57591	102150	31160	97250	72280	101940	115951	9510	41620	87780	114541	40230	119181	113490	63620	36790	45450	37500	64470	101981	119120	55750	83380	38300	0	103411	
62811	69700	23960	75800	96290	134871	20740	52370	40570	11540	99200	32750	7360	87400	6110	146151	19780	66180	96910	21980	86520	28730	17610	104280	65730	62750	69991	115710	107920	52910	8210	101890	75110	17810	47030	128131	21320	21670	73160	131400	42720	42460	97620	110540	31480	66070	77820	120510	82610	50650	26390	69770	72870	72711	56390	39430	125150	90510	86241	29930	82360	78231	99450	45700	35190	125200	32840	62810	63220	27010	85160	47740	31240	89120	98830	51300	43890	121660	127250	83970	48900	19930	103820	142491	130320	47840	74590	28650	56360	154410	70810	91120	118850	58060	26350	60600	124370	35780	82460	102701	0	

0	                                           Heywood	0	0	32400	0

1	                                         Radcliffe	689	3628	18228	1378
2	                                         Doncaster	702	8259	20508	1404
3	                                      Macclesfield	226	17976	29213	452
4	                                        Middlewich	150	23732	27939	300
5	                                       Yr_Wyddgrug	612	16919	24368	1224
6	                                      Stocksbridge	637	2162	13517	1274
7	                                        Shirebrook	284	7605	20985	568
8	                                          Staveley	704	19373	25992	1408
9	                                  Wath_upon_Dearne	292	9903	20854	584
10	                                      Saint_Helens	709	9218	23291	1418
11	                                           Meltham	238	1824	11166	476
12	                                         Hemsworth	233	3895	8010	466
13	                                           Hindley	342	12824	17165	684
14	                                           Royston	756	9699	11740	1512
15	                                 Rhosllanerchrugog	621	7587	21081	1242
16	                                         Rotherham	652	16595	24047	1304
17	                                             Bacup	310	8720	22362	620
18	                                          Sandbach	786	8660	14344	1572
19	                                         Lofthouse	297	14312	27918	594
20	                                         Blackburn	543	12513	22620	1086
21	                                         Armthorpe	411	11777	18360	822
22	                                        Pontefract	532	5522	19511	1064
23	                                             Crewe	121	12492	22958	242
24	                                         Prestwich	532	6466	10078	1064
25	                                            Buxton	283	8407	19327	566
26	                                            Nelson	513	6509	16134	1026
27	                                         Liverpool	619	3885	18239	1238
28	                                            Huyton	360	25787	28806	720
29	                                            Oldham	516	19124	26179	1032
30	                                          Wombwell	670	20978	27450	1340
31	                              Newcastle_under_Lyme	318	9064	13885	636
32	                                           Padiham	779	12053	24224	1558
33	                                         Penistone	158	7312	21937	316
34	                                        Queensbury	771	5050	7450	1542
35	                                          Hawarden	171	11720	24526	342
36	                                           Bentley	751	13158	21503	1502
37	                                          Carcroft	437	13231	27791	874
38	                                          Kearsley	565	8968	20379	1130
39	                                   Bolton_le_Sands	701	16897	18898	1402
40	                                           Worksop	617	16702	26674	1234
41	                                            Clowne	305	13752	18519	610
42	                                         Longridge	633	15581	20824	1266
43	                                          Nantwich	276	23483	28881	552
44	                                             Leeds	204	10379	20256	408
45	                                           Salford	459	24967	27820	918
46	                                        Partington	101	19833	29364	202
47	                                            Crosby	413	18287	25090	826
48	                                          Atherton	259	20705	23371	518
49	                                           Glossop	635	24370	27456	1270
50	                                            Morley	813	10443	23630	1626
51	                                           Burnley	392	26657	29290	784
52	                                        Altrincham	529	17976	25317	1058
53	                                        Ramsbottom	195	16856	19781	390
54	                                         New_Mills	450	1759	7507	900
55	                                             Selby	380	4959	15264	760
56	                                            Formby	169	4689	12066	338
57	                                Ince-in-Makerfield	230	2431	9808	460
58	                                            Darwen	351	17456	23709	702
59	                                      Huddersfield	486	5736	20619	972
60	                                         Knutsford	628	4197	14485	1256
61	                                            Bolton	423	15208	24217	846
62	                                    Stoke-on-Trent	284	12217	27157	568
63	                                      Chesterfield	696	8827	13877	1392
64	                                   Chapel_Allerton	258	11032	24801	516
65	                                         Bebington	678	17293	25025	1356
66	                                          Beighton	683	5371	14459	1366
67	                                          Alfreton	192	4652	12199	384
68	                                        Manchester	274	7766	16324	548
69	                                          Mirfield	662	13985	21226	1324
70	                                             Leigh	613	8640	13568	1226
71	                                           Mossley	530	2974	5060	1060
72	                                       Cleckheaton	731	12699	17376	1462
73	                                         Congleton	598	3583	18039	1196
74	                                         Kidsgrove	729	3190	10489	1458
75	                                       Stalybridge	498	14356	17946	996
76	                                           Shipley	687	8578	19182	1374
77	                                        Birkenhead	567	5589	19525	1134
78	                                         Lancaster	564	14061	19001	1128
79	                                     Great_Harwood	416	1801	4010	832
80	                                           Bingley	772	7195	10846	1544
81	                                       Conisbrough	155	11508	20702	310
82	                                           Runcorn	317	11511	25819	634
83	                                            Brymbo	650	10741	24970	1300
84	                                         Blackpool	519	10179	13921	1038
85	                                          Bolsover	695	17361	26593	1390
86	                                           Walkden	729	21060	23604	1458
87	                                            Maltby	804	8362	18867	1608
88	                                            Ilkley	321	17061	22902	642
89	                                        Donaghadee	261	5688	13370	522
90	                                           Urmston	702	20830	25659	1404
91	                                         Adlington	404	17511	20298	808
92	                                            Bootle	729	14941	28343	1458
93	                                            Wardle	514	18223	22729	1028
94	                                         Sheffield	779	8638	20876	1558
95	                                Sutton_in_Ashfield	530	20451	25501	1060
96	                                         Southport	766	18503	24691	1532
97	                                            Elland	304	8207	21895	608
98	                                      Westhoughton	695	26039	29083	1390
99	                                          Frodsham	231	19237	21657	462
100	                                          Cudworth	742	19030	27475	1484
