100

6350	3650

20	90

0	33640	51160	84200	97880	39890	23860	34230	65410	74070	35280	23780	28680	65960	8490	28380	34340	74170	57420	13530	30450	24970	29980	96800	32050	45200	26730	15440	30520	65900	41690	35140	82330	43040	81940	49240	57260	39370	25360	98690	57610	76940	29050	48290	20700	27630	56450	71970	42010	44410	76500	38880	89710	70470	90880	93830	62820	83531	16640	34780	79870	25910	22200	36490	69970	16730	45810	57610	98420	72131	42960	56620	32350	87860	64170	78760	30840	44440	80860	89020	33050	73490	38450	75960	42390	17960	68820	67240	80010	23220	53120	33890	93760	61340	71931	33000	65850	26140	57321	43220	13540	
33870	0	69680	89721	103381	6970	43120	12200	38600	50250	47450	43310	18050	51750	25910	11180	54470	60410	87911	21220	42010	51240	48980	72980	22800	47980	42200	19110	45760	43840	69230	66960	51570	21490	63290	81060	62781	61400	15430	84480	88890	51460	37190	80110	38300	6610	30970	52750	60190	49931	69730	53190	59320	56540	70760	61830	68341	55080	21890	20590	85391	57760	12620	5250	56330	50040	19380	40150	79410	44110	32770	43870	22540	93381	94661	49270	39160	15890	67100	57610	29690	78991	50170	61410	64590	19510	49030	56940	98890	13370	36990	9320	61740	61830	53250	16920	68640	32830	35190	32090	46850	
50310	69560	0	38880	50460	75680	69000	74230	89020	116901	29710	28970	75100	112200	55890	68160	21250	120590	90670	56500	76360	31980	22290	139861	50640	92570	72660	53830	76010	68990	27540	66490	119170	65341	126101	80590	13160	15630	58500	144930	89010	84580	36850	79640	33570	63720	72530	116321	9920	25420	123850	84200	126920	116830	134331	125930	22020	124440	63540	55920	38690	42130	61920	72070	116390	51330	73101	101531	142221	112820	89380	103040	78770	46110	97420	117980	76800	76591	127280	125210	44830	26070	32250	122200	18240	60530	112601	113660	39530	57050	98060	73840	129340	107250	70420	76110	111760	74300	99751	54300	49980	
84590	90300	39210	0	48160	96420	105950	98220	95250	139930	53040	63770	100190	138350	84650	92570	58330	146850	127750	82650	111640	69060	59370	161560	68680	121930	107910	79980	112030	68230	64620	103570	137030	75350	152251	117670	33610	52710	76540	171080	126090	81780	57390	116720	68090	84770	81590	141510	47000	41580	153430	120970	144790	142980	160481	132370	25070	142300	91840	71170	6420	79210	86990	90970	142710	88410	83730	126760	168371	133790	114830	129360	104220	10880	134500	136710	109560	90540	153540	143080	62070	16980	49260	148060	55320	86680	137790	139980	77070	79020	123370	95340	145810	138080	64380	101180	142590	102870	123910	63380	87060	
97400	103981	50230	47990	0	110101	117100	111210	118270	153611	65580	76310	113000	151710	97460	105380	69350	160210	138770	95460	124450	80080	70390	179821	81730	134740	120720	92790	124110	94850	75640	114590	150021	94011	165611	128690	44720	63730	89590	184440	137110	110440	70200	127740	80630	98451	101590	155191	58020	56460	166300	132300	157781	156340	173841	154921	41350	155291	104650	84851	48850	90230	99800	104531	156130	99430	101771	140441	182181	147401	127640	142930	117030	55330	145520	149701	122370	105261	166900	156071	75010	34460	61780	161710	66340	99490	151471	153550	88090	91830	137051	109021	160201	150890	96070	113990	155400	115680	137591	83050	98080	
39850	7010	75600	95601	109261	0	48080	11860	34100	45610	53370	49290	18020	47130	31890	14490	60450	56340	93771	27200	44410	57220	54900	68340	28680	47950	44600	25090	48160	44610	75210	73150	45280	25250	58650	87250	68661	67380	21310	79860	95080	51780	43110	86300	44280	12950	31290	48110	66110	55811	65660	55590	53030	52090	66120	55540	74221	50440	26850	26470	91271	63740	18960	6740	53800	56020	19700	35530	74770	39470	31320	41360	22510	99261	99720	44630	41560	13320	63030	51320	35570	84871	56070	56790	70570	25850	44390	54430	104810	19290	32920	8980	55450	59320	54320	15470	66560	35200	30550	37260	52830	
23750	42870	68330	105290	116870	47860	0	37660	76320	71740	55660	44160	31360	58210	21330	34030	49030	58280	46911	25860	8600	41440	48160	92930	45180	24810	5380	28570	8190	78520	53990	27730	85370	56170	74050	41830	78340	54220	38490	83660	48930	88800	50130	40510	41160	37910	68310	67540	59310	65490	54650	16420	91750	57060	84480	102710	83900	83770	21580	47910	100950	30080	30920	47220	52150	18740	56720	55080	86140	72510	32330	48720	34830	108940	53661	79990	9520	55350	63020	91060	50500	92480	58830	67360	56510	30290	64590	46400	112550	36350	52020	39480	99660	39490	87930	35890	44000	13980	57700	59420	20270	
34080	12440	74420	97621	111281	11860	37220	0	44980	44100	53460	46650	6620	41670	25830	6440	57810	50330	82750	22080	33270	53490	52850	67080	30700	36550	33460	22270	37020	53400	72350	64180	50200	31050	55230	78280	70681	64740	23330	74400	85380	60730	43200	76960	41640	13880	40240	44990	64930	57831	59650	44450	57560	46460	63000	66420	76241	52440	18530	28490	93291	59680	13410	13670	46250	50620	28650	30070	71350	41420	21070	33790	11110	101281	88580	46630	30420	22440	57020	56870	37590	86891	56180	51330	67930	19670	41270	45350	103380	19610	26910	3270	63660	50240	62810	5220	57210	24060	28000	40000	47430	
65590	38510	89350	95230	118240	34090	76330	44970	0	67400	67240	70160	51170	72910	57630	46820	82130	82120	119841	52940	75840	81140	70900	83110	46830	81100	76030	50830	79590	28090	95670	98890	57160	28490	83710	112990	77140	87050	43610	105640	120820	20140	55970	112040	67210	39100	17750	73170	82140	65070	91440	87020	59570	77870	87140	37850	77890	64170	55100	39570	89790	89480	45880	33820	81760	81760	23460	61770	99830	60000	64430	72890	55620	97770	126591	59390	72990	24440	88810	57600	49010	90690	66710	82570	89990	52720	68430	85080	121300	44600	61420	42200	51290	92030	37270	48580	99270	66300	55570	35800	78570	
73811	50480	116761	139091	152751	45520	71120	43900	67410	0	96220	88991	45481	21750	65561	50270	100151	30690	110370	64421	64820	95831	95191	23170	71820	54591	66970	64611	68570	87540	114911	100230	18230	68770	22760	114680	112151	107081	64450	46750	119090	86650	85920	113010	83981	55000	74220	10750	107271	98991	40010	70561	23480	26280	21630	49020	117711	15070	58261	69610	134761	99870	56401	50210	31290	89560	62630	18120	37850	9830	41000	30200	44450	142751	117440	12480	63220	53980	34310	22790	78710	128361	98940	24720	110271	62171	8000	37160	145721	62110	21230	44520	34590	44580	97250	42660	50800	62100	17260	80780	87161	
35050	47840	29500	53530	66760	53960	56350	53770	67960	97240	0	12690	55480	92560	39380	47940	22400	101060	85920	37930	63710	23670	11780	120221	26320	76660	60010	35260	63360	51050	35560	62350	97290	43041	106461	76450	26350	25250	34180	125290	84820	66640	12530	75500	17010	42000	51470	96681	20010	13740	107970	71590	105050	97190	114691	101930	32150	102560	46790	31600	49200	40690	42280	50350	96980	44480	50310	81891	122581	91100	70120	83780	59510	57190	92670	96260	64150	52530	107750	103340	20510	42370	5230	102560	28190	41960	92961	94400	58450	34700	78420	52470	107470	92810	54800	56470	97320	57600	80111	32160	39670	
23560	43110	28950	64250	77480	49360	44860	46370	70330	89041	12780	0	47240	84340	28030	40300	14360	92730	74160	28640	52220	12700	7380	112001	27110	65500	48520	25970	51870	57740	29120	50590	93070	44330	98241	64690	37070	21290	32620	117070	73060	71880	15190	63740	5520	37100	53840	88461	19460	24460	96810	60100	100810	88970	106471	102720	42870	97050	35680	32390	59920	29720	34060	45960	88530	32720	51180	73671	114361	85690	61520	75180	50910	67910	80910	91240	52660	53320	99420	99100	22880	53100	15950	94340	24480	32670	84741	85800	57900	30480	70200	45980	103230	81650	61960	48250	86160	46440	71891	34530	27910	
28700	18240	75050	100020	113700	17750	30990	6570	50950	46121	55650	47280	0	38100	20450	9690	58440	46310	76520	20710	27040	50710	53480	68220	34570	29930	27230	23420	30790	59070	69570	57950	54870	36720	54080	72050	73080	65110	27530	70830	79150	66530	45390	70730	42960	18320	46040	44110	65560	60230	55630	38220	62230	42610	62610	72470	78640	55181	13150	32690	95690	54420	14640	19470	42110	45240	34450	29750	69860	43781	15100	28760	4490	103680	82350	51300	24190	28240	53000	61540	40930	89310	58370	48100	68130	19320	40960	39380	104010	22510	25260	9070	68530	44270	68480	4650	50590	17830	28971	44200	42050	
65810	51470	112160	136720	150400	46940	57840	41640	73030	21610	92350	84390	37850	0	57560	46530	95550	9800	87940	57820	50190	87820	90590	38420	70390	35600	54010	60290	53260	90550	107530	83860	38300	70580	17060	99430	109780	102220	63020	33400	101430	92270	82090	97220	79660	53570	77230	13230	102670	96930	19120	50420	43550	5550	27490	69090	115340	34110	50260	68180	132390	86620	52050	51630	9810	76280	65640	11740	32600	29810	29110	14280	36120	140380	93770	32550	50950	59260	16490	42860	77280	126010	95070	10840	105950	56430	14530	15680	173200	59920	16150	43090	54660	23100	100260	38390	29320	50210	17480	79690	77810	
8510	25740	55800	84210	97890	31990	21560	26070	57510	65910	39290	28030	20520	57800	0	20270	39190	66010	63231	5630	27250	31460	34230	88100	24950	38050	23520	8340	27640	58800	49820	42280	74170	35940	73780	56380	57270	45860	18260	90530	64210	69840	29060	55430	23760	19730	49350	63810	46310	44420	69360	36580	81530	62310	82310	85930	62830	75371	8920	27680	79880	34230	14090	28590	61810	25050	37910	49450	89560	63971	34800	48460	24190	87870	69981	70600	25680	36540	72700	80840	29800	73500	42010	67800	48880	10060	60660	59080	84760	16120	44960	25730	85860	54200	68210	24840	58710	18990	49161	39190	21860	
28320	11230	68430	92140	105820	14470	34000	6480	46750	50500	47770	40660	9490	46730	20070	0	51820	55230	79691	16090	31540	47500	46860	73480	25800	38830	31730	16280	35290	50030	66360	59770	54530	27680	60631	73870	65200	58750	18430	79460	81700	59230	37510	72920	35650	9220	38740	50851	58940	52350	64550	42720	61890	51360	68861	69320	70760	56770	12770	23590	87810	53690	7420	14400	51150	44860	27150	36061	76751	45800	24170	37830	13560	95800	86441	50960	28690	24790	61920	61210	32480	81430	50490	56730	61940	13680	47131	48450	97390	13920	32590	6090	67710	53340	59440	10640	59490	22330	34281	35100	41670	
33620	54280	21260	58220	69800	60530	49660	57540	82060	100211	21970	14010	58410	95510	39200	51470	0	103900	72430	39810	57020	12050	10940	123171	38790	73230	53320	37140	56670	69470	16130	48250	104230	56010	109411	62350	32100	9300	43790	128240	70770	83610	26630	61400	17730	48270	65570	99631	12240	33020	103070	64900	111990	100140	117641	114490	40960	109271	46850	44070	58030	23890	45230	57130	99700	31990	62860	84841	125531	97670	72690	86350	62080	65450	79180	102830	57460	64740	110590	110270	34610	45410	24510	105510	12490	43840	95911	94820	50110	41650	81370	57150	114400	87910	73400	59420	92420	57610	83061	46260	30640	
74320	60080	120670	145330	159010	56300	58520	50250	82390	30560	100960	92900	46360	10210	66070	55140	104060	0	86520	66330	50870	96330	99100	45940	79000	36280	54690	68900	53940	99910	112240	84540	47250	79190	21690	100110	118390	110730	71630	32010	102110	101630	90700	96350	88270	62180	86590	22180	111180	105540	12750	51100	52500	4820	33600	78040	123950	43060	58770	76790	141000	87300	60560	60990	6580	76960	75000	21100	33500	38850	33630	20760	44630	148990	92350	41500	51630	68620	11430	51810	85890	134620	103680	14210	114560	64940	23480	12270	173880	68430	25510	51700	63610	19690	109620	46900	25740	54730	26840	88300	78490	
57210	88001	90410	127370	138950	93320	47601	82260	119961	109030	85380	73630	75960	87810	63551	80051	72210	85950	0	68081	50120	67790	77250	127880	87401	56710	51801	70791	49080	121251	73730	41940	124340	98391	102220	37400	101250	76300	80711	102280	26610	132291	81850	33540	71620	82181	111801	101380	81390	97060	79280	39560	130640	85520	115030	148170	110110	121840	67601	90131	127180	48760	76051	91041	80750	45120	100361	91990	110580	110151	70050	84430	79430	134600	7070	118740	52140	98991	87650	129950	88350	114560	88550	95750	78590	72511	101880	74440	39640	78571	89661	84640	140950	67100	125851	80490	63080	59280	95341	98450	48450	
13410	20940	56360	82190	95870	27190	25990	22180	52710	64851	37800	28590	20660	57940	5450	16110	39750	66150	67661	0	30740	32020	34790	87811	19600	40260	27950	2990	32070	53450	50880	46710	70230	30590	73920	60810	55250	46420	12910	90670	68640	64490	27560	59860	23650	14930	44000	63950	46870	42400	71570	41010	77590	62450	82281	81130	60810	72470	9540	22330	77860	38210	9870	23790	61950	29950	33110	49481	89700	61500	34940	48600	24330	85850	74411	66660	27890	31740	72840	76900	24920	71480	40520	67940	49440	5260	60551	59220	85320	10770	45100	21790	81060	56410	62860	24060	60920	21200	47701	33840	26760	
30830	41970	76360	111230	124900	44370	8330	33310	75930	65080	63690	52190	27010	50280	27280	31560	57060	50350	50640	30880	0	49470	56190	86030	50200	16880	4900	33590	4910	78130	62020	35860	78710	55780	66120	49960	84290	62250	43510	75730	54060	88410	56080	48640	49190	37520	67920	60880	67340	71440	46720	12340	85090	49130	76550	99150	89850	77110	22500	50360	106900	38110	30530	45470	44220	26770	56330	48420	78210	65850	25670	42060	30480	114890	56470	73330	3190	54860	55090	84400	55520	100520	66860	59430	64540	31840	57930	38470	89040	38880	45360	35690	94560	31560	87540	31540	36070	10330	51040	61870	28300	
25700	52330	31670	68630	80210	58580	42550	55060	80900	97731	23830	12300	51910	89190	32220	48990	12120	97400	68080	33490	49910	0	13940	120691	37060	66120	46210	33960	49560	69080	21960	43890	102280	54280	106931	57990	42510	17560	42060	124870	66410	83220	26240	57040	16000	46320	65180	95210	22650	35510	95960	57790	110030	93700	115161	112540	51370	106791	40350	42340	68440	19530	42750	55180	93200	26480	61130	80840	123051	95260	66190	79850	55580	75860	74820	100880	50350	63010	104090	108330	34220	55820	27000	99190	20580	38490	92050	87710	60520	39930	76350	54670	112450	80800	73010	56230	85310	50770	80551	45870	24380	
29490	48600	21960	58920	70500	54720	48860	52510	71280	95181	11770	7060	53380	90480	34170	46440	11480	98870	77850	34780	56220	13940	0	118141	29640	71640	52520	32110	55870	58690	25020	54280	98210	46361	104381	68380	32800	16760	37500	123210	76750	72830	15850	67430	11660	42760	54790	94601	12470	22820	102270	64100	105960	95110	112611	105510	41230	103490	41820	34920	58280	30960	40200	51110	94670	36410	53630	79811	120501	91860	67660	81320	57050	66150	84600	97020	56660	55850	105560	104250	23830	46110	14310	100480	19710	38810	90881	91940	50910	36090	76340	52120	108380	87110	62620	54390	91620	52580	78031	35480	31600	
96660	73180	139741	160941	180091	68220	92140	66880	83200	23170	119651	111971	68040	38510	87870	73250	123131	45680	127960	87401	85690	118710	118171	0	94850	73750	87990	87591	89590	107570	137891	122200	26760	88800	26520	136650	134001	130061	87430	40030	140460	100960	109391	134980	106961	77980	94250	25540	130251	121151	49310	88570	26260	41550	15530	55780	139561	19210	80450	91320	156611	122420	79381	72210	46880	112720	82660	39980	28780	30040	61870	51020	66310	164601	133470	25220	84090	74010	41370	27920	101700	150211	122270	32140	133251	85151	28820	53090	168701	85090	43090	67500	36920	60510	117280	65640	64490	82970	40240	100810	110040	
31490	22820	50460	68110	82140	28940	44780	30740	46620	72220	26070	27160	34190	70650	24240	25590	39330	79310	86451	19140	49530	37660	29730	94950	0	58620	46740	16150	50860	40270	54090	64931	71590	20440	84210	79031	41170	45880	7850	103380	87401	53320	15400	78081	23160	17290	33010	73760	40970	28320	88630	59800	79340	75440	91770	76970	46730	76860	28330	7860	63780	50360	20610	24620	75230	47080	26390	59050	100330	66080	48830	62490	38220	71770	93201	71240	46680	27990	86000	77630	6890	57750	27390	80310	48820	22270	70040	73110	79670	12040	55890	27860	81760	74770	45771	35460	79280	39990	56200	17060	43040	
45050	48180	92400	121510	135190	47690	24370	36510	80890	54581	76590	65330	29940	36050	37880	39060	73100	36120	57290	40200	16900	65510	71530	73800	58700	0	20330	42910	19970	86590	78060	50570	68211	64240	51890	64670	94570	78290	52010	61500	65990	96470	66360	62490	61060	45980	75980	48610	83380	81720	32490	17890	74591	34900	62320	92911	100130	66611	31820	58820	117180	53330	38990	49410	29990	42810	64390	37921	63980	55351	21440	31561	32710	125170	63120	62831	16580	58180	40860	73901	64620	110800	79310	45200	80580	40780	47431	24240	138010	47340	34861	39010	84061	17330	96000	34580	21840	22260	40541	70330	44340	
26940	42310	72700	107510	121190	44710	4940	33650	76270	66970	60030	48530	27350	54100	23560	31900	53400	54170	51651	28090	4860	45810	52530	88160	47410	20350	0	30800	7950	78470	58360	32470	80600	56120	69940	46570	80570	58590	40720	79550	53670	88750	52360	45250	45530	37860	68260	62770	63680	67720	50540	16170	86980	52950	80090	99490	86130	79000	22840	50140	103180	34450	30870	45810	48040	23110	56670	50310	82030	67740	27560	43950	30820	111170	58401	75220	4400	55200	58910	86290	52730	96800	63200	63250	60880	32180	59820	42290	120770	38580	47250	36030	95650	35380	87880	31880	39890	10900	52930	61650	24640	
15830	19370	54150	79910	93590	25620	28630	22890	51140	65641	35520	26380	23300	60580	8090	16820	37540	68790	70301	2990	33380	32950	32580	88601	17080	42900	30590	0	34710	50930	51810	49271	69320	28070	74841	63371	52970	44470	10390	93310	71280	61970	25280	62421	21370	13360	41480	65061	44660	40120	74210	43650	77070	65090	83071	79560	58530	73180	12180	19810	75580	39140	10660	22220	64590	31420	31540	50271	90961	62210	37580	51240	26970	83570	77051	67370	30530	30170	75480	75360	22400	69200	38240	70580	47660	6950	61341	61860	83110	8250	46800	22500	79490	59050	60340	24850	63560	23840	48491	31320	28230	
30850	45750	75930	111710	124470	48150	7890	37090	79710	68840	63260	51760	30790	53320	27760	35340	56630	53390	49640	32290	4950	49040	55760	90030	51610	19920	8030	35000	0	81910	61460	33730	82470	59560	69160	47830	84770	61820	44920	78770	51640	92190	56560	46510	48760	41300	71700	64640	66910	71920	49760	11730	88850	52170	79590	102930	90330	80870	26280	54140	107380	36490	34310	49250	47260	26340	60110	52180	81250	69610	29430	45820	34260	115370	55470	77090	6970	58640	58130	88160	56930	100080	66430	62470	64110	35620	61690	41510	122030	42660	49120	39470	98320	34600	91320	35320	39110	14110	54800	65650	27870	
65410	43700	69190	68210	95120	44570	78240	53070	28100	87520	50220	57740	58800	90540	58160	49880	69710	99750	120371	53060	77750	68720	58480	107600	40160	86360	77940	50070	81500	0	83250	98851	83080	23150	102060	112951	56980	73150	41800	123270	121321	16790	43550	112001	54820	41510	16070	91520	67910	45740	109070	88930	86730	95500	108960	62940	55000	88350	57010	33150	62770	82020	47790	40710	97060	80630	26890	78940	118180	80460	73480	84600	62870	70750	127121	82760	74900	34500	106440	84760	36930	67570	47940	100200	76090	54630	87800	97670	106610	44270	76330	50190	78450	102510	10340	57790	107020	68210	73960	23470	75820	
41620	69050	27670	64630	76210	75300	54580	72310	96110	114981	35250	28780	69260	106540	49570	66240	16170	113290	73860	50840	61940	21990	24990	137941	53560	78150	58240	51310	61590	83520	0	49680	119000	70780	124181	63780	38510	12130	58560	135950	72200	97660	40680	62830	32500	63040	79620	112560	18770	46300	109660	67390	126750	111050	132411	129260	47370	124041	57700	58840	64440	26780	60000	71900	107160	36910	77630	98190	140301	112440	83540	97200	72930	71860	80610	117600	62380	79510	118030	125040	48660	51820	37790	116540	11160	55840	109400	100030	56520	56420	93700	71920	129170	92830	87360	73580	96750	63950	97831	60310	35560	
35370	66820	66860	103820	115400	73180	28210	64290	98780	100350	62560	50810	57990	84120	42370	59670	48660	84190	41820	46900	35630	44240	54430	122490	65851	50720	32410	49241	33690	98840	50180	0	113330	76841	100850	17370	77700	52750	59161	107420	28250	110741	59030	17120	48800	61000	90251	95300	57840	74240	80560	38690	120600	82970	112090	128140	86560	112620	47220	68581	103630	25210	54870	69860	78060	21410	79180	82110	113560	100270	59360	75750	61460	111050	48570	108600	36550	77810	88980	119910	65530	91010	65730	94160	55040	51330	92350	72310	89890	57021	79050	65120	127770	65400	103031	62520	68220	40610	84730	75630	25630	
82130	51620	119180	136471	150131	45280	84270	50080	57210	18180	96950	93180	54780	38420	73880	54230	104370	47360	125000	69870	77970	101240	98480	26850	71800	67741	80120	68980	81720	83100	119130	113210	0	64330	36250	127880	109531	111300	64790	60240	132480	76450	85810	126110	88170	57200	69780	27450	109690	96681	56680	83711	8280	42950	33210	32820	115091	7910	66580	66850	132141	107760	61200	47740	47960	98770	58190	31770	49540	12890	54150	44870	55810	140131	130830	6650	76370	49540	49610	7590	77230	125741	97800	40250	114490	67460	24670	53240	148390	62870	33530	48380	19390	61250	92810	50180	67470	72310	27680	76340	95580	
42640	21430	65551	74950	93941	25160	55930	30800	28480	68750	42280	44630	36530	70710	35390	27610	56800	79370	97601	30290	55480	55130	45940	88830	20540	64090	55670	27300	59230	23230	70710	76081	64310	0	82560	90181	53341	62090	19030	103440	98551	35720	31010	89231	40630	19240	15230	72020	57180	40491	88690	66660	72060	75500	90030	61930	55300	69580	34740	13020	70530	65680	25520	19780	75290	58230	10260	59110	98680	61690	51210	62830	40600	78520	104351	63990	52630	17070	86060	70350	22430	67870	41691	80370	65030	31960	68300	75490	95880	21500	55950	27920	72760	80240	32640	35520	84750	45940	54460	12890	55040	
81990	64110	126141	150421	164101	59150	74520	55371	83980	22310	106051	98371	54030	16910	73740	60231	109531	21350	102690	73801	66870	104010	104571	26480	84121	52280	70690	73991	69940	102760	123720	100640	35940	83100	0	116160	123481	116461	76751	24050	118160	103220	95791	113950	93361	67301	89440	13050	116651	110631	24830	67100	40860	18170	12990	67450	129041	29680	66440	81911	146091	103400	65781	63840	23500	92960	77850	25320	16910	30630	45570	31050	52300	154081	107760	31620	67630	70550	14910	40500	91011	139711	108771	7630	119651	71551	18340	29710	189930	73901	29950	56821	52300	37110	112470	52531	39270	66670	28740	93421	94490	
49540	80990	81030	117990	129570	87350	42380	78460	112950	114850	76730	64980	72160	99720	56540	73840	62830	99790	37650	61070	49800	58410	68600	136990	80021	64890	46580	63411	47860	113010	64350	17540	128210	91011	116400	0	91870	66920	73331	122050	20470	124911	73200	5910	62970	75170	104421	109800	72010	88410	96160	49661	135100	98570	127640	142320	100730	127120	61390	82751	117800	39380	69040	84030	93660	35580	93350	96610	129110	114770	73530	90250	75630	125220	44400	123100	50720	91980	104530	134410	79700	105180	79900	109710	69210	65500	106850	86480	77050	71191	93550	79290	142230	79570	117201	76690	79191	54780	99230	89800	39800	
57050	63631	13530	33480	45060	69751	78410	70860	77340	113261	25230	35960	72650	109730	57110	65030	32370	118230	101790	55110	84100	43100	33410	134201	41380	94390	80370	52440	84490	57310	38660	77610	109671	53661	123631	91710	0	26750	49240	142460	100130	72900	29850	90760	40280	58101	60850	113851	21040	13740	125700	93430	117431	114360	131861	114250	12100	114941	64300	44501	30540	53250	59450	64181	114150	62450	61421	99061	139751	107051	87290	100950	76680	38530	108540	109351	82020	64911	124920	115721	34660	20670	21430	119730	29360	59140	110131	111570	51110	51480	95590	68671	119851	110540	58740	73640	115050	75330	97241	42620	61100	
39130	61190	15660	52620	64200	67440	55060	64450	87240	107121	25270	20920	65320	102420	45650	58380	9300	110810	76730	46720	62420	18090	16710	130081	45600	78630	58720	44050	62070	73630	12280	52550	111140	62321	116321	66650	26500	0	50700	135150	75070	88790	31810	65700	24640	55180	70750	106541	6940	36320	109910	70260	118890	107050	124551	121400	35360	116181	53760	50880	52430	28190	52140	64040	106610	37390	69590	91751	132441	104580	79600	93260	68990	59850	83480	109740	62860	71650	117500	117180	39790	39810	27810	112420	3610	50750	102821	100220	44510	48560	88280	64060	121310	93310	77380	66330	97820	64200	89971	51440	36040	
24860	15430	58000	75970	90000	21550	38150	23350	43600	64830	33930	32290	27220	63260	17610	18300	43450	71920	79821	12510	42900	40440	37300	87560	7860	51990	40110	9520	44230	42090	58210	58301	64620	19230	76820	72401	49030	50380	0	95990	80771	53130	23260	71451	27280	9900	32640	66370	48510	36180	81240	53170	72370	68050	84380	72020	54590	69660	21700	10970	71640	47900	13980	17520	67840	40450	24000	51660	92940	58690	41900	55380	31290	79630	86571	63850	40050	22660	78610	70660	14750	65610	35250	72920	53570	15640	62650	66180	87210	5410	48500	20470	74790	68140	51191	28070	72650	33360	48810	22120	37260	
98750	84410	145140	169660	183340	79770	83700	74580	105860	46160	125290	117370	70790	33360	90500	79470	128530	31980	102850	90760	76050	120800	123570	40240	103330	61460	79870	93230	79120	123380	135780	107450	59790	103520	23990	121720	142720	135200	95960	0	119770	125100	115030	116180	112600	86510	110060	36860	135650	129870	31560	69700	62690	31500	29810	91300	148280	53530	83200	101120	165330	110810	84990	84460	34830	102190	98470	44570	11420	54480	60740	45910	69060	173320	107840	55470	76810	92090	21180	64350	110220	158950	128010	26060	138890	89370	42190	38250	193260	92860	48980	76030	73350	44930	133090	71330	39570	81840	50310	112630	103720	
57670	88650	89160	126120	137700	95010	49020	85100	120610	119350	84860	73110	78800	101740	64200	81470	70960	101810	26530	68730	54060	66540	76730	141490	88050	66280	53220	71440	51640	121140	72480	28440	133220	99040	118420	20160	100000	75050	81360	119700	0	132940	81330	16300	71100	82830	112450	114300	80140	96540	96480	48700	139600	100590	129660	149980	108860	131620	69020	90780	125930	47510	76700	91690	95680	43640	101010	101110	128000	119270	78120	94510	82270	133350	33280	127600	56540	99640	105110	138910	87830	113310	88030	111730	77340	73160	111350	86960	85600	79220	98050	86920	149240	79710	125331	83330	78230	61420	103730	97930	47930	
76390	51320	84770	82450	110750	51550	88630	60840	20150	86610	65800	71800	66690	92120	69140	59120	83770	101330	131351	64040	88140	82780	72540	100910	53360	96620	88330	61050	91890	16720	97310	109831	76370	35660	102920	123931	72560	88690	52780	124850	132301	0	57610	122981	68880	51400	21380	92380	83490	61320	110650	99320	77490	97080	106350	51190	70580	83380	67400	45810	77010	96080	58180	47690	100970	91980	33870	80980	119040	79210	81380	91580	71180	84560	138101	78600	85290	41480	108020	75520	50950	83150	63520	101780	91630	65020	87640	104290	122530	55250	80630	57650	67800	109540	20950	65530	116780	78600	74780	37440	88790	
28970	37180	36640	57150	70830	43300	50330	43160	56460	86270	12250	15170	44950	82030	29030	37330	27140	90530	82040	27410	56020	26150	15910	109691	15400	66310	52290	24740	56410	43870	40680	58470	86120	31541	95931	72570	30210	32060	23260	114760	80940	58010	0	71620	13600	31350	39970	86151	27150	17360	97620	65350	93880	86660	104161	90640	35770	91390	36440	20260	52820	41580	31750	39690	86450	40320	38810	71361	112051	80440	59590	73250	48980	60810	88790	85600	53940	41360	97220	92170	9010	46440	14970	92030	35000	31440	82441	83870	65590	23780	67890	41830	96300	82460	47800	45940	86970	47250	69581	20660	35510	
48530	79980	80020	116980	128560	86340	40581	76661	111940	112721	75720	63970	70361	97490	55530	72830	61820	96130	33400	60060	48001	57400	67590	134861	79011	62660	44781	62401	46061	112000	63340	17250	125981	90001	114170	5340	90860	65910	72321	116190	16220	123901	72190	0	61960	74160	103411	107671	71000	87400	91760	46030	132971	94910	125410	141310	99720	124991	60380	81741	116790	38370	68030	83020	90000	34570	92340	94481	124490	112641	71731	88121	73831	124210	40150	120971	48921	90970	101560	132281	78690	104170	78890	107480	68200	64490	104721	84250	75040	70181	91421	78280	140421	77040	116191	74891	75560	52981	97101	88790	38790	
20550	38330	33300	68280	81510	44580	41850	41590	66690	84261	17030	5530	42480	79560	23770	35520	17670	88060	71890	23860	49210	16000	11730	107221	22850	61240	45510	21190	48860	54880	32430	48320	88280	40070	93461	62420	41100	24600	27840	112290	70790	69020	13700	61470	0	32320	50980	83681	23810	28490	92550	57090	96030	84190	101691	98340	46900	92270	31420	28130	63950	29540	29280	41180	83980	30450	46920	68891	109581	80910	57120	70780	46510	71940	78640	86460	48870	48790	94750	94320	20320	57120	19980	89560	27790	27890	79961	81400	62250	25700	65420	41200	98450	77390	59071	43470	81900	42180	67111	31670	25640	
28040	6460	64000	84301	97961	12820	38220	13940	38810	55500	41770	37480	18260	53850	20080	9340	48640	62510	82291	15390	37730	45410	43300	78480	17380	46340	37920	13280	41480	41600	63400	61340	56880	19250	67410	75440	57361	55570	10010	86580	83270	51290	31510	74490	32470	0	30800	56960	54510	44511	71830	48910	64630	58640	74970	67140	62921	60930	16990	15170	79971	51930	7770	9780	58430	44210	19210	42250	83530	49960	32940	45970	22330	87961	89041	55120	34880	17840	69200	62920	24270	73571	44490	63510	58760	14610	53240	57220	93210	7690	39090	11060	67050	62110	51010	18660	67000	28190	39400	26680	41020	
55970	30900	72880	81070	101540	31130	68210	40420	17760	74080	50770	53690	46270	77100	48720	38700	65660	86310	110931	43620	67720	64670	54430	94160	33090	76200	67910	40630	71470	16100	79200	89411	69640	15240	88620	103511	60670	70580	32360	109830	111881	21450	39500	102561	50770	30980	0	78080	65670	48600	95630	78900	74030	82060	95520	54670	61420	74910	46980	25540	75790	77970	37760	27270	83620	71560	13450	65500	104740	67020	60960	71160	50760	83770	117681	69320	64870	21060	93000	72060	32840	73990	50240	86760	73520	44600	74360	84230	104370	34830	62890	37230	67180	89120	25910	45110	96360	58180	60520	19330	68370	
71950	53050	116331	140611	154291	48090	66900	45130	72920	10750	96241	88561	43990	13420	63700	50421	99721	22360	102040	63960	60600	93970	94761	25580	73560	48660	62750	64181	64350	91700	113680	95080	27470	72040	13160	109530	113671	106651	66190	37020	113420	92160	85981	107860	83551	56740	78380	0	106841	100691	31530	63480	32450	17950	18970	58260	119231	21270	56400	71350	136281	97330	55971	52780	22960	85340	66790	15280	28570	19070	36780	25930	42260	144271	109570	21720	59000	59490	24180	32030	80450	129901	98961	14590	109841	61741	6030	28830	183730	63850	19620	46260	43830	36250	101410	42721	42470	57880	17680	82860	85300	
41420	60640	9540	46500	58080	66760	60110	65340	83360	108011	20790	20050	66210	103310	47000	59270	12360	111700	81780	47610	67470	23090	13370	130971	41720	83680	63770	44940	67120	69150	18650	57600	110250	58441	117211	71700	20380	6740	49580	136040	80120	84740	27930	70750	24650	54800	66870	107431	0	31840	114420	75310	118000	107940	125451	117760	29240	115520	54650	47000	46310	33240	53030	63150	107500	42440	65710	92641	133331	103900	80490	94150	69880	53730	88530	109060	67910	67930	118390	116290	35910	33690	23330	113310	9470	51640	103711	104770	38490	48130	89170	64950	120420	98360	72900	67220	102870	65410	90861	47560	41090	
44840	51471	26040	41620	56540	57591	66200	58650	65760	100871	13290	24020	60440	97520	44900	52820	33370	106020	97250	42900	71890	35000	22750	122041	28930	82180	68160	40230	72280	45930	46530	73680	97511	41501	111421	87780	13830	36220	36790	130250	96150	61520	17640	86830	28340	45941	49270	101641	30980	0	113490	81220	105271	102150	119651	102031	20240	102781	52090	32341	37290	52020	47240	52021	101940	55810	49261	86851	127541	94731	75080	88740	64470	45280	104000	97191	69810	52751	112710	103561	22320	32150	9510	107520	39160	46930	97921	99360	63620	39270	83380	56511	107691	98330	47530	61430	102840	63120	84851	30670	51000	
76440	69330	122850	152940	166670	65550	54820	59500	91640	39810	107980	96720	55610	19460	69270	64390	103550	12750	79840	71590	47170	95960	102680	49440	88250	32580	50990	74300	50240	109160	108540	80840	56500	88440	24920	96410	125960	108740	80880	31530	96500	110880	97750	91780	92450	71430	95840	31370	113830	113110	0	46690	61750	14070	37100	87290	131520	51270	63210	86040	148610	83600	69810	70240	15060	73260	84250	30350	33470	48100	41120	30010	53880	156600	84910	50750	47930	77870	10350	61060	95140	142280	110700	17710	111060	72170	32730	16980	170180	77680	34760	60950	72860	15450	118870	56150	16420	53390	36090	97550	74790	
39080	53070	83750	120530	132290	55470	16120	44410	87030	70871	71490	59990	38110	50820	36580	42660	64860	50890	40100	41110	12270	57270	63990	88570	60430	18200	16090	43820	11710	89230	67070	38690	84501	66880	66660	50010	93590	69640	53740	69610	48720	99510	65380	46030	56990	48620	79020	63380	74730	80740	46610	0	90881	49670	77090	109201	99150	82901	33600	61460	116200	42100	41630	56570	44760	34570	67430	54211	77910	71641	31540	47440	41370	124190	45930	79121	14290	65960	54980	90191	65750	107900	74660	59970	71930	42940	63721	39010	78500	49980	51151	46790	100351	31760	98640	42640	30410	21430	56831	72970	36100	
89680	59400	126960	144251	157911	53060	91000	57600	59730	23650	104730	100960	62300	43890	81400	61750	112150	52830	131730	77390	84700	109020	106260	26300	79580	74471	86850	76760	88450	86920	126910	120350	8370	72110	41130	134800	117311	119080	72570	62500	139210	77590	93590	133130	95950	64980	74330	32330	117470	104461	62150	90441	0	48420	36160	32440	122871	12120	74100	74630	139921	115540	68720	55520	53430	106320	65970	38500	51250	20410	60880	51510	62540	147911	137560	13600	83100	57320	54490	2020	85010	133521	105580	45130	122270	74980	30140	58710	156170	70650	40260	55900	13600	66720	96100	57700	72940	79830	34410	84120	103130	
70460	56120	116810	141370	155050	51980	57100	46290	78070	26120	97000	89040	42500	5770	62210	51180	100200	4800	86090	62470	49450	92470	95240	41520	75040	34860	53270	64940	52520	95590	110820	83120	42810	75230	18280	98690	114430	106870	67670	31490	100690	97310	86740	94930	84310	58220	82270	17740	107320	101580	14120	49680	48060	0	29500	73600	119990	38620	54910	72830	137040	85880	56700	56670	5630	75540	70680	16780	32640	34410	31820	16990	40770	145030	91920	37060	50210	64300	11490	47370	81930	130660	99720	10880	110600	61080	19040	11840	172460	64570	21190	47740	59170	19260	105300	43040	25480	52920	22520	84340	77070	
90850	70870	134371	158651	172331	65910	84160	63170	86710	21390	114281	106601	62480	27830	82190	68461	117761	33600	115720	82031	77790	112900	112801	15630	91380	63200	80010	82221	80860	108740	132521	112390	32960	89860	13090	127910	131711	124691	84010	29630	129910	105950	104021	125700	101591	74560	95420	18940	124881	118861	37230	78020	36250	29540	0	64470	137271	26700	74890	89170	154321	115150	74011	70600	34870	104710	83830	33770	18380	29510	54040	41970	60750	162311	120790	28640	76260	75180	27940	37520	98270	147941	117001	20060	127881	79781	22880	41080	201680	81670	37670	64080	46910	48500	118450	60761	52300	75140	35720	100680	104230	
93990	61870	126310	132510	154751	55530	102900	66410	37860	48530	101740	103140	72610	68770	86030	69310	114620	77710	148371	81340	99160	111490	105660	55680	77110	92801	99350	79230	102910	62890	129380	127420	32710	61960	67710	141520	114100	121550	72120	91700	149350	51140	90410	140570	98340	67450	54710	57750	117990	101171	87030	108771	32310	73300	64670	0	114850	39370	81670	70830	127070	118010	73820	57990	78310	110160	54700	58860	80630	41490	79210	71090	77060	133970	154550	38000	96310	51320	81070	30470	81530	127720	102371	71670	124740	80710	55020	82910	156740	73110	59400	63730	21110	90230	70300	70020	97350	89950	52890	72020	106970	
62950	69581	21980	25090	41260	75701	84310	76760	77870	119211	31400	42130	78550	115630	63010	70930	40820	124130	110240	61010	90000	51550	40860	140151	47040	100290	86270	58340	90390	54640	47110	86060	115621	55120	129531	100160	12030	35200	54900	148360	108580	70230	35750	99210	46450	64051	61380	119751	29490	19940	131600	99330	123381	120260	137761	114780	0	120891	70200	50451	20760	61700	65350	70131	120050	70900	63500	104961	145651	113001	93190	106850	82580	28750	116990	115301	87920	70310	130820	121671	40430	15720	27620	125630	37810	65040	116031	117470	59560	57380	101490	74621	125610	116440	55860	79540	120950	81230	103181	43150	69110	
82781	55260	124440	141731	155391	50300	82820	52420	64300	15040	102210	97150	54451	34180	74531	56570	108900	43120	122800	72210	76520	104580	103350	19250	76930	66291	78670	72400	80270	88360	123660	112170	7860	69590	30010	126620	114791	115830	69560	54000	131030	83540	91080	124950	91850	61200	75040	21210	114950	101941	51180	82261	12290	38710	26970	39370	120351	0	67231	72110	137401	109481	63540	53000	43720	100051	63450	29970	43300	13570	52700	42900	54360	145391	129380	6050	74920	54800	43370	11600	82490	131001	103060	34010	119020	69800	21440	49590	153650	67540	32080	50720	23400	57010	98070	51630	63230	72131	26230	81600	96131	
16610	21740	63560	91520	105200	26730	21670	18690	55190	58530	46770	35790	13140	50420	8870	12900	46950	58630	67361	9610	22420	39220	41990	80540	28930	31940	22610	12320	26170	57390	57920	47360	66790	35040	66400	61460	64580	53620	22240	83150	69290	67670	36540	60510	31520	16780	47180	56430	54070	51730	63250	33600	74150	54930	74930	81580	70140	67991	0	29620	87190	42330	9790	26090	54430	33150	35590	42070	82180	56591	27420	41080	16810	95180	74111	63220	19570	34220	65320	73460	34250	80810	49490	60420	56640	10200	53280	51700	92520	18140	37580	18350	79970	48090	66800	17460	52600	12880	41781	41130	29960	
34530	20690	55550	70561	84221	26760	47820	28610	39470	70040	31160	32580	32480	68520	27280	23560	44750	77180	89491	22180	50280	43080	34820	91420	7870	58890	49780	19190	53900	33250	59510	67971	66900	12980	82080	82071	43621	50970	10920	101250	90441	45860	19890	81121	28580	15160	25550	71630	46060	30771	86500	61460	74650	73310	89640	70840	49181	72170	29540	0	66231	55780	20320	20840	73100	50120	19240	56920	98200	63900	47160	60640	36550	74221	96241	66580	47430	22140	83870	72940	11310	59831	31880	78180	53910	24610	67910	71440	84760	13390	53760	25730	77070	75040	41700	33330	79550	40740	54070	12260	46930	
80530	86140	39510	6470	49590	92260	101890	94060	89800	135770	48980	59710	96130	133210	80590	88510	58630	141710	128050	78590	107580	69360	58440	157400	64620	117870	103850	75920	107970	62780	64920	103870	132870	71190	147111	117970	30690	53010	72480	165940	126390	76330	53330	117020	64030	80610	76140	137331	47300	37520	149370	116910	140630	137840	155341	126920	21010	138140	87780	67010	0	79510	82930	86810	137630	88710	79570	122541	163231	129630	110770	124430	100160	8790	134800	132550	105500	86380	148400	138920	58010	17280	45200	143210	55620	82620	133611	135050	77370	74960	119070	91180	140360	134020	58930	97120	138530	98810	119750	59220	86690	
25990	57570	42090	79050	90630	63820	30790	59770	89340	100521	40810	29280	54430	87310	34240	53700	23890	87380	48980	38200	38150	19470	30920	123481	49260	53910	34450	38670	36880	81290	26840	24800	107520	65890	104040	38900	52930	27980	48210	111070	47320	95430	41450	37950	29560	51560	77390	97690	33070	52490	83750	42510	115270	86160	115280	117780	61790	109581	42390	54540	78860	0	47460	60420	81250	12940	69740	83360	116750	98181	60730	78140	58100	86280	55730	105700	38590	68370	92170	113560	47950	66240	43980	97350	30270	43200	94570	75500	110310	46070	78870	59380	117690	68590	85481	58750	71870	40520	83071	58080	15480	
22370	12540	62060	86340	100020	18900	31030	13500	45960	57071	41970	34290	14620	52260	14270	7430	45450	60470	75821	9720	30540	41130	40490	80031	20970	39150	30730	9910	34290	48160	59990	54870	61550	25810	66271	68970	59400	52380	14280	84990	76800	58440	31710	68020	29280	7550	37950	56491	52570	46550	69790	41720	68910	56770	74501	73760	64960	63790	9800	20390	82010	47320	0	16880	56270	38910	26360	41701	82391	52820	29260	42920	18650	90000	82571	57980	27690	24990	67160	68220	27250	75630	44690	62260	55570	7420	52771	53540	91020	8910	38230	13110	73670	55300	57570	16280	59810	21000	39921	31900	35720	
36010	6850	71450	90471	104131	9100	46510	15540	34910	52380	49220	45450	21390	53900	28050	15440	56610	63110	90261	23360	45700	53380	50750	74870	24070	51320	45890	21250	49450	41110	71370	69310	50350	19980	65420	83410	63531	63540	17060	86630	91240	48280	38960	82460	40440	9470	27790	54880	61960	50681	72430	56880	58100	58860	72890	60610	69091	55620	25280	20840	86141	59900	16060	0	59290	52180	16200	42300	81540	46240	36090	46830	25880	94131	97011	50030	42850	11950	69800	56390	30960	79741	51460	63560	66730	22900	51160	59900	100660	15140	39690	12360	60520	64790	50820	20240	71980	36480	37320	31690	48990	
70050	56270	116400	141520	155200	53810	52390	46440	81760	30940	97150	88630	42090	10000	61800	51330	99790	6590	81320	62060	44740	92060	94830	46800	75190	30150	48560	64770	47810	97190	106110	78410	47630	75380	23550	93980	114580	106310	67820	34840	95980	101000	86890	90220	84360	58370	83870	22560	106910	101730	15070	44970	52880	5570	34770	78130	120140	43440	54500	72980	137190	81170	56290	57500	0	70830	72280	20470	36680	38600	27500	16490	40360	145180	87150	41880	45500	65900	13750	52190	82080	130810	99870	16150	108630	60670	23860	7070	167750	64160	22960	47890	63990	14490	106900	42630	20680	48600	26210	84490	72360	
16690	49970	51200	88160	99740	56220	19320	50680	81740	89690	44320	32570	45130	76290	24940	44830	31900	76360	45170	29980	26680	26350	36190	112250	47680	42890	22980	31070	26330	80220	36860	21270	99170	58670	92130	35370	62040	37090	40990	101790	43740	92570	40540	34420	30560	43960	72080	85490	42180	55900	72730	34550	106550	75140	103370	110180	70900	99981	33090	50410	87970	12800	38650	52820	70230	0	62140	73030	104840	88581	49260	66670	48800	95390	51920	95600	27120	60770	81100	105860	47040	75350	47490	85440	39380	34410	82540	64480	106780	38850	69570	50340	110090	57570	84411	49450	62080	29050	73771	57010	6690	
46000	19430	73561	83280	101951	19660	56740	28950	23390	62610	49970	51390	34800	65630	38040	27230	63560	74840	100251	33350	56250	61890	53630	82690	26680	64730	56440	31240	60000	26890	78320	79300	58170	10300	77150	93400	61351	69780	24020	98360	101230	34060	38700	92450	47390	19510	13570	66610	64870	48501	84160	67430	65920	70590	84050	54620	63630	63440	35510	19420	78860	69890	26290	15800	72150	62170	0	54030	93270	55550	49490	59690	39290	86850	107001	57850	53400	9590	81530	64210	30120	76200	49701	75290	72720	33130	62890	72760	103570	25010	51420	25760	65450	77650	36600	33640	84890	46710	49050	21220	58980	
57650	40120	101491	125771	139451	35340	54480	30290	61890	18100	81401	73721	29690	11740	49400	35581	84881	20950	93321	49151	48180	79660	79921	40110	59040	37951	50330	49341	51930	78950	99370	82010	32180	59230	25300	96460	98831	91811	51670	44470	100870	81130	71141	94790	68711	42220	65630	15330	92001	85981	30270	53921	38340	16700	33830	58810	104391	29980	42100	56830	121441	83370	41131	40030	20590	72920	54040	0	41420	19920	24360	13810	27960	129431	99151	26580	46580	47660	27640	37650	65930	115061	84121	21400	95001	46901	12320	24470	130451	49251	4770	31740	49080	31810	88660	27881	38910	45460	6340	68340	71000	
98220	79700	141961	166241	182161	74740	86350	71191	99570	37490	121871	114191	69820	32510	89530	76051	125351	33430	111160	89621	78700	120270	120391	29080	99941	64110	82520	89811	81770	118350	139980	113040	49250	98690	16860	128560	139301	132281	92571	11490	128080	118810	111611	124490	109181	83121	105030	28520	132471	126451	33510	78010	51530	32600	18650	80760	144861	42990	82230	97731	161911	115800	81601	79430	36640	105360	93440	41140	0	45800	61280	46480	68090	169901	116150	44930	79460	86140	23120	53190	106831	155531	124591	21950	135471	87371	33520	40190	201570	89721	45770	72641	62190	46980	128060	68351	47880	82380	44330	109241	106890	
71431	44290	112930	133101	146761	39330	72130	41400	60020	9800	90650	85970	43101	29820	63181	45600	97500	38920	110971	61240	65830	93180	92170	30050	65960	55601	67980	61430	69580	80480	112260	100310	12940	61710	31080	114760	106161	104430	58590	55070	118650	79260	80390	113090	80800	50230	67160	19070	103440	93091	48240	71571	20300	34510	29780	41520	111721	13570	55881	63750	128771	97201	52570	44020	38700	87971	55570	19870	46110	0	42010	32970	43010	136761	116801	7760	64230	46920	42630	19610	72850	122371	93350	33040	107620	58830	16290	43620	142140	56570	21520	39750	31010	50960	90190	40280	58060	60781	14880	73720	84781	
42990	33020	89340	114610	128290	31270	31700	21080	64390	40990	70240	61570	15030	29350	34740	24330	72730	33690	70610	35000	25400	65000	67770	61940	49160	21420	27550	37710	29150	73770	83860	59230	54620	51420	45570	73330	87670	79400	42170	60730	78040	81310	59980	72010	57300	32960	60820	36790	79850	74820	41130	31210	61000	31820	54110	79320	93230	53020	27440	47330	110280	61030	29230	34250	27560	49890	49230	24330	61110	41760	0	17970	13300	118270	76440	49240	23800	43020	40850	60310	55520	103900	72960	39350	82420	33610	33840	24280	147530	37100	21270	23850	70470	29170	83180	15940	36410	21100	26950	58840	50560	
56700	43620	103050	128320	142000	41390	48090	33790	72800	30240	83950	75280	28740	14720	48450	38040	86440	20690	85020	48710	41790	78710	81480	51160	62540	31561	43940	51420	45540	84540	98050	75620	45190	62730	31000	90070	101380	93110	55170	45900	94430	91710	73690	88400	71010	45720	71220	25970	93560	88530	30010	47500	51350	16990	41430	71020	106940	42990	41150	60330	123990	77870	42940	44850	16490	66530	59630	13840	46430	32930	17970	0	27010	131980	90850	39590	40190	53250	27380	50660	69230	117610	86670	24670	97050	47320	23090	16350	164270	50810	12760	35240	62090	23300	94250	29280	30540	39070	18650	71840	68060	
32440	22720	78790	104060	117740	22230	34500	11050	55430	44410	59690	51020	4480	36300	24190	13780	62180	44510	80030	24450	30550	54450	57220	66420	38610	32690	30740	27160	34300	63220	73310	61460	55770	40870	52280	75560	77120	68850	31620	69030	82660	71010	49430	74240	46750	22410	50520	42310	69300	64270	53830	41050	62290	40810	60810	76950	82680	54310	16890	36780	99730	58160	18680	23950	40310	48980	38930	27950	68060	42910	13300	26960	0	107720	85860	50530	27700	32720	51200	61600	44970	93350	62410	46300	71870	23060	39160	37580	107750	26550	23460	13550	70470	42470	72630	7080	49710	21340	28100	48290	45790	
88150	93760	46080	10740	55390	99880	109510	101680	97370	143390	56600	67330	103750	141820	88210	96130	65200	150410	134620	86210	115200	75930	66060	165020	72240	125490	111470	83540	115590	70350	71490	110440	140490	78810	155811	124540	38310	59580	80100	174640	132960	83900	60950	123590	71650	88230	83720	144970	53870	45140	156990	124530	148250	146540	164041	134080	28630	145760	95400	74630	8980	86080	90550	94430	146170	95280	87190	130220	171931	137250	118390	132920	107780	0	141370	140170	113120	94000	157100	146540	65630	23850	52820	151520	62190	90240	141250	143540	83940	82580	126830	98800	147930	141640	66500	104740	146150	106430	127370	66840	93930	
64410	95201	97610	134570	146150	100050	54801	88990	127161	117620	92580	80830	82690	94540	70751	87240	79410	92680	8070	75281	56850	74990	84450	132890	94601	63440	59001	77991	55810	128451	80930	49140	131640	105591	107100	44600	108450	83500	87911	107120	33810	139491	89050	40740	78820	89381	119001	109240	88590	104260	84160	46290	138020	92250	119910	154900	117310	130040	74801	97331	134380	55960	83251	98241	87480	52320	107561	98720	115420	116881	76780	91160	86160	141800	0	126020	58870	106191	92530	137330	95550	121760	95750	100630	85790	79711	108961	81170	35870	85771	96391	91370	147680	73830	133051	87220	68100	66010	102071	105650	55650	
78660	49450	118090	136141	149801	44490	78720	46610	59400	12450	95810	91340	50351	32690	70410	50760	103020	41630	119210	66400	72420	98770	97390	25260	71120	62191	74570	66590	76170	82770	117790	107830	6700	64000	31950	122280	109201	109950	63750	55940	126690	78640	85480	120610	86040	55390	69450	21720	108600	96351	50950	78161	13410	37220	28910	38230	114761	6050	63110	66520	131811	104960	57730	47410	42230	95300	57860	26220	45240	7760	48600	39320	50260	139801	125040	0	70820	49210	45280	12720	76900	125411	97470	35690	113140	63990	18940	47510	147300	61730	27980	44910	24520	55520	92480	46710	61740	68031	22130	76010	92031	
30830	39130	76860	109350	123030	41530	9100	30470	73090	63250	64190	52690	24170	51290	25720	28720	57560	51360	52700	28040	3220	49970	56690	84200	47360	16630	4410	30750	6970	75290	62520	36630	76880	52940	67130	50730	82410	62750	40670	76740	56600	85570	54200	49410	48900	34680	65080	59050	67840	69560	47730	14400	83260	50140	76370	96310	87970	75280	19660	47520	105020	38610	27690	42630	45230	27270	53490	46590	79220	64020	23840	40230	27640	113010	58530	71500	0	52020	56100	82570	52680	98640	67150	60440	65040	29000	56100	39480	124930	36040	43530	32850	92470	32570	84700	28700	37080	7490	49210	59030	28800	
44560	15860	76660	90040	105321	13370	55300	22740	24460	53960	52270	53670	28590	59340	36600	24940	64910	68550	98811	31910	54810	61900	55930	74040	27940	58520	55000	29800	58560	34500	79670	77860	49520	17060	70270	91960	64721	71840	22820	92070	99790	41670	41000	91010	48740	18070	21180	59730	67170	51871	77870	65990	57270	64300	75400	51320	70281	54790	34070	22040	85620	68450	24850	11170	65860	60730	9590	47740	86390	46900	43210	53400	33080	93610	105561	49200	51960	0	75240	55560	32420	80931	52990	69000	75020	31690	54990	66470	105870	23570	45130	19550	59690	71360	44210	27360	78600	45270	42130	27980	57540	
80950	66710	127300	151960	165640	62930	63230	56880	89020	34260	107590	99530	52990	16680	72700	61770	110690	11430	88250	72960	55580	102960	105730	41200	85630	40990	59400	75530	58650	106540	117300	89300	49340	85820	14990	104820	125020	117360	78260	21180	105250	108260	97330	101580	94900	68810	93220	24300	117810	112170	10390	55100	54260	11450	27800	80850	130580	43080	65400	83420	147630	92060	67190	67620	13740	81670	81630	27730	23120	42580	40790	27390	51260	155620	93320	45020	56340	75250	0	53900	92520	141250	110310	10300	119820	71570	29030	17160	178590	75060	32140	58330	65700	23860	116250	53530	24830	61800	33470	94930	83200	
88860	57610	125170	142461	156121	51270	90180	56780	57710	22830	102940	99170	61480	43070	80580	60940	110360	52010	130910	76570	83880	107230	104470	27910	77790	73651	86030	74970	87630	84900	125120	119530	7550	70320	40630	133980	115521	117290	70780	64110	138390	75570	91800	132310	94160	63190	72310	31830	115680	102671	61330	89621	1970	47600	37590	30530	121081	11300	73280	72840	138131	113750	67900	53730	52610	105500	64180	37680	52860	19590	60060	50690	61720	146121	136740	12780	82280	55530	53990	0	83220	131731	103790	44630	120480	74160	29320	57890	154380	68860	39440	55080	11920	65900	94080	56880	72120	79010	33590	82330	102310	
33090	29720	44330	61310	75410	35840	50060	37640	49370	79120	19940	22860	40740	77550	29520	32250	34830	86210	88940	24420	54810	33840	23600	101730	6890	64330	52020	21430	56140	36940	48370	65370	77210	22750	91110	79470	34370	39750	14750	110280	87840	51080	8670	78520	20500	24190	33040	80660	34840	21520	95530	65080	84960	82340	98670	81430	39930	82480	33610	11350	56980	48480	27270	31150	82130	47220	29900	65950	107230	72980	55380	69040	44770	64970	95690	76890	51960	32450	92900	83250	0	51020	20660	87210	42690	28250	76940	79660	73280	18700	62790	34760	87380	80480	42411	41730	84990	45270	63100	13730	42410	
73120	79701	26090	16920	34440	85821	92960	86930	90880	129331	41300	52030	88720	127430	73180	81100	45210	135930	114630	71180	100170	55940	46250	150271	57450	110460	96440	68510	99970	67460	51500	90450	125741	67940	141331	104550	20490	39590	65310	160160	112970	83050	45920	103600	56350	74171	74200	130911	33880	32180	142020	108160	133501	132060	149561	128460	15720	131011	80370	60571	16730	66090	75520	80251	131850	75290	76320	116161	157451	123121	103360	118650	92750	24150	121380	125421	98090	80981	142620	131791	50730	0	37500	137430	42200	75210	127191	129270	63950	67550	112771	84741	135921	126610	68680	89710	131120	91400	113311	55970	73940	
38150	50180	32240	49130	62360	56300	59450	56600	66820	99580	5060	15790	58310	95390	42210	50770	25140	103890	89020	40760	66810	26770	14520	122270	27350	79490	63110	38090	66460	48190	38300	65450	97740	41821	109291	79550	21950	27990	35210	128120	87920	63780	15360	78600	20110	44650	50330	99511	22750	9340	110800	74690	105500	100020	117521	102351	27750	103010	49620	31880	44800	43790	45110	51680	99810	47580	49581	84721	125411	93440	72950	86610	62340	52790	95770	97420	67120	52980	110580	103790	20630	37970	0	105390	30930	44790	95791	97230	61190	37450	81250	55220	107920	95640	51940	59300	100150	60430	82941	31020	42770	
76070	61240	122420	146891	160571	56460	67510	51410	82550	24660	102521	94650	48110	10800	67820	56701	105810	14180	96410	68080	59860	98080	100850	32340	80160	45270	63680	70461	62930	100070	117790	93630	40430	80350	7940	109150	119951	112480	72790	26130	111150	101790	92261	106940	89831	63340	86750	14700	112930	107101	17810	60090	45350	10890	20000	71940	125511	34170	60520	77950	142561	96390	62251	61150	16220	85950	75160	21260	22010	32980	39570	24770	46380	150551	101480	35630	60620	68780	10260	44990	87050	136181	105241	0	116121	66690	20070	22430	182920	70180	25670	52860	56790	29850	109780	48650	32990	60670	27000	89460	87480	
41380	64350	18400	55360	66940	70600	57090	67610	90170	110281	28200	24080	67590	104870	47900	61540	12460	113080	78760	49170	64450	20340	19650	133241	48530	80660	60750	47210	64100	76560	11110	54580	114300	65251	119481	68680	29240	3190	53860	138310	77100	91720	34740	67730	27800	58340	73680	109701	9680	39250	112170	72290	122050	109380	127711	124560	38100	119341	56030	53810	55170	30220	55300	67200	108880	39420	72520	94911	135601	107740	81870	95530	71260	62590	85510	112900	64890	74740	119770	120340	42720	42550	30740	114870	0	53910	105981	102540	47250	51720	91440	67220	124470	95340	80310	69490	99850	66450	93131	54370	38070	
17910	19390	60470	86230	99910	25750	30490	19750	52750	62441	41840	32700	19280	56560	9950	13680	43860	64770	72161	5260	31760	37030	38900	85401	22350	40870	31950	6960	35510	54690	55890	51210	67800	31830	71641	65310	59290	50790	15660	89290	73140	65230	31600	64360	27690	14430	44740	61861	50980	46440	72180	42940	75160	61070	79871	80610	64850	70040	10200	24730	81900	43220	7440	23740	60570	34450	33150	47071	87761	59070	33560	47220	22950	89890	78911	64230	28910	31780	71460	74470	28270	75520	44560	66560	53980	0	58141	57840	89430	11520	43600	19360	80520	57020	64100	21650	61530	22220	45291	36240	31260	
68860	49160	112661	136901	150561	44200	63970	41460	68330	7960	92571	84891	40900	14730	60610	46751	96051	23670	102811	60321	57670	90870	91091	28810	69670	47441	59820	60511	61420	87810	110580	92150	24650	68150	18660	106600	109961	102981	62300	42520	110490	87570	82311	104930	79881	52850	74490	6090	103171	96801	32990	63411	29900	19260	22980	55440	115521	21330	53310	67460	132571	94400	52301	48890	24270	82410	62900	12320	33960	16250	33850	23050	39170	140561	108641	18900	56070	54900	29130	29210	76560	126171	95291	20090	106171	58071	0	30140	180800	59960	15950	42370	41010	37560	97520	39051	43780	54950	14010	78970	82210	
67240	56680	113590	138860	152540	54450	46490	45330	84960	37090	94490	85820	39280	16150	58990	48580	95220	12370	74890	59250	38840	87630	92020	53140	73410	24250	42660	61960	41910	97600	100210	72510	53580	75670	29890	86610	111920	100410	66420	38290	87010	104200	84230	84320	81550	57210	84280	28710	104100	99070	17100	39070	58830	11910	41110	82160	117480	49590	51690	71580	134530	75270	53480	57910	7170	64930	72690	23880	40230	42960	24250	16320	37550	142520	80720	47830	39600	66310	17200	58140	79770	128150	97210	22490	102730	57860	30010	0	160410	61350	24920	48100	69940	8060	107310	40190	14440	45060	29960	83090	66460	
101991	99820	39660	86320	97900	106820	91001	103080	127890	154750	58870	58130	103950	136080	84740	97010	49150	132270	40980	85350	98421	59880	51450	168711	80850	113511	95201	82680	95480	114890	55440	96430	150310	100080	146500	86040	51040	43530	89410	146520	85390	130270	66010	75490	62320	93810	110010	145171	39080	63300	123310	100411	158060	131840	159840	162450	59900	155580	92390	87060	85050	70030	90770	103210	127070	81270	106930	130381	154820	147690	122151	138871	107620	95420	36010	149990	99341	109070	131930	156350	75740	64350	61410	140030	46260	89380	141451	120770	0	87190	126910	102690	160480	113900	111600	104960	107250	105010	128601	87620	78830	
23370	13400	56790	78930	92610	19520	36620	19540	44940	62490	34560	30800	22410	60050	16080	13710	41960	68260	78291	11020	38790	38950	36090	85470	12590	47400	38580	8030	42540	44780	56720	56811	63010	21920	74121	70911	51990	48890	5900	92780	79270	55820	24300	69961	25790	7570	35330	63950	47300	39140	77580	49970	70760	64560	81960	73270	57550	67630	18050	13660	74600	46410	8830	15910	64060	38960	25340	49240	90241	56660	37050	50710	26440	82590	85041	61820	35940	23970	74950	69050	19260	68220	37280	70050	52080	11480	60230	61330	86000	0	46080	18050	73180	63550	54190	24130	68060	29250	46390	25170	35770	
53140	36720	98480	122561	136221	32790	51030	26890	60130	21250	78390	70710	25180	16150	44890	32570	81870	25360	89871	45150	44730	75150	76910	43260	55640	34501	46880	46330	48480	76400	94860	78560	33610	55830	29960	93010	95621	88800	48270	48880	97420	79370	68130	91340	65700	38820	63080	19720	88990	82771	34680	50471	40090	21110	37730	58310	101181	32110	37590	53430	118231	78860	38120	37480	22890	69470	51490	4800	46080	20750	20910	12790	23450	126221	95701	28330	43130	45110	32050	39400	62530	111831	81110	25810	91990	43760	16000	24980	127440	45930	0	28340	49460	31930	86110	24500	39170	42010	5940	64940	66490	
33890	9270	73970	95061	108721	8780	39570	3280	41980	44680	52500	46200	9130	43030	25640	5990	57360	51690	85210	21630	35730	53040	52400	67660	28140	39060	35920	21820	39480	50390	71900	65340	48540	28330	56590	79440	68121	64290	20770	75760	87270	57560	42240	78490	41190	11320	37070	46140	64480	55271	61010	46910	55900	47820	64150	63560	73681	50780	18340	25930	90731	59230	12960	10500	47610	50430	25480	31430	72710	39810	23850	35150	13620	98721	91040	44970	32880	19270	58380	55210	35030	84331	55220	52690	67480	19220	42420	48130	102930	18430	28270	0	61720	53020	60090	8000	59720	26520	28580	37440	47240	
93820	61700	129260	145680	160211	55360	99270	63720	51350	34660	107030	103260	68580	54900	85860	67600	114450	63840	141480	81170	94260	111320	108560	36980	81880	84031	95510	79060	98010	78540	129210	127250	19380	72820	52460	141350	119611	121380	74870	73180	148960	67840	95890	140400	98250	67280	67380	43660	119770	106761	73160	100001	13630	59430	46840	21210	125171	23130	79950	76930	140560	117840	73650	57820	64440	109990	65560	49150	61930	31360	70440	62250	70600	148540	147310	24610	92470	59620	65820	11860	87310	135821	107880	56460	124570	80540	41150	69720	158470	72950	50630	61750	0	77730	87000	63980	83950	86110	44120	83640	106800	
61200	61480	107610	137660	151340	59250	39580	50130	91940	44410	92740	81480	44080	23470	54030	53380	88310	19660	67640	56350	31930	80720	87440	60460	74850	17340	35750	59060	35000	102400	93270	65600	61100	80390	37210	79700	110720	93500	68160	44920	79760	109570	82510	77070	77210	62010	89080	36030	98590	97870	15370	31820	66350	19230	48430	89130	116280	56910	47970	74970	133330	68360	55140	62710	14460	58020	77490	30850	46860	49930	29050	23290	42350	141320	73470	55350	32690	71110	23740	65660	80770	126950	95460	29810	95790	56930	37330	8150	152590	63490	31890	52900	77460	0	112110	44990	8470	38150	36930	86480	59550	
72311	53230	70490	64400	96190	54330	87770	62600	37340	97280	53710	61960	68330	100300	67690	59410	73790	109510	126491	62590	87280	72940	62700	117360	46111	95890	87470	59600	91030	10290	86950	102921	92840	32680	111820	117021	58280	76640	51330	133030	125391	21020	47770	116071	58871	51040	26000	101280	71400	47040	118830	98460	95970	105260	118720	70400	56070	98110	66540	41700	58960	86071	57320	50470	106820	84681	36650	88700	127940	90220	83010	94360	72400	66940	133241	92520	84430	44260	116200	94000	42751	68640	51430	109960	79580	64160	97560	107290	109790	53800	86090	59720	87010	112040	0	67320	116550	77740	83720	30420	79871	
33060	17160	77040	101320	115000	15410	35570	5220	48530	42750	56950	49270	4680	38230	24810	11130	60430	46730	81100	24700	31620	55070	55470	65730	35530	34530	31810	24890	35370	58230	73930	62530	50300	35880	52131	76630	74380	67360	28160	70960	83730	65450	46690	75310	44260	18710	44960	42351	67550	61530	56050	42800	57660	42860	60361	69970	79940	51810	17510	33320	96990	58780	16680	18390	42570	49600	33370	27561	68251	40410	15930	29220	7120	104980	86930	46730	28770	27160	53420	56970	42230	90610	59670	48230	70550	22450	38631	40210	106000	24760	24090	7990	63960	45100	67640	0	52340	22410	25781	44830	46410	
65750	68810	112160	142210	155890	66580	44130	57210	99260	50520	97290	86030	50640	29580	58580	59760	92860	25770	63650	60900	36480	85270	91990	64440	79400	21890	40300	63610	39550	107290	96580	68250	67210	84940	39180	79570	115270	98050	72710	39660	78280	116900	87060	75590	81760	66680	96410	42140	103140	102420	16240	30500	72460	25340	51990	96460	120830	63020	52520	79520	137880	71610	59690	70040	20570	62570	84820	38180	47730	57260	36380	30620	49680	145870	68640	61460	37240	78440	24610	71770	85320	131500	100010	32710	100340	61480	43440	14520	151110	68040	39220	59710	83570	8560	116700	52320	0	42700	44260	91030	64100	
26140	32810	74190	102600	116280	35210	13630	24150	66410	61670	57680	46420	17850	50030	18970	22400	57580	54370	59520	21290	10040	49850	52620	82620	40610	22110	10570	24000	13790	68610	63650	40590	72490	46260	66250	54690	75660	63880	33920	81410	61790	78890	47450	53370	42150	28000	58400	57470	64700	62810	53210	21220	79850	52500	74790	89990	81220	72911	12910	40840	98270	40400	21010	36310	48240	29260	46810	45010	81790	61511	20680	38650	21320	106260	65350	68920	7190	45440	61530	79160	45930	91890	60400	60030	66170	22250	54520	44960	128890	29360	41950	26530	86150	38050	78020	22380	42560	0	46701	52350	29930	
56841	35850	99791	123501	137161	30890	57380	28440	55870	17150	79701	72021	28511	17410	48591	33881	83181	26620	96221	47451	51080	78851	78221	40130	56360	40851	53230	47641	54830	74500	97941	84910	27670	54840	28440	99360	96561	90111	48990	50140	103770	75110	69441	97690	67011	39540	61180	17900	90301	83491	35940	56821	34190	22370	35910	52890	102121	26210	41291	54150	119171	82561	39431	35580	26260	73381	49590	6270	44560	14810	27260	19140	28420	127161	102051	22430	49480	42440	33310	33500	63250	112771	82421	27070	93301	45201	14180	30480	128751	46650	6940	29060	44040	37820	84210	26181	44920	46191	0	65660	70191	
43020	32050	54580	63070	82800	37150	58900	39970	35940	80740	31570	34490	43840	79880	38360	34920	46460	88540	98942	33260	61640	45470	35230	100820	16820	70250	60860	30270	64980	23630	60000	75620	76300	12870	93440	89720	42370	51380	21970	112610	98090	37490	20300	88770	31570	26520	19450	82990	46470	29650	97860	72820	84050	84670	101000	72000	43420	81570	40900	12250	58650	58770	31680	31770	84460	57380	21250	68280	109560	73680	58520	72000	47910	66640	105692	75980	58790	28060	95230	82340	13640	55990	31090	89540	54320	35970	79270	82800	85170	24750	65120	37090	83680	86400	30280	44690	90910	52100	65430	0	52570	
13540	46820	49910	86870	98450	53070	20870	47530	78590	87370	39480	27730	41980	77840	21790	41680	30610	77910	48720	26830	28230	24040	31350	110130	43110	44440	24530	27920	27880	75380	35570	25430	96020	55520	93680	39530	60750	35800	37840	103340	47900	89420	35700	38580	25720	40810	68930	85270	40890	51060	74280	36110	103400	76690	104210	107030	69470	96831	29940	47260	86520	15400	35500	49670	71780	6660	58990	70910	106390	85431	50450	68220	45650	94100	55470	92450	28670	57620	82650	102710	42200	74060	42650	86990	38090	31260	82120	66030	110940	35700	66420	47190	106940	59120	79571	46300	63630	30240	70621	52170	0	

0	                                           Horwich	0	0	32400	0

1	                                         Droylsden	784	2482	17082	1568
2	                                         Bebington	599	8661	20910	1198
3	                                            Brymbo	559	14641	25878	1118
4	                                         Prestatyn	759	14400	18607	1518
5	                                       Stalybridge	419	6035	13484	838
6	                                         Blackburn	810	12144	23499	1620
7	                                            Royton	624	10937	24317	1248
8	                                            Buxton	760	12932	19551	1520
9	                                           Horbury	473	11714	22665	946
10	                                            Widnes	508	5151	19224	1016
11	                                      Saint_Helens	460	11433	20775	920
12	                                          Rochdale	381	10770	14885	762
13	                                          Bradford	197	10259	14600	394
14	                                            Bolton	246	19695	21736	492
15	                                         Middleton	363	15066	28560	726
16	                                            Kirkby	637	15241	22693	1274
17	                                           Baildon	745	9658	23300	1490
18	                                         Lancaster	403	3715	9399	806
19	                                         Farnworth	553	3621	17227	1106
20	                                  Clayton_le_Moors	433	4185	14292	866
21	                                      Skelmersdale	791	1001	7584	1582
22	                                           Prescot	241	4819	18808	482
23	                                       Knottingley	236	8407	18873	472
24	                                        Partington	571	6454	10066	1142
25	                                            Nelson	346	8442	19362	692
26	                                           Rishton	791	14528	24153	1582
27	                                           Walkden	654	10246	24600	1308
28	                                     Great_Harwood	370	12189	15208	740
29	                                         Congleton	746	9992	17047	1492
30	                                            Formby	301	10891	17363	602
31	                                        Freckleton	730	10442	15263	1460
32	                                          Barnsley	220	6163	18334	440
33	                                          Wilmslow	730	10356	24981	1460
34	                                   Chapel_Allerton	221	10499	12899	442
35	                                         Blackpool	812	4262	17068	1624
36	                                    Ellesmere_Port	746	11844	20189	1492
37	                                        Litherland	312	9631	24191	624
38	                                           Urmston	456	14190	25601	912
39	                                     Knaresborough	799	6031	8032	1598
40	                                         Fleetwood	678	14139	24111	1356
41	                                              Leek	500	7010	11777	1000
42	                                        Warrington	626	3878	9121	1252
43	                                  Poulton_le_Fylde	299	2555	7953	598
44	                                           Haydock	770	18106	27983	1540
45	                                        Manchester	416	27223	30076	832
46	                                      Macclesfield	539	8265	17796	1078
47	                                            Morley	330	11282	18085	660
48	                                         Liverpool	436	13884	16550	872
49	                                          Frodsham	428	6180	9266	856
50	                                            Ilkley	761	8899	22086	1522
51	                                         Clitheroe	728	15111	17744	1456
52	                                          Darfield	292	15223	22564	584
53	                                           Shipley	324	6221	9146	648
54	                                          Garforth	651	9920	15668	1302
55	                                         Dronfield	708	14894	25199	1416
56	                                           Chester	740	17479	24856	1480
57	                                           Royston	401	15512	22889	802
58	                                        Tottington	245	12616	18869	490
59	                                        Altrincham	234	15315	30198	468
60	                                           Wrecsam	286	15290	25578	572
61	                                          Tarleton	600	3554	12563	1200
62	                                         Prestwich	576	1478	16418	1152
63	                                            Denton	218	2467	7517	436
64	                                           Bingley	580	12103	25872	1160
65	                                           Leyland	435	1184	8916	870
66	                                           Poynton	805	13169	22257	1610
67	                                         Brighouse	567	13130	20677	1134
68	                                          Wetherby	356	16862	25420	712
69	                                      Clayton_West	106	18826	26067	212
70	                                         Todmorden	208	24507	29435	416
71	                                        Queensbury	317	7374	9460	634
72	                                            Wardle	719	18106	22783	1438
73	                                 Rhosllanerchrugog	171	5264	19720	342
74	                                         Morecambe	447	20006	27305	894
75	                                            Darton	757	10045	13635	1514
76	                                        Accrington	687	15070	25674	1374
77	                                            Marple	790	4366	18302	1580
78	                                             Otley	566	15546	20486	1132
79	                                          Wombwell	352	8159	10368	704
80	                                              Lymm	168	14421	18072	336
81	                                           Buckley	789	3075	12269	1578
82	                                           Runcorn	232	8641	22949	464
83	                                         Horsforth	262	13637	27866	524
84	                                            Crosby	261	7610	11352	522
85	                                      Little_Lever	585	9893	19125	1170
86	                                            Batley	268	25092	27636	536
87	                                          Keighley	487	6452	16957	974
88	                                        Donaghadee	391	4060	9901	782
89	                                            Eccles	546	17944	25626	1092
90	                                            Elland	779	13953	18782	1558
91	                                            Oldham	546	26098	28885	1092
92	                                         Rotherham	347	11514	24916	694
93	                                          Glusburn	351	5518	10024	702
94	                                         Kidsgrove	254	15686	27924	508
95	                                           Milnrow	650	12362	17412	1300
96	                                           Skipton	723	20141	26329	1446
97	                                        Haslingden	447	12526	26214	894
98	                                      Huddersfield	403	16993	20037	806
99	                                         Knutsford	118	7831	10251	236
100	                                            Euxton	636	3594	12039	1272
