100

6350	3650

20	90

0	67750	28210	27420	49290	81800	96650	86470	66910	49420	61630	53070	85160	87820	71290	96140	38600	55470	67702	82750	85880	77910	67272	54050	47980	99132	27640	58730	55720	33010	31970	56130	52400	48940	28830	95770	86530	83690	27100	72770	93740	79570	88030	63320	47650	56730	79260	18260	64880	21800	99340	87750	12460	68010	98260	40940	48990	59290	41990	75560	26840	89041	48940	62990	77250	97760	53180	80372	38020	35130	32280	67310	49020	90640	71470	89651	81730	85710	79441	63650	90622	22870	44490	24750	21220	66470	46310	70650	87821	38630	73100	29030	30580	48060	46930	59270	79540	43610	75420	94801	86530	
67720	0	42040	91950	83360	138270	162880	153460	96370	20740	109750	17540	86310	119530	128112	161590	40730	31280	74640	19640	100320	57850	80330	102950	80730	101730	45180	44800	84600	83290	85380	111212	106902	35920	41760	154022	28450	121560	44960	87440	144060	146560	107390	99790	60700	120850	133640	61680	49240	54080	156180	47780	77910	65090	56940	80100	23840	108940	44600	141010	87650	130560	35920	35350	142700	93710	89800	94300	46390	54520	45380	3230	50770	129950	86540	128790	118800	48190	107400	6820	100530	47780	93960	90900	65110	101980	25460	98600	46220	31660	125280	68750	90590	42040	43210	114480	143362	92720	133420	136380	151980	
28830	41810	0	54770	51350	99740	121280	111100	69060	22110	81312	27130	67460	99030	96671	123880	15590	28160	54600	58360	75640	55460	56570	64420	49570	82800	7690	36280	57290	43470	53731	80421	76193	25610	6810	122581	59220	90290	20150	62760	108710	104200	82140	69110	35420	79651	96380	30791	56890	14160	117650	61410	40200	61620	71920	52080	26550	78563	20640	102600	47490	95641	25610	36650	104990	80060	64320	69670	19370	22550	24290	41360	30730	104810	76850	96251	92940	59370	80420	37510	79920	6810	55430	49380	25290	77610	19000	71790	61521	11320	95613	40730	50770	26880	25750	75950	101353	64282	94750	101401	114270	
27180	91590	54560	0	67260	88650	74290	67000	79710	75310	37470	76910	111300	65960	46180	72440	65570	82440	92072	103150	107010	104500	91642	65740	69060	123502	54610	85700	72730	46470	11900	31020	27290	75910	52670	70660	112420	95380	47500	95660	102050	60100	104451	75010	72090	49430	87880	31130	73290	48640	98680	114720	18060	67780	125230	35780	69390	34180	68130	51860	38610	100731	75910	89960	53550	123900	41330	104200	64160	60720	48760	91150	75160	66480	65380	101341	58090	112680	93270	87490	114992	48650	56180	24070	44730	54210	72970	84730	114791	65600	47990	26250	42270	74200	73070	68510	65950	22110	76830	106491	62830	
49270	82850	50950	67010	0	58560	102860	92220	19320	67650	102410	74500	55150	130900	101750	112140	48120	57860	34300	101460	41780	63050	31730	24140	3680	62670	44540	50250	9880	21610	75900	95020	92190	49360	54850	124710	94980	41360	64610	30430	63130	84500	42190	19710	23310	56730	53440	63230	101920	38090	77121	85070	51330	106650	94990	85910	76380	99120	42350	92340	29660	50360	49360	62360	100300	69090	98150	38970	41110	32930	69320	80600	36850	131420	117050	48590	123030	80600	31830	78910	54160	48210	19870	43840	30390	111440	62930	22630	85650	57280	111990	74000	26480	42610	41780	39470	79540	87050	56590	56180	109580	
82070	138420	99290	89060	58130	0	75590	64950	49050	117920	116250	124060	103140	146340	105590	84440	100400	113090	88590	157240	73590	117940	83050	36100	60660	100860	93700	105480	55770	58640	99210	105150	104110	104590	103190	119260	150760	32310	108170	75820	20240	57930	69370	40470	78540	44040	8100	99640	146130	86020	20020	140300	78530	150060	150230	117980	124730	111890	97580	72450	55810	29980	104590	117590	86760	116040	129480	76410	94670	87700	113350	136380	92080	146490	150830	31180	138100	135830	52070	133320	94450	96280	48560	67260	76410	142880	114570	55390	140890	107180	118920	106590	52700	97840	97010	24180	44950	108220	13740	30000	101330	
96110	161910	119810	74320	103020	75930	0	10440	108440	141020	80320	146420	156820	110250	55490	14500	127800	146360	136210	177100	137670	162910	133640	89350	105150	161560	118640	145460	106510	88090	85240	69350	68680	138140	121760	51950	182230	103020	120650	129440	92680	18820	133450	98510	120780	46690	78810	104470	146630	110790	72250	180630	85230	138670	190550	105250	142540	76220	128890	24310	80300	100870	138140	152750	29290	170800	104080	137460	124920	120580	122100	161470	132810	110770	126270	101890	102380	176160	118710	157810	153970	114920	87950	71430	101870	107970	137910	113810	181210	130230	74410	99590	81280	134960	133830	74160	31840	83420	62120	100890	34060	
87040	153610	110740	67490	92610	65610	10640	0	98120	131950	77270	137350	146090	107200	59440	22700	118730	137290	125800	168800	127350	152320	123230	78940	94740	150830	109570	135050	96100	77680	78410	66300	65630	129070	112690	57670	173090	92710	111830	119030	82360	8410	123130	88190	110370	36280	68490	97640	139800	101720	61930	170040	76160	134290	179960	101610	133720	73170	119820	20410	69890	90550	129070	143680	32310	160070	100770	127050	115850	110620	115270	153170	122400	107720	123220	91580	99330	165570	108390	148410	143240	105850	77530	62360	92800	104920	128840	103400	170620	121160	78560	92760	70870	125890	124760	63840	21520	79670	51800	90570	39780	
66910	96150	68660	79720	19230	49180	108600	97960	0	80950	115120	87800	55720	143780	109260	117671	61420	71160	40280	114760	32060	70810	34600	21520	20650	56521	62040	63550	12080	36530	88610	107310	104480	62660	72560	132220	108280	26380	82320	27290	51260	90240	27840	10220	36610	62470	42660	81440	121230	55800	68460	95561	65090	125960	105051	103900	92550	111830	55650	98080	42370	36920	62660	75660	107810	69660	116140	32830	54410	48580	87030	93900	50150	144300	136750	34370	135910	90661	15070	92210	51091	65920	25550	56550	48600	130030	76230	8420	98950	70850	121960	92210	37740	55910	55080	35400	79870	99760	50600	43060	117090	
50120	20730	22240	75700	67810	117730	142350	132170	81130	0	97250	7350	72960	114550	115320	145320	21220	18850	60100	38840	85140	49200	65260	82410	65490	88300	24640	32280	69360	62750	72380	98712	94402	22310	25510	141230	37320	106380	33280	72260	125680	125270	91640	84550	45460	100310	114370	48680	50190	33540	135640	49020	61640	64980	58410	67600	17720	96440	26680	123670	67110	112611	22310	26930	126430	85560	79840	79170	27160	35200	35770	19680	36230	120330	86430	113221	108460	48630	92220	15890	86790	28830	73420	70450	44570	92330	5190	83420	47830	11120	112780	56250	70050	28310	29440	93940	122423	80220	112880	118371	135710	
61370	109300	81052	37290	102370	116510	80350	77220	114820	97120	0	95850	143531	30670	26230	74120	95072	107340	127031	119180	142120	134562	126742	100380	104170	158602	83672	115382	107840	81580	36030	15710	12860	105412	76730	52140	132780	130060	64740	130770	132970	74330	139561	110000	107021	74320	117020	51581	75300	80171	120200	140590	53160	59530	151100	34410	86630	7240	98932	58360	73720	135411	105412	115830	57360	156481	28660	139310	96391	94011	66000	108860	107391	31190	46690	136021	22800	138550	128380	105200	150092	75142	91290	59900	79830	28390	95920	119840	140701	90180	16390	41320	77380	105172	104042	100770	85200	17990	102700	141160	53780	
52820	17450	27140	77050	74480	124400	147700	137520	87800	7340	96040	0	79830	112050	114110	146690	27890	25110	66970	34460	92010	54950	72130	89080	72160	95170	31220	38630	76030	68750	71170	97502	93192	29240	26860	140020	39620	113250	32060	79130	132350	130620	98890	91220	52130	106271	121040	47470	45440	39540	142310	53640	63010	60230	63020	66390	12970	95230	33550	126110	73110	119281	29240	32450	127800	92170	76960	86040	33830	41870	32540	16540	43100	119050	81680	119891	105960	54050	99090	12400	93660	32880	80090	76000	50570	89450	12540	90130	52300	17790	111570	55040	76050	35180	36310	100610	127973	79010	119550	125041	137080	
85030	86170	67230	110600	55030	103160	156320	145450	55500	72840	143291	79690	0	162270	154470	165600	54500	57330	22530	102310	29240	29780	24400	73820	52860	16320	62270	42060	50670	75160	115460	139310	135580	52260	73130	178520	75700	72240	86470	28610	98660	137730	37540	65062	44080	109960	96640	92640	118900	63830	122440	52110	93750	129850	61180	115320	85050	140542	47690	145570	83210	82630	52260	51770	153850	15000	127560	28330	49620	50100	90610	84600	36720	168180	144510	80080	156180	47210	52140	82910	16630	71200	72820	96910	69410	140850	68120	49600	56370	63440	156280	103410	80030	45210	45190	87700	132170	126261	103410	88970	163140	
87650	119490	99120	65830	130910	146560	110410	107280	145870	114390	30920	112020	162750	0	56290	104180	113740	124760	146250	116370	166022	153160	146662	129390	131800	178642	103011	133980	136380	110120	63420	45640	42560	123310	94320	82200	146390	161440	81480	152882	163400	104390	170611	141170	126240	104370	147070	70240	72490	99390	150630	158050	81700	55410	168560	49550	101590	36940	118271	88420	102260	166791	123310	133250	87420	175700	36670	159882	115610	113230	79570	119080	126610	11480	33800	167401	9050	155970	159430	117760	170302	94481	119830	89090	104110	24850	113340	150890	158161	107600	46450	60020	105920	124511	123381	132150	115250	46220	132750	171590	83840	
71100	127870	97181	46110	101950	105590	55300	59430	109290	115690	26000	114420	155220	55930	0	48450	109490	125131	134790	138960	138430	148420	132220	93660	103730	161750	98530	129620	107020	81490	50520	19520	21820	119830	93670	25910	151350	123300	83310	129950	120230	56540	134430	103280	115110	63400	106100	67620	100560	92560	109280	158381	61980	84790	169641	58390	105200	23980	112050	40500	73630	127650	119830	133621	33130	167890	53920	137970	108080	104640	84570	127430	119080	56450	71950	128260	48060	156341	122850	123770	154160	91271	88450	60390	88650	53650	113750	114320	158492	108010	20390	59890	76110	118120	116990	91520	70100	36560	91780	128420	27620	
96280	161300	123780	72480	111690	84520	14610	22250	117030	145020	74500	146620	165490	104430	48500	0	133500	150940	144880	174650	146260	170490	142310	98020	113820	170230	122690	153070	115180	96760	83400	66820	66150	143840	122380	42060	182170	111610	119000	138110	101270	27490	142040	107100	129450	55360	87400	102630	144790	115650	80840	184430	85070	134660	195130	102720	140890	72480	135140	25280	88970	109460	143840	157800	24830	179470	101550	146130	131170	127110	120260	160860	140740	104950	120450	110480	96560	181530	127300	157200	162640	117870	96620	77960	108400	102150	141960	122480	184501	134280	67420	97750	89950	141210	140080	82750	40430	80890	70710	109480	25310	
39330	40690	15580	66170	48530	100210	128500	118320	61560	21340	94672	28020	54740	113700	110031	133000	0	19730	41880	58800	66110	41440	47040	65030	45920	70080	11550	22260	49790	45530	67091	93781	89553	11510	21060	134520	55510	86630	34320	53230	106740	111420	72610	64980	25890	84690	96850	44151	65150	19520	118120	51740	49320	75660	62250	66750	32680	91923	7900	109820	51490	93671	11510	26120	114110	67340	78990	60140	7500	15630	38330	39640	18010	119480	91030	93860	107610	48980	72470	35910	68570	20320	56040	56600	28950	92280	17080	63890	51811	11070	108973	54921	52830	13090	11960	76560	106942	77642	95360	99431	123390	
56090	31360	28210	82760	58570	113850	147280	137100	71580	18860	107900	25120	57270	125200	124580	151010	19990	0	45800	49970	72410	32190	52470	81890	55940	72610	29390	15370	59810	62990	81640	108330	104102	10150	33400	150490	38570	96650	43930	61080	119150	130200	80070	75000	35910	103390	108730	57910	68130	37970	132411	34420	67330	82920	44930	78250	35660	106472	19810	128600	70190	105650	10150	9660	132120	69200	90490	66440	23300	29910	47680	29110	24710	130980	100630	103880	119110	32380	82390	27420	71100	34800	73500	75380	47730	103030	14380	73810	34531	17610	123430	66900	70290	15980	17150	94020	125642	90870	111880	111470	141400	
68071	74440	54200	91841	34500	88650	135880	125240	40160	59810	127001	66660	22790	146160	134770	145160	41470	46000	0	93050	27170	31380	7710	57090	32330	34380	49040	30730	33650	54630	98031	120551	116821	39230	60100	157860	76130	61000	72400	16010	87420	117520	34830	49720	23650	89750	82330	76530	104490	47850	107211	56131	74121	114440	65621	99210	72020	123711	34660	125360	62680	71390	39230	43510	133320	35880	111450	21200	36590	33190	77110	72190	23690	151940	129100	68840	140070	51231	40900	70500	28540	56000	53550	75680	49291	124740	55090	35460	60391	50410	137521	87300	59500	32180	32160	70970	112560	109671	86680	77730	142600	
82230	19020	57830	102740	101370	156770	176930	168270	114380	38340	119330	33890	102080	116160	138502	174310	58330	49290	92650	0	118330	73620	98340	122030	98740	117500	62780	62810	102610	100570	95770	121602	117292	53930	57550	164412	31010	139570	55350	105450	162070	161370	125400	117800	78710	138260	151650	72070	45870	71080	177052	56520	92280	61720	62640	90130	33890	119330	62560	153730	104590	148570	53930	51120	155310	110840	95380	112310	63990	72120	54820	21240	68780	126580	83170	146800	115690	59250	125410	24800	117570	63570	113040	105620	82110	98610	43060	116610	52870	49260	134860	79140	108190	60050	61220	133560	160383	103110	152500	154390	164700	
85870	100240	75330	107040	41510	74080	137770	127130	32200	85040	142440	91890	29720	165421	138430	146981	66150	72150	27130	118850	0	53440	20130	50830	39340	27270	69160	57450	35310	61640	115020	135050	132220	64780	81230	161390	101781	43000	92520	14520	69420	119410	8300	39530	43640	91640	67560	95591	130051	66971	93360	78191	90650	134781	87681	118271	97250	139150	59740	127250	69690	53390	64780	70230	136980	42450	130511	7440	59140	53310	97230	97990	49240	171331	149131	50840	159331	73291	22900	96050	20860	76120	54720	83870	66250	144001	80320	25550	82451	75580	151130	106361	66510	57730	57710	64710	109180	126660	79910	59730	146260	
78800	57930	55640	104370	63200	118050	162120	151480	70970	49270	135032	54820	30000	153760	148240	170530	41540	32250	31610	73970	53740	0	37300	86490	61030	45420	51750	19530	63050	74730	107451	133080	129350	31540	60990	172720	50310	90590	72520	45600	117010	143620	62040	79200	43720	115850	112930	84511	98130	57600	136611	27361	87520	112920	36850	106810	65660	132283	37400	145920	83170	100980	31540	23530	152310	38760	119050	49620	41030	43870	76270	56370	30960	159540	129220	98430	147670	22461	70490	55410	45490	60680	82250	93460	63550	131620	44790	66280	31621	46200	149333	95281	82030	31640	32510	100370	138102	118002	116080	107320	161590	
67421	80150	56610	91191	31890	83220	133270	122630	34530	65520	126351	72370	24710	146501	132160	142550	47180	52310	7650	98760	20240	37030	0	51750	29720	32400	50440	37610	28600	52020	97381	119901	116171	44940	62510	155250	83010	54020	73800	9030	80440	114910	27900	44090	24920	87140	76700	76871	111030	48251	101871	61781	73471	115840	71271	99551	77730	123061	40370	122750	60070	64410	44940	50390	130710	38650	111791	14270	40420	34590	78510	77900	29400	152411	130211	61860	140411	56881	33920	76210	23890	57400	50750	73770	48641	125081	60800	29360	66041	56120	136871	87641	56890	37890	37870	65630	109950	109021	81340	70750	139990	
54610	103770	64640	65700	24060	36310	88850	78210	21630	83270	100230	89410	74110	129590	93580	98130	66020	81230	57130	123060	50860	86420	51780	0	27050	74872	59320	73620	24460	26740	74590	91630	88800	72730	68540	116540	118350	30420	78210	47050	43430	70490	46640	11700	46680	42720	32460	71820	115800	51640	55590	108440	51070	120530	118360	89880	90080	96410	64130	78330	28350	35771	72730	85730	91010	88050	102120	51292	60290	53250	82920	102520	60220	130110	122730	36381	121720	103970	33550	98670	69442	61900	12860	42530	42790	115410	79920	28260	109020	72530	106280	78770	23720	65980	65150	17050	61520	85740	33540	41531	101410	
47710	80850	48890	67750	2810	60390	103600	92960	21150	65650	103150	72500	53670	131300	102490	112880	46120	55860	32820	99460	40300	61570	30250	26430	0	61190	42480	48250	9380	22350	76640	95760	92930	47360	52790	125450	92980	43190	62550	28950	64960	85240	41690	21540	21310	57470	55270	61670	99860	36030	78951	83070	52010	104590	92990	84350	74320	99860	40350	93080	30400	52190	47360	60360	101040	67610	96590	37490	39110	30870	67260	78600	34850	132160	115490	50420	123770	78600	33101	76910	52680	46150	22160	44580	28830	109880	60930	24460	83650	55220	112730	72440	27220	40610	39780	41760	80280	87790	58420	58010	110320	
99491	101990	82670	123261	62890	101410	161820	150950	56771	88280	158421	95130	16490	177710	162250	171100	69940	72820	34660	118130	27330	45600	32460	75212	60720	0	77710	57550	56690	83020	129451	151971	148241	67700	88570	185210	91360	70330	101900	34030	96750	143230	35630	63912	56990	115460	94890	108080	134870	79270	120690	67770	105541	145860	76840	130760	100490	155131	63130	151070	91070	80720	67700	67590	160800	17230	143000	26660	65060	65540	106050	100090	52160	183620	160520	78170	171620	62870	50230	98400	9670	86640	78540	105250	80711	156290	83560	50121	72030	78880	169571	118850	87890	60650	60630	88662	133132	141091	103092	87060	170080	
28490	45230	7750	55420	44960	94000	119760	109580	62480	24730	83532	31170	62360	102641	98891	122730	11770	29300	48460	63340	68780	51170	49710	58820	43100	77700	0	31990	50710	38960	55951	82641	78413	22110	12730	123770	61740	83930	25600	55900	102350	102680	75280	63060	28560	76520	90640	33011	62510	9910	111910	60920	39050	67240	71430	55691	32300	80783	15540	101080	43320	89281	22110	36160	103840	74960	67931	62810	13240	15690	29910	43980	25630	108421	82300	89891	96551	58880	73750	40130	73060	9180	49830	47860	20780	81221	21380	65120	60991	13990	97833	43781	46260	21780	20650	70350	98772	66502	89150	95041	113120	
59640	45080	36400	86020	50600	105880	144870	134230	63610	32500	115792	38840	42190	134520	129890	152850	22300	15560	30720	63690	57560	19470	37620	73920	47970	57530	32510	0	51840	57620	88211	114730	110673	12300	41750	154370	46730	88680	53280	46300	111180	126510	65220	67030	27960	98740	100760	65271	80340	39180	124441	35720	69170	94360	45640	87570	47870	113043	18530	128810	66060	97680	12300	14110	133960	54120	99810	51590	22160	26570	57030	42830	14590	140300	109980	95910	128430	31250	69700	41140	56020	41440	66830	75830	46250	112380	27770	61640	36300	26960	130093	76041	64920	12480	13640	87440	120992	98762	103910	103500	143240	
55690	84360	56870	73250	9840	55940	106360	95720	12090	69160	108650	76010	50940	137140	107020	115640	49630	59370	33620	102970	35230	63040	28610	24380	8860	56460	50250	51760	0	29030	82140	101260	98430	50870	60770	129980	96490	37980	70530	23880	60510	88000	33891	17090	24820	60230	50820	69650	107840	44010	74501	86580	58290	112570	96500	92330	80760	105360	43860	95840	35900	47740	50870	63870	105570	64880	104570	32420	42620	36790	75240	82110	38360	137660	123470	45970	129270	82110	24041	80420	48090	54130	23090	50080	36810	117860	64440	15400	87160	59060	118230	80420	32630	44120	43290	38260	82730	93290	53970	53560	114850	
32920	83230	43470	46670	21540	58700	87720	77080	36590	62730	82070	68750	75230	110560	81530	97000	45980	62650	54380	100780	61860	74810	51810	26210	23320	82750	39080	57710	28330	0	55560	74680	71850	54430	47370	104490	99220	54400	54100	50510	69160	69360	60051	33200	35160	41590	56160	49570	91410	30450	76010	92530	31780	96140	102450	70850	68970	78780	44090	73360	9320	59751	54430	67810	80080	89170	83090	59050	40250	33280	58810	81980	45060	111080	102550	60361	102690	88060	49530	78130	74240	40730	15950	23500	19410	96380	59620	40330	93110	51940	91650	59740	7630	49500	48370	36170	63842	66710	52440	65511	89360	
31810	85350	53981	11900	75980	98740	85220	77930	88430	72840	36120	71570	115760	63410	50450	83370	68001	81931	98482	96440	115730	107491	98052	74460	77780	129912	56601	88311	81450	55190	0	34200	30470	78341	50470	76360	108500	104100	40790	103130	112140	71030	113171	83730	78430	59660	97970	24420	64880	52400	108910	115181	26770	59370	125691	27370	62680	35151	71861	62790	47330	109481	78341	90421	64480	128360	32920	111152	68620	66240	42050	84910	79620	65130	56970	110091	56740	113141	101990	81250	121402	48071	64900	34160	51040	45800	70550	93450	115292	64810	51170	17840	50990	78101	76971	78350	76880	18100	87060	115241	73760	
55960	111020	80881	30970	95050	105100	69380	66250	107230	98840	15890	97570	140080	45760	19510	66790	94350	108831	120852	122110	134800	133280	120422	91600	96850	152282	83390	114480	100520	74260	34220	0	4840	104690	77370	45420	134500	121240	66460	123450	119740	63360	132241	101220	100870	62910	105610	51320	88750	77420	108790	142081	46840	74090	152630	41540	88350	10230	96910	47390	66400	126591	104690	117321	47000	152750	40370	131990	92940	89500	67720	110580	103940	46280	61780	127201	37890	140041	120790	106920	143772	74971	83970	51120	73510	43480	97450	112260	142192	91710	18580	43040	70060	102980	101850	91030	73790	19710	91290	127930	47060	
51900	106550	76493	26910	91990	104530	69160	66030	104180	94370	12780	93100	136020	42500	22270	66570	90290	104443	116792	117640	131740	129220	116362	88550	93790	148222	79113	110420	97460	71200	30160	4770	0	100630	73072	48180	130030	118190	61990	120390	119170	63140	129181	98170	96810	62340	105040	47022	84280	73360	108220	137693	42780	69620	148332	37070	83880	8640	92850	47170	63350	123541	100630	112933	46780	148690	35900	128930	88880	85440	63250	106110	99880	43020	58520	124151	34630	135653	117740	102450	139712	70583	80910	48070	69450	40220	93152	109210	137804	87412	21740	38570	67000	98920	97790	88940	73220	15240	90720	127360	49820	
49860	36090	25400	76700	50040	105320	138930	128750	63050	22340	105202	29290	52390	123520	120561	143530	11640	10010	39530	54700	65160	31420	45220	73360	47410	67730	22080	12240	51280	54640	77621	104311	100083	0	30750	145050	47460	88120	42550	52650	110620	121850	72030	66470	27380	95040	100200	54681	69620	29950	123881	41540	59850	83640	52050	76570	37150	102453	11460	120250	61840	97120	0	15890	124640	64990	88810	59190	14950	21560	46310	33840	15660	129300	99260	95350	117430	38750	73860	32150	66220	30850	65160	67030	39380	101660	17610	65280	42001	16240	119503	65220	61940	6930	8100	85670	117292	88172	103350	102940	133920	
28830	41520	6790	53060	55120	103490	123140	112960	72830	25240	77000	26840	73150	94300	92770	122700	20950	33290	60290	58070	81330	60730	62260	68170	53340	88490	12770	41550	61060	47220	49830	76520	72292	30880	0	118680	62350	94060	14750	68450	112480	106060	87830	72860	41110	81511	100130	26100	51500	17910	121400	66540	39020	56230	77050	47350	24480	74662	26330	102120	50090	99411	30880	41780	103810	85750	59590	75360	25060	28240	18900	41080	36420	100080	71460	100021	88210	64500	84781	37420	85610	7600	59180	51240	29040	72880	22900	76140	66651	16260	91712	36000	54110	32570	31440	79700	103213	59970	98640	105171	113090	
95610	153810	122990	70620	125080	119360	52210	58000	132420	141630	51940	140360	178960	81870	25940	42350	134000	150870	158110	164900	161560	172930	155540	116790	126860	184880	123040	154130	130150	104620	76460	45460	47760	144340	119610	0	177602	141000	109250	153080	136110	62410	157560	126410	138240	79230	122240	93560	126500	117070	115760	184230	86490	110730	195490	84330	131140	49920	136560	47560	96760	144030	144340	158390	40190	192400	79860	161100	132590	129150	110510	153370	143590	80910	97890	144640	74000	182190	145980	149710	177290	117080	111590	84380	113160	79590	139690	137450	184341	133950	40200	85830	99240	142630	141500	107980	75350	62500	105550	144320	21310	
87100	28510	59220	112680	95420	150830	183370	172960	108440	37180	133070	39420	76230	146080	151140	182360	55430	38480	76140	31370	102261	50560	83040	118750	92790	91060	61470	46770	96660	99260	108200	134532	130222	47510	62490	177342	0	133630	69100	91720	156130	165240	110621	111860	72760	137210	145710	84500	75790	70520	169391	26110	98620	91640	32110	103420	48970	132260	56940	161740	104010	142630	47510	32990	163430	80980	114930	97010	60270	67040	70510	29610	60470	156150	113090	140860	143930	28840	119470	31920	91370	65810	109770	107430	81470	127420	40900	108490	22460	48100	148600	92070	106560	52310	53480	130770	159722	116040	148860	148450	172750	
84280	121780	90302	95370	41280	32540	102960	92320	26390	106580	129940	113430	72560	161300	123250	111810	86500	96240	60770	140390	42840	90150	53770	30450	43810	70110	83952	88630	37980	54570	104260	121300	118470	87740	94202	140980	133910	0	103962	45720	28150	85300	38200	22010	61690	63350	26020	101490	143582	77442	51820	114901	80740	148312	124391	121490	115792	126080	80730	98960	58020	12120	87740	100740	111640	85290	133730	46190	79490	73390	109382	119530	75230	161170	154340	9570	152780	110001	20240	117840	63700	87562	41500	72200	68810	147730	101860	29460	119161	95930	135950	108440	53390	80990	80160	34730	72320	115410	41110	18460	122940	
27030	44690	20240	47530	64980	108120	120840	111810	82690	33330	64930	32060	86720	82170	83292	118990	34500	43550	72400	55780	92720	71950	73650	78030	63200	102060	25580	52770	70920	53870	40560	66392	62082	42100	14390	109202	68990	103920	0	79840	120060	104910	99372	82720	52500	82840	105580	16860	37910	27770	125660	76800	37070	42640	87310	35280	22020	64120	39900	98410	53160	109271	42100	52040	100100	99320	47080	86750	38630	39630	5310	44250	49990	88010	57170	109881	76080	74760	94641	40590	97000	17330	68350	50420	36450	59570	32130	86000	76911	26390	80460	23930	56900	46140	45010	85590	105650	47900	101740	115031	109380	
73060	87540	62630	95600	30070	75960	129290	118650	27340	72340	131000	79190	28880	152521	129950	138570	53450	60910	15890	106150	14600	45270	8890	47020	27900	33810	56460	46210	23870	50200	102450	123610	120780	52810	68530	152910	91610	45840	79820	0	72260	110930	20760	37070	30900	83160	69440	82891	117130	54271	95240	70021	78320	121860	79511	105571	84550	127710	47040	118770	58250	56230	52810	58990	128500	42820	117811	8630	46440	40610	84530	85290	38000	158431	136231	53680	146431	65121	25740	83600	26030	63420	46020	72430	53100	131101	67620	21440	74281	62880	140580	93661	55070	45760	45740	60900	105370	114090	76610	62570	137780	
94270	144120	108153	102080	63050	20210	92460	81820	51360	125633	132930	132313	99050	163400	120480	101310	106673	118580	87260	162730	69330	116640	80260	43310	65580	96600	101803	110950	60690	69090	112230	120040	119000	110060	112053	136130	156250	28070	120370	72210	0	74800	64690	43780	83460	58780	14970	111840	158330	95293	26820	141391	90330	162260	150881	130180	133643	128570	103050	89320	67610	16360	110060	123060	103630	111780	142420	72680	100993	93513	125550	141870	97000	163550	163030	18780	155160	136491	46730	140180	90190	105413	55770	79060	85700	155950	122283	55950	145651	114893	135600	118790	64500	103310	102480	35980	61820	122420	30610	12780	118200	
79690	146260	103390	60140	84380	57980	18540	7900	90140	124600	74310	130000	137860	104240	56480	27820	111380	129940	117570	161450	119280	143920	115000	70710	86510	142600	102220	126820	87870	69450	71060	63340	62670	121720	105340	62640	165740	85070	104480	110800	74730	0	115270	80330	102140	28050	60860	90290	132450	94370	54300	161640	68810	126940	171560	94260	126370	70210	112470	17450	61660	82920	121720	136210	30820	151840	93420	118820	108500	102390	107920	145820	114170	104760	117470	83940	96370	157170	100760	140000	135010	98500	69300	55010	84760	101960	121490	95170	162220	113810	75600	85410	62640	117900	116770	56210	13890	72320	44170	82940	44750	
88010	108040	82110	104380	42151	69410	133550	122910	27980	91820	139780	99230	38240	168710	134210	142761	72930	80020	35000	126650	8520	61960	28000	46610	41180	35790	75940	65320	34081	60160	113270	132260	129430	72290	88010	157170	110301	38230	99340	20770	64650	115190	0	35310	49960	87420	62890	101720	136831	73720	88690	86711	89420	141561	96201	124400	104440	136490	66520	123030	67030	48620	72290	78100	132760	50970	137050	15310	65920	60090	104081	105790	57110	169230	155911	46070	160840	81811	18130	103840	29380	82900	50500	81210	69130	150781	87100	21590	90971	82360	146910	112490	62690	65240	65220	60490	104960	124420	75690	54960	142040	
63420	99290	68720	74650	19340	44110	102230	91590	12580	84090	110050	90940	66590	138710	104190	111271	64560	74300	49800	117900	41810	79150	44260	15120	21870	66721	63041	66690	16980	32630	83540	102240	99410	65800	72620	127150	111420	25510	82290	38950	47280	83870	37590	0	39750	56100	37590	79710	119880	55720	63390	101510	60020	124610	111430	98830	94160	106760	58790	91710	37300	34510	65800	78800	102740	80530	111070	43141	57550	51450	87000	97040	53290	139230	131680	32740	130840	97040	24500	95350	61291	65980	20480	51480	46870	124960	79370	19210	102090	73990	116890	87720	32670	59050	58220	29000	73470	94690	44240	40330	112020	
47870	60760	35210	71680	23880	79160	120550	109910	36890	45560	106840	52410	44770	125880	114650	129830	26030	35770	23840	79370	43830	43940	24760	47200	21250	56620	29040	28160	25120	35170	77870	100390	96660	27270	41110	138130	72890	61960	52400	30910	83730	102190	50190	40310	0	74420	74040	56250	89310	27630	97721	62980	53960	94440	72900	78930	57160	103550	20260	107000	44020	70960	27270	40270	113720	57370	91170	37860	19020	13190	57110	58510	14760	131660	109100	69190	119790	58510	47800	56820	48110	36000	40470	54910	28830	104460	40840	39220	63560	35460	117360	67020	42470	20520	19690	61080	97230	89510	77190	76780	123000	
56960	120740	79191	49400	56590	44110	46390	35750	62350	100240	74100	105801	110070	104190	63440	55670	84850	103260	89780	137820	91490	116130	87210	42920	58720	114810	76590	99030	60080	41660	59820	63000	61960	95040	81141	79290	137350	63430	81950	83010	58750	28030	87480	52540	74350	0	44620	67860	116720	67960	51730	133850	46280	115500	143770	82960	103840	69740	84700	37270	33870	66170	95040	108420	49950	124010	88200	91030	80860	74600	87120	119490	86380	104340	112250	66780	95950	129380	74150	115640	107220	74301	41520	33050	56970	99700	97130	67380	134430	89450	76770	71850	34850	90110	88980	30410	23070	67100	30300	66940	61250	
79750	133840	96070	87960	53340	8070	78620	67980	42650	114700	116870	120840	96740	146960	106210	87470	96963	108300	82440	152450	67190	112970	76760	32380	55870	94460	90480	100690	50980	56320	97960	105770	104730	99800	99970	122290	145970	25910	105850	69420	14900	60960	62970	34070	73750	44660	0	97320	143810	82800	27160	135510	76210	147740	145440	115660	121510	112510	92790	75480	53490	22740	99800	112800	89790	109640	127900	70010	91283	83803	111030	131590	87290	147110	148510	24780	138720	131040	45670	129900	88050	93060	44840	64940	73190	141270	111350	48990	136100	103960	119540	104270	50380	93050	92220	21860	47980	107120	16770	22760	104360	
18010	61590	30441	31010	63160	99460	104320	97030	81310	48760	51621	47600	92800	69940	66980	102470	44461	57840	76300	72680	95782	83951	76712	71710	61850	108140	33061	64771	69590	49700	24040	50730	46502	54801	26340	92890	84530	101350	17030	82932	111400	90130	101770	80140	56290	68380	96920	0	48740	29440	117000	91090	22470	49900	101600	22990	38920	48872	48321	81890	44500	106731	54801	66330	83580	105400	35230	89812	45660	43280	20010	61150	56660	75720	53520	107341	63850	89050	93311	57490	100062	24531	62150	35960	34160	48520	46420	84670	91201	40680	65922	11080	48240	54561	53431	76930	91190	34591	93080	112491	92860	
64660	49000	56790	73120	102360	148190	146440	139150	120560	50080	75460	45300	119250	72290	100830	144590	64710	68030	104610	45880	130542	97980	110650	115620	100580	134720	62540	80090	108300	90900	64710	88980	84670	69420	50940	126740	75900	143500	37770	117020	160130	132250	137072	120310	88950	120690	145650	48820	0	64800	165730	93320	71130	17850	102480	50690	32500	81480	70430	124010	90790	148851	69420	75480	125700	131850	51510	124572	70650	76660	32530	48590	80550	82710	39300	149461	71820	93730	133501	47270	133210	54360	106420	84620	73480	54740	54530	123870	91760	54410	90990	46950	94530	74620	73850	125660	138100	70290	141810	154611	128380	
22110	53920	14160	48620	38550	86660	111560	101380	56260	33420	80151	39440	64640	99130	92490	115450	19490	37960	47950	71470	67572	57840	48502	51480	36770	79980	9900	39210	44490	30530	52320	77330	73600	29830	18060	116970	70530	77490	27360	54722	94510	94480	74102	56170	27960	68090	83300	29500	64670	0	104570	69580	31770	69400	80090	52180	39660	77402	21470	92880	34890	82841	29830	44440	96560	77240	64420	61602	17500	14930	32070	52670	28500	104910	82710	83451	93040	67300	68211	48820	71852	11300	42490	39660	12350	77710	30310	59570	69651	22630	94300	40270	37830	27540	26410	63010	90342	63121	81810	88601	105840	
97881	153831	114701	98830	74072	20010	72100	61460	67312	133331	120030	139471	121322	150500	109370	80950	115811	129052	104532	174603	92721	133882	98992	52642	76602	119694	109111	121422	71712	74051	109250	108930	107890	120532	118601	115770	166722	51441	123981	93564	26880	54440	88501	57382	94482	51750	27231	115451	161941	101431	0	156262	93941	165320	166192	132670	140141	115670	113522	70830	71221	42300	120532	133532	85020	134874	135610	95541	110081	103111	129161	152342	108022	150650	159660	44720	142260	151792	71201	148731	113581	111691	64501	82310	91821	147110	129981	73942	156852	122591	122700	121110	68111	113782	112952	39591	41460	114100	23520	38720	97880	
89000	48130	61740	115820	85690	140970	180100	169460	96101	49220	141430	53850	52770	158730	158191	184500	51820	34700	56671	56690	78801	27751	62361	109010	83060	67600	61220	35940	86930	92710	115170	141860	137632	41630	66930	184651	26290	115651	77460	70661	142071	161600	87101	102120	63050	133670	135850	91440	93700	69610	159531	0	98970	109550	11400	111780	64150	140002	50030	161900	100470	126041	41630	26080	165610	56780	124020	74681	53660	60130	81210	46570	49680	164510	131000	123491	152640	5710	95551	48180	67910	68330	101920	107210	78390	136560	47910	91341	4940	51140	156960	100430	100010	45400	46570	122530	156082	124400	139000	132381	174890	
12650	77670	40150	18100	51180	78690	85960	75780	64910	61390	53260	62990	94680	81750	61970	84930	49870	67310	74392	92640	90710	87880	73962	50940	52740	105822	39060	69440	57560	31300	26750	46810	43080	60210	38750	86450	98500	80580	36990	78340	90280	68880	89281	60210	54410	46810	76150	22450	71040	32020	95430	98930	0	70100	109440	39560	58880	49970	51510	64350	23730	85931	60210	74170	66040	107280	51800	86890	47540	44100	41710	77230	58540	82270	71260	86541	73880	96890	78470	73570	97312	34240	41380	14390	28110	65090	58330	69560	99001	50650	63780	28450	27470	57580	56450	56160	69620	37900	71860	91691	75320	
67830	64820	61540	67870	107110	150470	139050	133900	125310	64950	59710	60170	129420	55270	85080	134270	75420	82900	114180	61700	135292	112850	115780	120370	105330	145170	67290	93690	113050	95650	59460	74400	70090	83020	55690	110990	91720	148250	42520	121970	162410	127000	141832	125060	94280	115630	147930	49980	17820	69550	164990	109140	70330	0	118300	38980	47370	65730	81200	116200	93320	153601	83020	90350	115810	142020	35760	129322	79930	81410	37280	64410	91290	65690	22280	154211	56070	109550	138251	63090	139572	59110	111170	81220	78230	38990	69400	128620	107580	67310	75240	42010	97460	87440	86310	127250	132850	56650	143490	159361	112630	
99580	57310	72320	126400	95290	150570	189700	179060	104781	58670	152010	63160	61450	169310	169481	195080	62400	45280	65351	62950	87481	36431	71041	118610	92660	76280	71800	45540	96530	102310	125750	152440	148212	52210	77510	195941	32060	124331	88040	79341	150751	171200	95781	111720	72650	143430	145450	102020	102880	80190	169131	11380	109550	118730	0	122360	73350	150582	60610	172480	110750	134721	52210	36660	176190	62350	134600	83361	64240	70710	91790	55750	59280	175090	140180	132171	163220	14550	104231	57360	76590	78910	111520	117790	88970	147140	58490	100021	11500	61720	167540	111010	109610	55980	57150	132130	165682	134980	148600	141061	185470	
40880	79810	52040	36010	86030	118410	105350	100970	103990	67630	34580	66360	115670	49730	58460	102760	66660	77850	99170	90650	118652	106250	99582	90020	84720	131010	55931	87070	92460	70750	27600	41560	37250	76400	47240	84370	103290	121650	35250	105802	130350	94070	124770	99290	79160	83290	115870	23160	50690	52310	133020	111100	39900	39080	121610	0	57140	38090	71191	83360	62890	127031	76400	86340	82970	128270	14340	112682	68530	66150	35330	79370	79530	55510	35410	127641	43640	109060	116181	75710	122932	47401	80460	50790	57030	27630	66430	107540	111211	60690	50110	12940	66550	77431	76301	94920	100760	22870	111430	132791	86010	
49250	23480	26860	69760	77020	125500	143070	134030	93070	17640	87160	12860	84840	101670	105522	141220	32270	35590	71980	34570	97020	65540	77140	90180	75240	100180	32520	47650	80410	69600	62790	88622	84312	36980	24800	131432	49630	116210	22370	83850	134630	127130	104120	94870	56510	104591	122140	39090	32520	40290	143410	63950	59300	47310	73190	57510	0	86350	37990	120640	73170	121561	36980	43040	122330	97440	66580	90760	38210	46250	22790	23040	48110	108670	68760	122171	95580	64360	104100	19380	98670	30680	81190	72640	51420	79070	22090	95300	62470	21970	102690	46160	76900	42180	41410	101710	126293	70130	120650	127321	131610	
59170	108500	78963	34180	99260	111970	76250	73120	111710	96320	7320	95050	141442	37040	24160	72050	92983	106540	124062	119590	139010	132473	123632	96530	101060	155492	81583	113293	104730	78470	35230	10240	8630	103323	75542	50070	131980	126170	63940	127660	128430	70230	136451	106150	104080	69780	112480	49492	81670	78082	115660	139790	50050	65900	150300	37910	85830	0	96843	54260	70610	131521	103323	115030	53870	154392	32610	136200	94302	91922	65200	108060	105302	37560	53060	132131	29170	137750	125270	104400	146982	73053	88180	56050	76720	34760	95120	116730	139901	89380	18560	40520	74270	103083	101953	96920	80660	17190	98160	136620	51710	
42420	44670	20670	68060	42970	98250	129770	119590	55980	26700	99342	33550	47950	118451	111930	134890	7930	19680	35090	63020	59930	37420	40250	63670	40340	63290	16060	18500	44210	44180	71761	96770	93040	11460	26570	136410	57130	81050	39910	47050	103550	112340	66430	59400	20310	84570	93130	48821	70890	21220	116760	50340	51210	81380	60850	71501	38420	96593	0	111090	51370	90050	11460	24690	116000	60550	83741	53960	4200	12330	44050	42420	11220	124231	96610	88280	112361	47550	66790	40130	61780	24990	54680	57870	29290	97031	21980	58210	50801	16810	113643	59591	51470	6640	5510	75200	106822	82312	94000	95870	125280	
75880	140900	101780	52080	92170	72430	24500	20260	97930	122990	58420	126220	145650	88350	40520	25290	109770	128330	125360	154250	127070	145930	122790	78500	94300	150390	100610	128790	95660	73350	63000	47450	46780	120110	101980	47530	161030	99010	98600	118590	89180	17370	123060	88120	106970	37240	75310	82230	124390	92760	70840	161530	64670	115900	172230	83350	120490	54320	110860	0	65490	97370	120110	134720	14920	159630	82180	126610	106890	102550	99860	140460	116180	88870	104370	98390	80480	158630	109730	136800	142800	96890	77100	53400	83840	86070	119880	102960	161601	112200	59440	77350	67120	116930	115800	65990	30750	61520	58620	97390	29490	
27380	87990	47960	38470	29050	55410	79520	68880	41460	67490	73870	73510	82760	102360	73330	88800	52100	70510	61910	105270	68800	82690	59340	27490	30850	90030	43840	65590	34520	8220	47360	66480	63650	62290	49970	96290	104600	57130	53120	57450	67000	61160	66241	36760	43040	33390	52870	44590	90900	35210	72600	100410	23840	93190	110330	62650	73050	70580	51950	65160	0	62481	62290	75670	71880	96700	74890	65990	48110	41160	58300	86740	52940	102880	94350	63091	94490	95940	55020	82890	81660	43130	17930	15300	24220	88180	64380	46490	100990	56700	83450	51540	4020	57360	56230	32880	55642	58510	49030	68241	81160	
89781	130860	95803	100871	50340	29530	100570	89930	36930	113283	135441	119963	83100	166801	127360	109420	94323	105320	71310	149470	53380	100690	64310	35951	52870	80650	89453	97690	47980	60491	109791	126801	123971	96800	99703	143720	142990	12120	109463	56260	16390	82910	48740	31070	70750	65810	22540	107021	149083	82943	42570	125441	86241	153813	134931	127021	121293	131581	89790	97430	63521	0	96800	109800	111740	95830	139261	56730	88550	81163	114883	128610	84290	166671	159871	2620	158281	120541	30780	126920	74240	93063	47001	77701	75022	153261	109933	40000	129701	102543	141451	113971	58891	90050	89220	38460	69930	120941	38720	7220	125680	
49860	36090	25400	76700	50040	105320	138930	128750	63050	22340	105202	29290	52390	123520	120561	143530	11640	10010	39530	54700	65160	31420	45220	73360	47410	67730	22080	12240	51280	54640	77621	104311	100083	0	30750	145050	47460	88120	42550	52650	110620	121850	72030	66470	27380	95040	100200	54681	69620	29950	123881	41540	59850	83640	52050	76570	37150	102453	11460	120250	61840	97120	0	15890	124640	64990	88810	59190	14950	21560	46310	33840	15660	129300	99260	95350	117430	38750	73860	32150	66220	30850	65160	67030	39380	101660	17610	65280	42001	16240	119503	65220	61940	6930	8100	85670	117292	88172	103350	102940	133920	
64020	35340	36760	90840	62740	118020	153390	143210	75750	26610	116450	32130	51940	133750	133130	157670	26270	9720	43460	51380	70300	23480	50360	86060	60110	67360	36240	14090	63980	67500	90190	116880	112652	15860	41950	159190	32960	100820	52480	59040	123320	135670	77960	79170	40080	107900	112900	66460	75440	44410	136581	25990	73990	90230	36500	86800	42970	115022	24260	134710	74700	109820	15860	0	138780	60700	99040	64330	27890	34360	56230	33780	27790	139530	109180	108050	127660	23900	82440	32820	67430	43350	78010	81490	52620	111580	22930	74380	26451	26160	131980	75450	74800	19630	20800	98530	130152	99420	116050	115640	148060	
77450	142470	104950	53650	100560	86770	29450	32370	107900	126190	57900	127790	154250	87830	33220	24840	114670	132110	133400	155820	137040	152680	130830	91240	102340	160360	103860	134240	105630	80100	64570	47030	46360	125010	103550	40230	163300	111750	100170	128560	103520	30920	133040	100860	113720	49980	89650	83800	125960	96820	84980	165600	66240	115480	176300	82930	122060	53900	116310	14970	72240	111710	125010	138970	0	169200	81760	136580	112340	108900	101430	142030	122930	88350	103850	112730	79960	162700	121460	138370	152770	99040	87070	59860	90300	85550	123130	112930	165671	115450	52140	78920	74720	122380	121250	78730	44570	61100	72960	111730	21900	
98150	93810	80350	123720	68940	116260	170270	159400	69410	85960	156411	92060	15210	175390	167930	179550	67620	69400	35650	111170	42180	38780	38310	87730	66770	16930	75390	54130	64580	89070	128580	152500	148770	65380	86250	192410	81010	85180	99590	42520	111600	151680	50480	78762	57200	123870	109740	105760	132020	76950	135540	56460	106870	142970	62430	128440	98170	153662	60810	159520	97120	95570	65380	60770	169250	0	140680	41510	62740	63220	103730	92250	49840	181300	157630	93020	169300	52520	65080	92650	25390	84320	86730	110660	82530	153970	81240	63510	60350	76560	169740	116530	93940	58330	58310	101610	146080	139381	117320	101910	178530	
53110	89590	64270	41370	98260	129050	104330	100170	116220	79370	28660	77000	127900	36750	54030	101740	78890	89740	111400	95410	131002	118140	111812	102250	96950	143240	68161	98960	104690	82980	32960	40540	36230	88290	59470	79940	115030	133880	46460	118032	142580	93270	137532	111520	91390	88300	128100	35390	51530	64540	135520	122990	52130	35760	133500	14260	66570	32600	83421	82340	75120	139261	88290	98230	81950	140500	0	124912	80760	78380	44550	89150	91760	43750	25210	139871	30660	120950	129461	85490	135282	59631	92690	62500	69260	14150	78320	120820	123101	72580	44190	25170	78780	89661	88531	106630	99960	22050	116560	145021	81580	
80041	94140	69230	103811	38420	76680	137310	126670	32910	78940	138971	85790	28690	159261	137970	146590	60050	66050	21030	112750	7520	49420	14030	51562	36250	26650	63060	51350	32220	58550	110001	131960	128791	58680	75130	160930	96750	46450	86420	8420	72870	118950	15180	40262	37540	91180	70160	89491	123951	60871	95960	74171	86091	128681	83661	112171	91150	135681	53640	126790	66600	56840	58680	64130	136520	41830	124411	0	53040	47210	91130	91890	43140	165171	142971	54290	153171	69271	26350	89950	20240	70020	54260	80780	61261	137841	74220	25620	78431	69480	148930	100261	63420	51630	51610	65012	109482	121641	79442	63180	145800	
38450	46390	19450	64090	41640	95050	125800	115620	54650	27880	96711	34560	50160	115690	107960	130920	7590	23110	37300	64500	59200	41110	40130	59870	39010	65500	13740	22190	42880	40370	68880	92800	89070	14890	25350	132440	60360	79720	38680	46320	101210	108540	65700	58070	18980	80770	91520	46060	71300	17250	112960	54030	47240	80160	64540	68740	38840	93962	4260	107120	47570	88141	14890	28380	112030	62760	80980	53230	0	9370	42830	45270	13990	121470	95390	86950	109600	51240	65560	41610	63480	22670	50880	53900	25490	94270	23460	56980	54491	17140	109770	56830	47670	10330	9200	71400	103022	79681	90200	93901	121310	
35480	54550	22300	60500	32920	87980	120550	109910	48830	35920	94021	42600	50730	113000	104370	127330	15750	29770	33060	72660	53380	43930	34310	52800	31060	66070	16130	26510	37060	33300	66190	89210	85480	21550	28200	128850	67220	73340	39490	40500	93770	102190	59880	51690	13160	74420	84080	43370	76800	14690	105890	60430	43650	81530	70940	66050	46120	91272	12320	102810	41740	80701	21550	34780	108440	63330	78290	47410	9370	0	44200	52510	14590	118780	96190	80570	106910	56860	59740	49770	57660	23090	43810	49590	19680	91580	31620	51160	60891	25180	106180	54140	40600	16470	15340	64330	96672	76991	83130	86461	117720	
32130	45120	24260	48760	69480	113220	122070	114780	87190	35750	66050	32530	90740	79650	84412	120220	38140	47190	76900	55320	97220	75590	78150	82530	67700	106080	30010	56410	75420	58370	41790	67512	63202	45740	18410	110322	70640	110500	5240	84340	125160	107880	103872	87220	57000	87330	110680	19730	32600	32270	130760	80440	41420	37330	90950	35310	22450	65240	43920	99640	58260	115851	45740	55680	101330	103340	44560	91250	42650	44130	0	44680	54010	86650	52990	116461	73560	78400	100411	41020	101500	21830	72850	54910	40950	57050	35430	90500	80551	30030	81580	24970	62000	50160	49030	90690	110140	49020	106840	121611	110610	
67030	3230	41360	91260	81110	136510	162190	152770	94120	19320	109060	16360	84450	118840	127422	160900	39310	29030	72390	21840	98070	56290	78080	101530	78480	99790	43760	42550	82350	81870	84690	110522	106212	33670	41070	153332	29600	119310	44270	85190	141810	145870	105140	97540	58450	119430	131390	60990	48550	52660	154760	46220	77220	64400	55380	79410	23150	108250	42350	140320	86230	128310	33670	33790	142010	92150	89110	92050	44970	52450	44690	0	48520	129260	85850	126540	118110	46630	105150	4700	98280	47090	92540	89570	63690	101290	24040	96350	44660	30240	124590	68060	89170	39790	40960	113060	141942	92030	132000	134130	151290	
49470	51070	30830	75040	37260	92540	132310	121670	50270	36440	107731	43290	37040	126710	118910	140860	18100	24770	24180	69680	49810	31030	29870	60580	34630	52380	26220	14630	38500	45060	79900	103750	100020	15860	36730	143390	60400	75340	50070	38480	97110	113950	57470	53690	14800	86180	87420	57080	81120	28270	111101	49450	58190	91540	59370	79760	48650	104982	11290	116250	53500	84340	15860	27780	122980	49640	92000	43840	14000	14540	54210	48820	0	132490	106770	82570	120620	44980	60050	47130	50870	35150	54050	63920	34220	105290	31720	51470	50030	27040	120720	67850	52360	8810	8790	74660	108432	90701	90570	90160	132250	
90440	129910	104910	66360	131440	146740	110940	107810	146400	120500	31450	119040	168670	11450	56820	104710	119530	130720	152040	126790	171942	159120	152582	129920	133240	184562	108801	139940	136910	110650	65100	46170	43090	129270	100110	80910	156160	161260	88120	158802	163580	104920	171141	141200	132030	104550	147250	76030	82910	105180	150810	163970	82230	65830	174480	55340	108610	37470	124061	88950	102790	166611	129270	139210	87950	181620	43690	165802	121400	119020	86590	129500	132400	0	44220	167221	14250	161930	159960	127530	176222	100271	120360	89620	108900	33390	119300	151420	164081	113560	46980	65810	106450	130301	129171	131970	115430	47060	132930	171770	84370	
71480	86260	76930	65500	116630	151520	125980	122850	137100	86390	46490	81610	144600	33530	71860	119750	91190	100240	129090	83140	149672	128640	130312	123130	115320	160350	82270	109460	123620	102710	57090	61210	58130	98790	71080	97770	113160	154760	56960	136532	163460	117400	156202	132400	109190	112430	148980	53760	39260	82910	159650	130580	71860	22180	139740	35590	68810	52510	96590	103990	94850	160141	98790	108730	102990	157200	25290	143532	95320	96320	53340	85850	106680	43950	0	160751	35100	130990	149541	84530	153952	74020	113300	82750	87630	19620	88770	140880	129020	83080	62020	43540	98510	102830	101700	128300	124090	46180	141650	165901	99410	
90371	129030	96393	101461	48510	31270	101690	91050	34370	113830	136031	120553	80540	167391	127950	110540	93730	103490	68750	147640	50820	98130	61750	36541	51040	78090	90043	95860	45960	61081	110381	127391	124561	94970	100293	144310	141160	9560	110053	53700	18790	84030	46180	29240	68920	66400	24750	107611	149673	83533	44970	122881	86831	154403	132371	127611	121883	132171	87960	98550	64111	2600	94970	107970	112860	93270	139851	54170	86720	80620	115473	126780	82460	167261	160461	0	158871	117981	28220	125090	71680	93653	47591	78291	75612	153851	109110	37440	127141	103133	142041	114561	59481	88220	87390	39050	71050	121531	39840	8940	126270	
81700	118660	93170	57970	123050	138350	102550	99420	138010	108440	23060	106070	156800	8990	48430	96320	107790	118810	140300	115800	160072	147210	140712	121530	124850	172692	97061	128030	128520	102260	56710	37780	34700	117360	88370	74340	144100	152870	75530	146932	155190	96530	162751	132810	120290	96160	138860	64290	71920	93440	142420	152100	73840	56150	162610	43600	95640	29080	112321	80560	94400	158221	117360	127300	79560	169750	30720	153932	109660	107280	73620	118220	120660	14180	34550	158831	0	150020	151570	114560	164352	88531	111970	81230	98160	19720	107390	143030	152211	101650	38590	54070	98060	118561	117431	123580	107040	38670	124540	163380	75980	
86720	48260	59460	113540	81010	136290	175420	164780	91341	48660	139150	53980	48010	156450	155911	181660	49210	32420	51911	59140	74041	22991	57601	104330	78380	62840	58940	31260	82250	88030	112890	139580	135352	38800	64650	182371	28740	110891	75180	65901	137311	156920	82341	97440	58370	129150	131170	89160	93830	67330	154851	5080	96690	109680	14570	109500	64280	137722	47200	159060	96470	121281	38800	23730	162770	52760	121740	69921	50830	56980	78930	46700	45000	162230	131130	118731	150360	0	90791	48310	63150	66050	97240	104430	75560	134280	45630	86581	9410	48860	154680	98150	95330	42570	43740	117850	151402	122120	134320	127621	172050	
79191	107550	79850	93370	31500	52580	119241	108601	15430	92350	128770	99200	52580	157700	123180	128091	72270	82010	40790	126160	22860	70170	33790	33780	32361	50130	73100	69630	23791	49150	102260	121230	118400	73510	84271	146140	117500	20620	94031	25740	47040	101581	18470	22480	47460	74660	46060	93151	132941	67511	71860	94921	78410	137671	104411	117550	103950	125480	66500	110270	56020	31010	73510	82410	121730	65310	129790	26210	65260	59430	98741	105300	59890	158220	149381	28460	149830	90021	0	103610	43720	77631	39470	70200	60311	143790	87630	10580	99181	81700	135880	103921	51660	66760	65930	45820	90290	113410	59950	37350	131010	
63580	6780	37900	87810	79220	133720	158740	148280	92230	16190	105610	12750	82560	117930	123972	157450	36180	27140	70500	24890	96180	55180	76190	98400	76590	97900	40630	40660	80460	78740	81240	107072	102762	31780	37620	149882	31640	117420	40820	83300	139920	141260	103250	95650	56560	116300	129500	57540	47640	49530	151630	47500	73770	63490	56660	75960	19700	104800	40410	136870	83100	126420	31780	32680	138560	92400	85660	90160	41840	49970	41240	4920	46630	127750	84940	124650	114660	47910	103260	0	96390	43640	89410	86440	60560	98150	20910	94460	45940	27110	121140	64610	86040	37900	39070	109930	138413	88580	128870	132240	147840	
90831	100830	80020	114601	54230	94870	153680	142810	50601	86770	149761	93620	16380	170111	154110	162960	68430	71310	28450	118020	20790	45490	23800	69042	52060	9630	73850	56040	48030	74360	120791	143311	139581	66190	85920	177070	91250	63790	97210	25970	90210	135090	29090	57742	48330	107320	88350	100281	133360	71661	114150	67660	96881	139471	76730	122961	98980	146471	61620	142930	82410	74180	66190	67480	152660	25730	135201	20120	63550	58000	101920	98580	50650	176021	153821	71630	164021	62760	43690	96890	0	80810	70180	96590	72051	148691	82050	43951	71920	77370	160281	111051	79230	59140	59120	82492	126962	132431	96922	80520	161940	
22950	47800	7330	48840	49250	97620	116190	106010	66960	29230	75382	33120	72130	94491	90741	117950	21350	35280	56670	64350	76990	60940	57920	62300	47470	87470	9950	41760	55190	41350	47801	74491	70263	31690	7700	116651	66340	88190	16950	64110	106610	99110	83490	66990	36770	74561	94260	24861	54260	12040	115530	68530	34270	58990	79040	47541	30780	72633	25310	97370	43140	93541	31690	43770	99060	84730	59781	71020	23010	23900	21660	47360	35400	100271	73650	94151	88401	66490	78911	43700	81270	0	53310	44290	22990	73071	26120	70270	68641	18440	89683	35631	47160	31550	30420	73830	96263	58352	92090	99301	108340	
45210	94450	55320	56300	19780	46330	84560	73920	25540	73950	91700	80090	72940	120190	85220	93840	56700	73370	53390	113660	54680	82140	50610	12560	22770	78000	50000	67050	22950	16010	65190	83270	80440	65150	59220	108180	109940	41670	68330	45880	55470	66200	50680	20840	40460	38430	42970	62420	106290	42320	64240	101870	41670	111020	111790	80480	80760	88050	54810	74040	18950	47021	65150	78530	83770	86880	92720	54220	50970	43930	73040	93200	54000	120710	112990	47631	112320	97400	39100	89350	70090	52580	0	33130	32720	106010	70600	30570	102450	63210	97920	69370	14320	59400	58570	22680	61240	76340	41480	52781	93050	
24740	89730	48440	24030	43990	67510	72100	61920	56440	69650	59830	75050	97450	89130	60380	78030	56430	74990	75702	105380	83740	93100	74030	42470	45790	104970	47270	75450	49460	23200	34180	51230	48400	66770	50390	84200	106760	72110	49730	72390	79100	55020	81181	51740	54870	33030	64970	35640	84230	39420	82360	107000	14060	81060	117510	50520	71620	56010	57520	53420	15340	77461	66770	81380	59790	111082	62590	80930	53550	49210	54900	88900	63760	89650	82220	78071	81260	104240	70000	85050	96600	43550	32910	0	30500	75470	66540	61460	107071	58860	68200	39410	19000	63590	62460	44980	55840	45280	59090	83221	69070	
21410	65100	25340	44390	30570	77060	102730	92490	48720	44600	79550	50620	70300	103950	88260	108660	29210	47670	49482	82650	66430	63500	49052	42860	29260	80912	20950	46080	37000	19460	50560	73100	69370	39450	29240	112740	81710	69200	36440	53320	85890	84770	69310	47550	29020	57000	73700	34320	73750	12320	94970	78480	27540	78480	88990	57000	50840	76260	29110	84050	23800	75321	39450	52830	90420	82900	69240	61870	25270	19610	41150	63850	34160	108560	87530	75931	97860	75690	60721	60000	72402	22500	32990	30830	0	82530	41490	52080	78941	33810	90070	45090	26760	34520	33390	53410	79252	62200	71570	81081	99700	
66050	101710	77210	53800	111200	142000	108020	104890	129870	91740	28530	89370	140840	25090	53900	101790	91830	102110	124340	98590	144112	130510	124752	115170	109890	156732	81101	111330	117630	95900	45390	43250	40170	100660	72410	79810	127400	147530	58830	130972	155760	102000	150642	125170	104330	99800	141230	48330	54710	77480	147020	135360	65070	38940	145870	27200	78940	34550	96361	86030	88040	152911	100660	110600	85030	153790	14020	137972	93700	91320	56920	101300	104700	33370	19960	153521	19590	133320	143430	97860	148392	72571	105610	74930	82200	0	90690	134890	135471	84950	44060	38110	91700	102601	101471	121020	111460	33550	129140	158671	81450	
46980	25450	19100	73280	63500	114390	139210	129030	76510	5200	96310	12550	68280	113610	112990	142180	17120	14380	55420	43560	80460	44730	60580	79070	60870	83620	21300	27760	64740	59480	70050	96740	92512	17590	23090	138900	41080	101580	32330	67580	122340	122130	86960	79930	40840	97040	111030	46320	54630	30400	132300	47630	58500	69420	58140	66660	22160	94882	22000	120530	63840	109271	17590	22870	123290	80880	78900	74490	23430	31560	35630	24400	31550	119390	88620	108810	107520	45590	87420	20670	82110	25690	70080	67310	41300	91440	0	78740	47741	8020	111840	55310	66780	23630	24760	90600	119283	79280	109540	115031	132570	
71040	98620	71470	84880	23010	55580	114050	103410	8480	83420	120280	90270	49890	148940	114710	123330	63890	73630	35480	117230	25520	66010	29380	28210	24430	49601	64720	61700	15860	40660	93770	112760	109930	65130	76200	137670	108440	29190	86100	21460	55610	95690	21690	16910	39080	67920	49060	85220	124290	59580	74860	90761	69920	129020	100251	107900	95020	116990	58120	103530	47530	39580	65130	74480	113260	63830	121300	25590	56880	51050	90810	96370	51510	149460	141450	37030	141070	85861	10780	94680	44171	69700	31000	61710	52380	135190	78700	0	95021	73320	127410	95990	43190	58380	57550	42090	86560	104920	57290	45920	122540	
88811	46290	61571	115631	86060	141340	180470	169830	99070	47840	141261	52140	56680	158561	158022	184311	51631	34531	60581	52750	82711	31661	66271	109380	83430	71510	61031	36310	87300	93080	115001	141691	137463	41731	66761	184482	22350	119561	77281	74571	145981	161970	91011	102490	63420	133771	136220	91271	91860	69421	159901	5250	98781	107710	11260	111611	62330	139833	50131	161711	100571	129951	41731	26181	165421	60560	123851	78591	53761	60231	81041	44730	50050	164341	129160	127401	152471	9620	99461	46340	71820	68161	102290	107021	78491	136391	47741	95251	0	50971	156791	100261	100380	45501	46671	122900	156452	124231	139370	136291	174701	
39110	32080	11230	65780	57180	106840	131340	121160	70500	11580	90400	18260	63750	107700	107080	134310	10890	17700	50890	50190	75050	46100	55980	71520	54860	79090	13750	26920	58730	51740	64140	90830	86602	16250	16090	132990	48650	95570	26430	62170	115050	114260	81550	73920	34830	89300	103480	40410	54960	22530	124750	50950	50630	67510	61460	60750	22490	88972	16900	112660	56100	101981	16250	26190	115420	76350	72990	69080	16530	24570	30180	30830	27020	113480	83130	102591	101610	48910	81410	26980	77580	17820	62530	59440	33560	85530	8290	72830	51061	0	105930	49400	59040	21090	20320	83050	111413	73370	101990	107741	124700	
72960	124900	95893	47970	112050	118980	74390	78540	122050	112720	16100	111450	157080	46370	20380	67540	109913	122940	137852	134880	151190	149403	137422	106420	113850	169752	98513	130223	117520	91260	51220	18610	21840	120253	92330	40290	148380	136060	80340	140450	135440	75650	147190	116040	117870	76790	119490	66422	91000	94420	122670	156190	63840	75230	166700	50110	102230	18680	113773	59590	83400	141411	120253	131430	52220	169750	44360	148990	109940	106500	81600	124460	120940	46890	62390	142021	38500	154150	135610	120800	160772	89983	100970	68120	90510	44090	111520	127080	156301	105780	0	56920	87060	119980	118850	104910	87670	33590	105170	143630	45730	
28780	68380	40610	26170	73930	106190	99490	92200	92080	56200	41320	54930	103570	59370	59682	97640	55230	66420	87070	79470	106552	94721	87482	78440	72620	118910	43831	75541	80360	59170	17760	42782	38472	64970	35810	85592	91860	108080	23820	93702	118130	85300	112540	87710	67060	71710	103650	11060	47180	40210	121420	99670	28320	41790	110180	12420	45710	40510	59091	77060	51310	113461	64970	74910	78750	116170	24660	100582	56430	54050	25080	67940	67430	65150	42950	114071	53280	97630	104081	64280	110832	35301	68880	39210	44930	37950	55000	95440	99781	49260	56850	0	54970	65331	64201	83340	91150	24290	97450	119221	87232	
31160	90520	50760	42250	26470	52840	80970	70330	37710	70020	77650	76040	80160	106140	75920	90250	53270	69940	59310	108630	66700	82100	56740	23740	28250	87680	46370	65000	32420	7630	51140	70260	67430	61720	53750	98880	106510	53380	56900	55350	64430	62610	62850	33010	42450	34840	50300	48370	94680	37740	70030	99820	27620	97360	109740	66430	76260	74360	51380	67190	4900	58731	61720	75100	74470	94100	78670	63890	47540	40570	62080	89270	52350	106660	98130	59341	98270	95350	51270	85420	79170	46910	14180	19080	26700	91960	66910	42740	100400	59230	87230	55320	0	56790	55660	30310	57650	62290	46460	64491	83750	
48490	42250	26910	74130	43110	98390	135840	125510	56120	28510	105582	35360	45460	124691	118000	140960	13070	15950	32600	60860	58230	31730	38290	66430	40480	60800	22300	12550	44350	49620	78001	102840	99110	7040	32810	142480	52570	81190	46140	45720	103690	117790	65100	59540	20450	90020	93270	55061	74830	27290	116951	45600	57280	87620	56110	77741	42360	102833	6640	117160	56820	90190	7040	19950	122070	58060	89981	52260	10270	16480	50290	40000	8730	130471	102850	88420	118601	42810	66930	38310	59290	31230	59330	63940	34740	103271	23790	58350	46061	20910	119810	65831	56920	0	1300	79940	112272	88552	96420	96010	131350	
47360	43380	25780	73000	42340	97620	134710	124380	55350	29610	104452	36460	45430	123561	116870	139830	11940	17080	32570	61990	58200	32580	38260	65660	39710	60770	21170	13660	43580	48490	76871	101710	97980	8170	31680	141350	53700	80420	45020	45690	102920	116660	65070	58770	19680	88890	92500	53931	74330	26160	116181	46730	56150	86490	57240	76611	41860	101703	5510	116030	55690	89420	8170	21080	120940	58030	88851	52230	9140	15350	49160	41130	8700	129341	101720	87650	117471	43940	66160	39440	59260	30100	58560	62810	33610	102141	24890	57580	47191	20250	118680	64701	55790	1300	0	79170	111142	87422	95650	95240	130220	
59570	114600	75470	68370	39350	24280	74411	63771	35250	94100	100580	100240	87770	131940	91550	83261	76850	93520	70980	133890	64480	100330	65440	16980	42340	88132	70150	87650	38160	36140	77780	91110	89150	85300	79370	108070	130940	34700	85310	60710	35870	56751	60260	25320	60930	30440	21740	76780	123270	62470	42190	122470	56030	126400	132390	94080	100910	96760	74960	66050	33310	38500	85300	98680	78730	101710	106150	64552	71120	64150	90490	113350	74470	131810	127170	39110	123420	118000	45520	109500	82702	72730	25540	44760	52860	119030	90750	41880	123050	83360	104880	82970	30200	80000	79170	0	45460	87530	19430	41190	90030	
79870	143683	100803	65740	79500	45280	31430	20790	79990	122013	84690	127413	132510	114780	69860	40280	106922	125332	112690	160653	109220	138202	110120	61720	81630	132872	98662	121102	82900	63732	76660	73590	72550	117112	102753	75100	160283	72370	104860	105450	62030	13770	105000	70060	97260	23170	48160	90770	138050	90032	41600	155922	69190	132540	165842	100540	125643	80330	106772	30690	55942	70220	117112	130492	44350	146450	99860	109292	102932	96672	110030	142423	108452	114930	123910	71240	106540	151452	90260	137413	127442	95913	64430	55960	79042	111360	118903	86620	156502	111223	87360	91010	57760	112182	111052	45710	0	78760	31470	70240	57210	
43450	92360	64252	21900	86980	107730	83530	79050	99430	80180	18080	78910	126731	46220	36640	80940	78272	90400	110122	103450	126730	117762	109692	85460	88780	141552	66872	98582	92450	66190	18110	19740	15430	88612	59790	62550	115840	115100	47800	114770	122290	72150	124171	94730	90070	67180	106960	34781	70090	63371	113840	123650	37770	56640	134160	22880	69690	17270	82132	61490	58330	120481	88612	98890	61150	139331	22040	122792	79591	77211	49060	91920	90591	47090	46090	121091	38700	121610	112990	88260	133042	58342	75900	45160	62680	33540	78980	104450	123761	73240	33610	24380	61990	88372	87242	87590	78840	0	94580	126241	64190	
75740	133410	94280	76920	56410	14390	61850	51210	50580	112910	102510	119050	103660	132600	91850	70700	95660	111370	86870	152700	79810	116220	81330	33580	58940	102962	88960	103760	54050	52490	87340	91410	90370	102870	98180	105520	149040	41480	101840	76600	31140	44190	75590	40650	76820	30300	17270	93120	139800	81280	23570	138580	71540	143350	148510	109570	119720	98150	93770	58710	49480	39330	102870	115870	73020	117600	116610	79382	89930	82960	107020	132160	90360	132750	141760	40350	124360	134110	59720	128310	97532	91490	44350	59120	71560	129210	109560	57210	139170	102170	105180	98150	46370	96120	95290	19440	31210	94620	0	39350	87590	
95671	137160	101693	106761	56640	29860	100900	90260	43570	119173	141180	125853	89890	171650	128730	109750	100213	111620	78100	155770	60170	107480	71100	41841	59170	87440	95343	103990	54280	66381	115681	128290	127250	103100	105593	144570	149290	18910	115353	63050	12770	83240	55530	37370	77050	67030	22870	112911	154973	88833	38950	132231	92131	159703	141721	132911	127183	136820	96090	97760	69411	7360	103100	116100	112070	102620	145151	63520	94533	87053	120773	134910	90590	171800	165761	9410	163410	127331	37570	133220	81030	98953	52891	83591	80912	159151	115823	46790	136491	108433	143850	119861	64781	96350	95520	41220	70260	126831	39050	0	126640	
86730	151750	114230	62930	109840	101410	34230	40020	117180	135470	53560	137070	163530	83490	27560	25320	123950	141390	142680	165100	146320	161960	140110	101550	111620	169640	113140	143520	114910	89380	73850	47080	49380	134290	112830	21350	172620	123050	109450	137840	118160	44430	142320	111170	123000	61280	104290	93080	128120	106100	97780	174880	75520	112350	185580	85950	131340	51540	125590	29610	81520	126080	134290	148250	22120	178480	81480	145860	121620	118180	110710	151310	132210	84010	99510	126690	75620	171980	130740	147650	162050	108320	96340	69140	99580	81210	132410	122210	174951	124730	45600	87450	84000	131660	130530	90030	57370	64120	87600	126370	0	

0	                                          Redditch	0	0	32400	0

1	                                        Wellington	367	2734	17334	734
2	                                            Dudley	603	17554	29803	1206
3	                                           Evesham	572	6429	17666	1144
4	                                      Attleborough	651	11246	15453	1302
5	                                      Hardingstone	723	7799	15248	1446
6	                                          Abingdon	474	7130	18485	948
7	                                            Oxford	376	7417	20797	752
8	                                  Broughton_Astley	743	3559	10178	1486
9	                                        Albrighton	560	18078	29029	1120
10	                                        Gloucester	154	2529	16602	308
11	                                             Ryton	680	16706	26048	1360
12	                                             Derby	273	15545	19660	546
13	                                          Coleford	795	22565	26906	1590
14	                                       Cirencester	377	17527	19568	754
15	                                             Grove	117	7277	20771	234
16	                                           Walsall	202	19194	26646	404
17	                                         Penkridge	197	4432	18074	394
18	                                       Swadlincote	627	9523	15207	1254
19	                                        Shrewsbury	180	5454	19060	360
20	                                      Loughborough	469	4195	14302	938
21	                                         Uttoxeter	187	16259	22842	374
22	                                 Ashby_de_la_Zouch	214	5597	19586	428
23	                                             Rugby	183	4794	15260	366
24	                                          Nuneaton	592	4205	7817	1184
25	                                          Ilkeston	699	13382	24302	1398
26	                                     West_Bromwich	121	16170	25795	242
27	                                           Rugeley	147	4473	18827	294
28	                                          Hinckley	268	6609	9628	536
29	                                        Kenilworth	271	8315	15370	542
30	                                          Pershore	368	15211	21683	736
31	                                    Charlton_Kings	338	21844	26665	676
32	                                        Cheltenham	139	5633	17804	278
33	                                           Cannock	583	8402	23027	1166
34	                                       Stourbridge	180	12888	15288	360
35	                                   Wootton_Bassett	405	13705	26511	810
36	                                    Market_Drayton	227	3937	12282	454
37	                                 Market_Harborough	752	6809	21369	1504
38	                                     Kidderminster	794	15797	27208	1588
39	                                         Coalville	690	24517	26518	1380
40	                                    Wellingborough	170	12731	22703	340
41	                                        Kidlington	133	15743	20510	266
42	                                            Sileby	314	15545	20788	628
43	                                       Lutterworth	580	4856	10254	1160
44	                                          Tamworth	587	9028	18905	1174
45	                                           Banbury	305	6100	8953	610
46	                                       Northampton	481	12697	22228	962
47	                                         Droitwich	489	15620	22423	978
48	                                            Ludlow	231	13195	15861	462
49	                                        Birmingham	120	2004	5090	240
50	                                   Newport_Pagnell	352	6888	20075	704
51	                                    Stoke-on-Trent	143	17013	19646	286
52	                                          Alcester	425	9282	16623	850
53	                                        Leominster	160	3440	6365	320
54	                                         Kidsgrove	163	14221	19969	326
55	                                     Great_Malvern	195	16630	26935	390
56	                                        Bridgnorth	240	12725	20102	480
57	                                        Churchdown	319	11978	19355	638
58	                                        Brownhills	171	8936	15189	342
59	                                            Witney	695	10423	25306	1390
60	                                           Warwick	602	12748	23036	1204
61	                                          Rothwell	581	13077	22086	1162
62	                                      Great_Wyrley	564	7553	22493	1128
63	                                          Stafford	588	21858	26908	1176
64	                                         Carterton	100	13190	26959	200
65	                                            Belper	216	18922	26654	432
66	                                           Ledbury	319	3033	12121	638
67	                                          Shepshed	421	14304	21851	842
68	                                          Aldridge	136	2308	10866	272
69	                                  Sutton_Coldfield	582	12586	19827	1164
70	                                           Bewdley	466	9548	14476	932
71	                                            Hadley	703	13313	15399	1406
72	                                         Lichfield	596	22957	27634	1192
73	                                            Lydney	359	4943	19399	718
74	                                          Hereford	473	3735	11034	946
75	                                        Desborough	695	18542	22132	1390
76	                                        Cinderford	191	5488	16092	382
77	                                           Longton	495	13322	27258	990
78	                                             Oadby	536	5285	10225	1072
79	                                           Telford	445	25346	27555	890
80	                                        Long_Eaton	664	19753	23404	1328
81	                                         Halesowen	294	14985	24179	588
82	                                           Brandon	222	7135	21443	444
83	                               Stratford-upon-Avon	772	2349	16578	1544
84	                                          Solihull	123	4119	7861	246
85	                                            Yatton	642	5777	15009	1284
86	                                           Codsall	542	19286	21830	1084
87	                                           Enderby	807	3432	13937	1614
88	                              Newcastle_under_Lyme	196	10844	16685	392
89	                                     Wolverhampton	662	11953	19635	1324
90	                                            Stroud	304	11929	16758	608
91	                                         Worcester	660	14121	16908	1320
92	                                        Leamington	445	1765	15167	890
93	                                         Burntwood	545	22851	27357	1090
94	                                         Chasetown	295	13646	25884	590
95	                                          Daventry	119	19581	24631	238
96	                                          Bicester	246	21906	28094	492
97	                                        Tewkesbury	781	3378	17066	1562
98	                                         Towcester	700	18397	21441	1400
99	                                         Kettering	461	3937	6357	922
100	                                         Highworth	546	12268	20713	1092
