100

6350	3650

20	90

0	77200	64950	71980	82050	90760	85900	97600	29420	41850	45960	63870	76450	54590	68120	78720	93840	99290	94500	78260	87000	64492	95530	70000	36870	93320	92970	14780	27460	91400	76840	19980	80400	62800	47620	63500	77580	46100	27040	90590	26910	45440	85950	54360	39950	96160	54180	92360	82332	94270	80810	59830	50420	75150	74640	10540	9210	97110	25910	86960	32270	86240	85190	58720	59460	76240	66230	60260	50670	79480	82750	98110	92300	87100	82240	77160	42160	45980	75580	8220	35920	93430	32320	98050	90440	89270	95670	72220	76540	83790	46250	76550	15290	65580	93720	65620	51240	30950	42780	45290	73250	
76900	0	113620	102800	130411	116660	90620	89390	104480	85850	117320	40160	151660	129650	143330	100480	146141	47180	157252	81690	80190	117900	172040	145210	55790	119220	166910	77700	90930	158050	44980	78190	155560	137860	122680	133580	119460	115010	87340	168730	98480	101722	111850	22670	115140	162422	129920	168890	135250	139090	154750	98910	90870	104520	70630	82350	84720	148261	97480	125360	46550	161450	162280	133930	123262	150180	128320	136000	125880	106300	156690	176250	136251	153262	122730	145970	117370	56110	121260	83280	45030	48210	107530	134530	145832	30060	153222	147960	151600	153622	121460	150490	63120	141320	155752	137582	126300	73770	44920	120500	61720	
64720	113680	0	135620	131922	156570	58180	164411	53331	105330	38720	80320	106740	79450	103470	35050	143042	149002	138892	144040	70950	8070	115410	100540	96050	159130	122890	54320	88660	44660	88630	49010	110720	86880	66280	35530	133312	31450	89110	67980	46001	103182	149590	103661	82052	139242	57150	108260	21860	32380	117690	14900	24360	22740	66650	54800	69190	146852	44981	144942	88570	113060	97920	88690	107512	111190	16770	69160	85821	143120	120670	78620	144882	130182	138732	34500	75791	57250	130792	62930	79840	97170	74542	34070	137922	115170	142502	87340	95700	126252	85132	118002	74470	80410	139982	108702	64920	94430	79900	84642	71600	
71740	102620	135520	0	31541	26410	147840	54480	83011	31150	104151	116260	79270	83310	74150	147790	47271	86500	74590	39080	148940	131512	99980	77340	56370	25960	88780	85000	47530	149261	129230	90200	78890	82690	86551	123591	20380	107911	45630	132811	90860	33831	16100	84340	59901	81940	98291	99740	147981	162121	76880	129370	119960	145520	136580	81110	65590	49391	93260	22660	69940	86690	102930	78100	43390	73510	128541	101600	72760	9780	77370	136870	37381	72780	20030	137591	70401	104470	23200	71970	81340	141980	61871	168034	55401	131040	63281	95020	89000	73660	62290	71900	70620	93070	72763	58100	94651	40980	88200	65400	131740	
81540	130281	132391	32921	0	47950	162450	84690	78950	48341	100090	134406	62160	70830	57040	158120	19350	114161	46930	68331	163550	126180	82440	60230	77221	45410	67790	96040	55950	140640	147376	101240	61780	66690	79290	116300	12780	103850	55700	116781	91980	39060	34640	108721	52450	55610	91030	82200	143730	157870	57320	133520	126550	150982	151190	89520	74500	21470	94810	20980	88141	69570	85350	62100	27260	56400	124290	89470	60540	34100	57110	120330	12070	49140	14790	129620	61780	119080	10610	80170	99541	161831	57810	164544	27580	152711	35590	78830	71460	53140	51540	52540	85230	77050	44950	39020	85750	58171	106401	54650	146350	
90790	116850	157040	26810	47400	0	165720	60610	107711	55960	128851	130490	101300	106290	96180	166250	63130	98140	92150	45210	166820	156582	122250	99370	70600	6450	110810	104050	72350	173961	143460	109250	100920	104720	111251	148291	37930	132611	70450	154841	116930	58531	15220	98570	83290	100830	122991	122010	172681	188755	98910	151920	142510	167240	154460	100160	90410	65250	115930	36720	84170	108720	125200	100130	65210	95540	153241	124580	95740	18460	99400	158900	53240	94360	34090	162291	94300	123290	39520	96790	95570	156210	85680	193495	71260	145270	79140	117050	111270	95680	84490	93920	89670	115100	88622	79920	119351	60030	102430	87600	147680	
85570	90490	58080	147620	162770	165000	0	162480	100080	117970	88230	50870	156360	128470	150220	26890	176260	130950	178710	143670	13800	65070	169840	150120	94380	167560	173461	72320	110520	102240	48210	66080	160340	136680	115150	93020	154640	80970	106930	125470	84760	125630	160190	90620	122030	180370	110230	162690	75360	69540	164661	48020	48740	38980	20480	78550	93860	179530	81920	162600	80890	163820	151480	137370	143600	157851	74260	122720	130710	154050	166931	136110	169361	171310	158920	91990	120680	43880	154940	88810	70570	51460	113920	60560	174650	70610	179880	140900	149260	168000	127850	160760	78410	133970	177930	149830	116920	106590	67280	126890	32450	
97551	88890	164201	54360	84610	60400	163090	0	123331	69310	145211	117350	130370	130620	125250	163610	100340	57290	124990	20150	160180	163743	151320	128440	69900	62960	139880	110811	87730	193831	129820	116011	129990	133610	131980	162751	74470	145351	85411	187181	124091	79190	55980	78500	105330	132340	143720	151080	186983	197644	127980	158590	148670	166800	147820	106921	98961	102460	123091	73930	81440	137790	154270	127460	93790	124610	166891	147480	120070	50580	128470	191920	90450	123180	71300	178261	115830	117190	76360	105171	89420	135130	107300	202384	108470	116600	116350	145950	140340	124750	109690	122990	92990	143230	123490	108500	140080	67001	95030	112800	138910	
29640	105060	53441	82471	78760	107101	99820	123561	0	58250	21140	86600	57710	29820	52760	79800	89880	128530	86180	103190	104700	47230	73070	51290	64730	106651	74180	34760	38990	66580	98720	38200	61690	38030	18200	38680	79170	24900	42280	61170	15340	50801	96520	82220	28890	86530	24760	67590	62550	76690	67201	54570	51920	69990	92340	27580	26160	93150	18170	90020	60130	64350	59540	38540	54530	60391	43110	30840	33270	90170	69471	68690	89960	77470	83830	52340	23240	64860	76650	22030	63780	115310	21380	83592	84940	117130	89520	47320	51770	73540	32420	65290	43150	40390	87000	55990	21820	55770	70640	31930	92130	
41570	86460	105350	31230	48151	55770	118070	69400	57510	0	78650	89360	76280	66170	69980	118010	63881	88080	75690	51340	119170	102092	96560	73250	32120	56200	87100	54830	19050	126640	102330	60030	75900	72730	65730	96190	38250	82410	17150	115030	62380	20160	47250	63620	45450	80860	77470	96320	120060	133864	74680	100230	90820	115550	106810	50940	37110	66001	64780	46210	43040	83690	97110	67190	41700	70520	100620	81270	59200	40020	75770	122550	53991	71700	42530	109850	50810	74700	38550	43490	54440	116730	40270	138604	64320	107610	71710	85050	83220	72060	49420	69700	40850	78780	74190	56020	73830	12930	61300	52530	101970	
45860	117101	38680	103791	100080	128421	88060	145391	21320	79570	0	85241	70190	42300	65980	66140	110210	142262	103790	125020	96730	31150	83820	63950	80010	127971	86660	41400	60310	48520	96861	40400	74180	50510	28980	20620	100490	8820	63600	55760	20140	72121	117980	96150	50210	104140	25080	76670	46230	60370	81140	40920	42840	56340	88920	36200	44110	113480	20910	111340	75410	76830	66330	51200	74140	74640	26790	37570	49570	111630	84020	65590	111280	95080	105150	34280	39530	62731	97970	38910	73700	113451	42700	67440	104550	119681	108990	55750	64110	90700	50180	80850	58430	48820	105370	73730	30750	75570	75621	48530	89971	
63470	40280	79980	116190	133334	130050	51120	117840	86110	89280	84540	0	139010	114830	130680	61910	148703	80360	154640	103500	43490	84260	157890	132560	60020	132610	155010	52760	85100	124290	13130	48780	142960	123040	103890	100270	124390	82230	81510	137710	71820	100210	125240	40410	101990	158200	102980	152600	101490	105450	142850	66130	58090	70880	31130	59180	71760	151184	68980	132350	46530	148600	144230	121080	119450	138280	94680	115470	113230	119690	144790	147540	139174	149140	128670	112660	103460	23330	124690	69540	35620	29720	94880	99440	148603	35210	155090	132460	136780	145830	108560	138590	52990	125820	153140	127660	107510	77200	30040	107850	22220	
76780	152040	106600	79720	61880	102300	156090	130720	57430	75540	69820	138490	0	27580	11630	134180	65570	159090	44621	113260	161251	99930	24570	6630	103820	100970	18140	87110	65070	95720	151460	92720	5000	20240	42900	77890	67190	77600	68270	66110	72130	59670	90190	129200	39250	40060	50460	23550	113070	127210	12070	108950	108710	124370	146860	79930	68670	69440	74960	77990	107110	12760	28990	19830	35770	5670	93630	41440	28720	85300	15050	62980	73080	32300	71850	90770	36820	119380	64570	70580	111580	171280	44810	134280	55000	164930	54760	22950	15030	22670	33250	12770	90810	28930	46211	23550	43200	84890	118440	33330	146650	
54960	130380	79640	83550	70370	105850	128510	133200	29850	66960	42240	114750	27920	0	24250	106590	78790	149540	64500	115140	133780	72350	43280	21720	85090	105400	44390	62680	47790	72490	127720	67280	31900	8240	15320	50920	74930	50020	50990	51160	44550	52701	95570	107540	25480	64370	23490	37800	86100	100240	38870	81370	81130	96790	121420	55500	49150	82660	47380	85730	85450	34560	32220	9470	43790	32370	66660	18840	11480	89220	41850	56980	81570	55790	79590	64240	15340	93940	72310	47350	89100	144310	25880	107310	70800	142450	73350	19250	21980	49250	20980	39120	68470	12980	66080	37700	16230	68250	95960	18840	121210	
68450	143710	103270	74560	56720	97140	150020	125560	52920	69350	65870	130160	11590	24180	0	130230	64510	153930	46840	108100	153290	95980	32300	6760	94780	95810	28710	78780	56030	95500	143130	84390	15570	18970	38950	75100	62030	73650	59230	68171	66410	51930	85030	120870	30360	45620	47670	30870	110280	124420	20190	105000	102060	120420	138530	71600	60340	68380	69240	72830	98780	22390	31530	15450	30610	13470	90840	41220	21540	80140	22450	65520	67920	38070	66690	88420	29640	111050	59410	62250	103250	162770	36480	131490	55380	156600	55690	25010	17640	29700	24360	19280	82480	28710	48420	20710	40410	76490	110110	24440	138320	
78570	100650	35370	148290	157420	165610	26750	163090	79870	118640	66450	61720	134580	106690	130370	0	168540	136451	164760	144280	39520	42360	147190	128340	94990	168170	151050	65320	104700	78920	60680	59080	138560	114900	93370	70310	155310	59190	105150	102760	67500	123050	160800	91330	107530	165110	88450	140040	51510	47410	145530	26240	31480	14780	38420	70840	85230	172720	64660	163270	81500	141220	129700	115590	133170	139030	51550	100940	112360	154660	148410	113400	170031	156050	159590	69280	102330	44640	153660	78970	71190	69220	99640	38970	163750	87870	168330	119120	127480	152070	110950	143820	79080	112190	165810	134520	95140	107260	67890	110460	43650	
94050	145971	143341	48611	19150	63640	175540	100380	89900	64031	110480	149094	65460	78910	64720	169300	0	129851	34030	84021	176640	137130	85100	67380	92911	61100	67110	106990	68620	149750	162064	112190	65080	74770	88400	125410	28470	114800	68370	124861	102930	52360	50330	123574	62050	44750	100140	85500	152920	167060	59290	144470	137500	160172	164280	100470	85890	5270	105760	36670	103024	72870	92500	70180	36350	59700	133480	97640	69630	49790	58500	127630	23340	44410	30480	138730	70890	131750	26300	91120	114424	176714	68760	173734	14090	167594	19760	85980	78610	51271	60630	54700	97900	85130	30250	44930	94840	73861	121284	63740	159020	
99150	47060	148390	86930	114541	98060	130770	57310	128020	88600	142020	79970	159490	149300	154370	136050	130271	0	154110	54100	122880	148520	180440	157560	64890	100620	169000	100980	101820	186730	90070	101470	159110	155980	146220	157750	103590	139710	98450	197130	121760	105410	93640	43900	128990	161460	153460	180200	167310	174930	157100	132970	123050	140090	110520	105630	103630	132391	120760	109490	67780	166910	182480	150500	122910	153730	156380	159540	142450	88240	157590	205160	120381	152300	106860	172490	133940	91680	105480	105530	67220	91520	123040	170870	138401	71920	146281	169160	169460	153870	135890	152110	84350	162890	152610	137620	149840	80140	69760	136560	101530	
93790	157754	137443	74990	46960	92620	177850	125600	84210	75380	102940	153700	43991	64140	46390	163260	34340	153970	0	108140	178950	131440	56830	48590	104180	90080	38260	106730	72680	136630	166670	111930	41460	60000	78910	115060	57450	109110	72430	108980	96790	60460	79310	134914	57630	12000	87630	59450	146780	160920	33300	138612	132440	154032	166590	100390	85630	36210	99620	65650	114364	46540	71860	55410	36250	38231	127340	82780	58070	78770	32190	105850	54460	12990	59460	128380	63350	135810	55280	91040	121360	183680	66100	167594	22190	175080	17640	65951	58031	22710	53450	31451	101960	70270	5050	30230	80370	84740	128220	55850	163080	
78221	81590	144361	39180	68151	45150	143980	20160	103491	51260	125371	103480	113100	112570	107980	144500	83881	54080	107720	0	143020	143903	134050	111170	50540	47710	122610	91481	69411	172661	115950	96681	112720	115560	113930	142911	57200	125511	66081	163440	104251	61140	40730	64630	87280	115070	125670	133810	163423	176474	110710	139241	129560	147690	130660	87591	79631	86001	103251	58680	63570	120520	137000	109410	76520	107340	147051	129430	102020	35330	111200	169340	73991	105910	56050	158421	97780	99490	59090	85841	71720	122270	89250	177700	92011	109300	99891	127970	123070	107480	91640	105720	73630	125180	106220	91230	122030	47671	78530	94750	123880	
86590	80090	70840	148640	163790	165430	13810	160080	104430	118990	96530	43590	159200	133480	151750	39650	177280	123290	179730	142510	0	77830	177650	152750	95400	167990	176651	73340	111540	115000	35710	67100	162461	141690	122210	105110	155660	89270	107950	138230	89660	126650	160620	83340	123050	181390	118530	170990	88470	83170	166040	59930	55740	51740	12830	79570	94880	180550	86820	163620	81910	168930	159780	140040	144620	159571	87020	131020	132450	155070	167980	150080	170381	172330	159940	104750	122420	44900	155960	89830	71590	38960	114940	74190	175670	58110	180900	149200	155430	169020	128870	161780	79430	142270	178950	150850	125220	107610	68300	127910	25170	
63731	118170	8100	130231	125992	155421	65420	163262	47401	101631	31390	84810	100420	72530	96210	42280	137112	149122	132962	142891	78190	0	109480	94180	96170	155643	116890	54440	83631	44040	93500	49130	104400	80740	59210	30570	127382	24120	84691	64950	40071	97252	145652	103781	76122	133312	51220	102330	24180	36100	111370	20240	28850	29980	71520	54071	64761	140922	39051	139012	88690	107060	91990	81430	101582	104870	13740	63230	79010	139021	114250	75590	138952	124252	132802	31470	68980	61740	124862	59561	82421	102040	68612	40470	131992	119660	136572	81410	89770	120150	79202	111080	74590	74480	134052	102772	58990	93441	82481	77980	76470	
95810	172660	115510	100460	82380	123050	169960	151430	73240	96040	83830	157520	25190	43390	32500	147200	85320	179800	57660	133970	178630	110030	0	26680	122990	121720	20020	105640	84240	95350	170680	110450	22430	36220	58710	86800	87690	90470	87440	59360	87940	80170	110940	149820	58420	48510	59410	8480	120640	136120	27250	121980	123900	137400	166140	98460	87700	87791	90770	98490	126140	14960	23970	37550	56270	26170	102540	48650	47400	106150	28880	55950	93580	44730	92350	93760	55430	137110	85070	89610	130610	190091	63840	143190	71700	184730	69671	28320	22750	34390	52420	31670	109840	36150	59740	44050	54050	104700	137470	52500	164380	
70420	145680	100540	77740	59900	100320	150030	128740	51370	72970	63760	132130	6640	21520	6770	128110	67490	157110	48950	111280	155001	93870	26630	0	97520	98990	23760	80750	58770	89660	145100	86360	10620	14180	36840	71830	65210	71540	61970	62331	66070	55110	88210	122840	32950	44480	44400	25130	107010	121150	17590	102890	102650	118310	140500	73570	62310	71360	68900	76010	100750	17230	25690	13770	33790	11090	87570	35380	22360	83320	20570	59680	71100	37450	69870	84710	30460	113020	62590	64220	105220	164740	38450	128220	57490	158570	57800	19170	11800	28190	26950	17920	84450	22870	50530	22950	37140	79230	112080	27030	140290	
37070	56060	95930	56380	77051	70240	95320	69890	64650	32040	80140	60090	103510	85070	94590	95850	92781	64900	104630	50520	96420	95860	122840	97260	0	72800	115640	45370	39660	127430	73060	46820	104290	91750	82850	97680	67150	80280	36070	126870	61090	48360	65430	33220	65340	109800	89410	120580	117100	127970	103480	88980	79060	99030	84060	44960	41250	94901	60090	75110	13770	112080	116920	86270	70640	98910	101820	95490	78220	59880	104710	134390	82891	100640	71430	113190	69710	52890	67450	43450	25170	87460	59390	129040	93260	78340	100650	103950	104850	101000	71910	98640	23290	97550	103130	84960	86470	19960	32030	72460	77280	
92980	119040	159230	27630	44920	6540	167910	62800	107171	57290	128311	132680	100760	105750	95640	168430	60650	100330	89670	47400	169010	156281	121710	98830	72790	0	110270	106240	73670	178821	145650	111440	100380	104180	110711	147751	35450	132071	71770	154301	118540	57991	12410	100760	82750	98350	122451	121470	172141	188215	98370	154110	144700	169430	156650	102350	91730	62770	118120	34240	86360	108180	124660	99590	64670	95000	152701	124040	95200	19160	98860	158360	50760	91880	31620	161751	93760	125480	37040	98110	97760	158400	85140	192955	68780	147460	76660	116510	110730	95140	83950	93380	91860	114560	86142	79380	118811	62220	104620	87060	149870	
93050	167720	122710	88900	67460	111300	172631	140840	74060	85860	86450	155080	18260	44210	28400	150810	67020	169210	39360	123380	176792	116560	19920	24000	114660	109970	0	103461	77400	109990	168050	108271	13900	36870	59530	94000	76190	94230	80600	74000	88760	70460	99190	144880	55000	30210	66610	22540	129180	143320	13140	125580	124671	141000	163961	96281	84890	69491	91590	86140	122790	12480	37210	37200	45120	16880	109740	56680	45191	94400	13060	70870	78440	26430	79950	105250	52251	134931	73570	87191	127800	187500	61421	150390	53400	181150	51371	36350	28430	16090	49320	17430	107140	44180	41440	31920	59830	95210	134660	49470	162201	
14680	77840	54310	85060	95940	103840	72530	111101	34650	54930	41420	52710	87130	62830	78800	65340	107090	101551	107750	91340	73630	54240	105890	80680	44200	106400	103750	0	41320	86860	65680	6610	91080	71040	52430	58960	91740	41450	41380	91840	22370	59670	99030	56400	51110	109410	56450	100600	72760	83630	93260	49190	39530	64260	61270	7180	22970	110360	21260	100040	39160	96600	93430	69080	72710	87270	61580	65070	61350	92560	95520	99360	106321	100350	96020	72620	51460	33790	89920	17890	33950	82270	43000	87410	103690	87160	108920	80460	84780	97040	56930	89640	22620	73820	106970	78870	56050	44030	39730	55970	61060	
27640	91020	88830	47910	56490	72550	110270	87430	38780	19490	59920	84790	64760	47440	55840	105130	69440	100850	73580	68090	111370	84122	84090	58510	39450	72880	76890	41410	0	107910	97760	46610	65540	54000	47000	77460	52910	63680	3520	94860	45010	19560	63930	68180	27490	78750	58740	82590	101330	115013	64730	83710	74300	99030	99010	36520	19930	72710	47600	62890	46090	73330	79290	48530	38590	60160	81890	62540	40480	56700	66670	102380	67310	69590	57750	91120	32080	66900	50590	26310	52450	114350	21540	119753	68090	105800	74030	66320	67100	67550	33940	60470	33050	60050	72080	49270	55100	20780	59310	34610	94170	
91370	158600	44620	148041	139770	172671	102360	193400	66830	127360	48570	124680	95940	72380	95590	78930	149140	187032	136880	172300	115130	44110	94600	89740	127290	178541	110040	86890	108040	0	132860	85080	99920	77850	63450	29590	143180	49660	111330	35750	65650	116141	162230	141361	91590	133780	50170	89290	30410	42920	106890	58750	68210	66170	110500	81710	89620	152410	66420	154150	122690	100220	74220	81850	113070	100390	30300	56530	82060	155880	109870	46390	150970	126750	147960	17700	79090	101100	140660	84420	119520	141400	86880	52540	143480	160090	146270	73750	82570	117490	89110	107220	104030	67320	138460	110080	57850	122850	120061	87460	115450	
76420	44910	88860	129140	146284	143000	48180	130280	97760	102230	96190	13100	151960	126810	143630	60890	161653	90120	167590	115940	35740	93400	170060	145510	72970	145560	167960	65710	98050	132930	0	60430	155791	135020	115540	111920	137340	93880	94460	149360	83470	113160	138190	52850	114940	171150	114630	164580	109220	108490	155800	74210	69740	72980	29720	72130	84710	164134	80630	145300	59480	160890	155880	133370	132400	151230	103820	127120	125780	132640	157740	159190	152124	162090	141620	121550	115750	34980	137640	82490	48570	17780	107830	99120	161553	29200	168040	144440	148760	158780	121510	151540	65940	137730	166090	140610	119160	90150	42870	120800	18820	
19790	78240	49100	90170	101050	108950	67100	116211	38060	60040	40420	49780	92700	67110	84370	59920	112200	101951	112860	96450	68200	49030	110360	86250	47040	111510	108761	6540	46430	85120	62220	0	96091	75320	55840	57230	96850	38110	46490	93550	24890	64780	104140	56800	56680	114520	58860	104880	67550	78420	98830	43980	34320	59050	55840	13080	28080	115470	23040	105150	39560	101190	97180	73670	77820	92840	56890	68480	66080	97670	101090	101770	111431	105460	101130	70650	56050	28360	95030	23460	34350	78810	48570	82200	108800	84890	114030	84740	89060	102150	62500	94910	25460	78030	112080	83980	59460	49140	36810	61540	55630	
80561	155821	110700	79480	61640	102060	159801	130480	61530	75300	73920	142271	4990	31680	15570	138280	65330	158850	42360	113020	163962	104030	22360	10730	104100	100730	13780	90631	65680	99820	155241	95441	0	24340	47000	81990	66950	81700	68880	70210	76191	59430	89950	132981	42490	36070	54560	22120	117170	131310	9000	113050	111841	128470	149581	83451	72451	69200	79021	77750	110891	9490	33090	23930	35530	5430	97730	45540	32361	85060	11520	67080	72840	29380	71610	94870	39421	122101	64330	74361	115361	175061	48591	138380	54760	168711	54321	27050	19130	19040	36490	12530	94591	33030	44440	23310	47300	84650	122221	36640	149371	
63180	138600	87030	82810	66360	105340	136730	133650	38070	73370	50460	122970	20560	8220	19050	114810	74780	156470	60490	116190	142000	80570	36030	14360	92020	104700	37030	70900	54420	77940	135940	75500	24540	0	23540	58320	70920	58240	57620	50801	52770	55510	93920	115760	28640	58400	30890	30550	93500	107640	31510	89590	89350	105010	129640	63720	56570	78650	55600	81720	93670	27200	25960	7850	39780	25010	74060	23630	15540	88710	34490	55540	77560	51370	75580	71640	22270	102160	68300	55570	97320	152530	32740	114710	66790	150670	69340	12990	14730	42110	23630	31840	76690	11150	62070	33690	23630	74880	104180	22000	129430	
47840	123260	66040	86641	78600	111271	115080	136000	18200	66550	28810	104250	43210	15320	39000	93170	87970	146730	79250	117610	122350	58920	58570	36970	82930	110821	59680	52410	47380	63080	116370	55850	47190	23530	0	39650	82010	36590	50580	49880	32900	54971	100830	100420	30420	79120	13470	53090	73240	87380	54160	67940	69480	83360	109990	45230	44360	91240	35730	92860	78330	49850	45920	24220	51900	47660	53800	18850	23030	94480	57040	57400	89800	70540	86670	52970	17920	82510	79490	40230	81980	132960	25710	94450	82310	135330	86750	32950	37270	64000	27940	53870	61350	26240	80830	51490	9830	67660	88840	26290	109780	
63470	133091	35620	123191	115610	147821	93120	163001	38930	97240	20670	101231	77890	50600	74850	69990	124980	158252	115100	142630	105200	30800	86560	71690	97620	147371	94040	58990	77920	29570	112851	57270	81870	58030	39760	0	119020	21860	81210	39240	37750	89731	137380	112911	66860	114970	28300	79410	37580	51980	88840	48730	51310	57680	97390	53810	61720	128250	38520	129990	93020	84210	66210	60070	88910	82340	18980	40310	60280	131030	91820	49880	126810	106390	123800	15100	54930	78721	116500	56520	91310	127910	60310	59050	119320	138661	123760	58490	66850	99440	64950	89170	76040	51560	116680	88300	36070	93180	91611	63300	102340	
77240	119410	133823	21800	13040	37870	154880	74250	79230	38190	100370	124310	67300	74860	62190	154820	28770	103290	57790	57460	155980	128343	87580	65370	67070	35330	76720	91680	52600	143870	137280	96880	66920	70720	82320	119530	0	104130	50470	120821	92260	33240	24560	98570	53800	66470	94060	87340	144200	158340	64910	134210	124800	149530	143620	87020	70430	30890	95090	11940	77990	74710	90530	66130	31420	61540	124760	93390	64460	24020	65310	124880	18880	60000	5750	132850	64810	111510	2810	76810	89390	151680	58090	163974	36900	142560	44780	83030	76600	61600	55000	59930	77660	81080	54270	46130	89670	48020	96250	58110	138780	
45680	114861	31581	107491	103780	132121	81060	145211	25020	83270	8780	83001	77810	49920	73600	59140	114900	140022	110630	124840	89730	24200	90280	71570	79830	131671	94280	41110	64010	49830	94621	38160	81790	58130	36600	21930	104190	0	66640	58290	22020	75821	121680	94681	53910	110980	31540	83130	40680	54820	88760	33920	35840	49340	81920	36020	46710	118170	21000	115040	75230	84450	72790	58820	79550	82260	21240	44030	56400	115330	91640	68120	114980	101920	108850	35450	46370	60491	101670	41510	72510	111211	46400	61732	109960	117441	114540	62210	70570	97540	57020	88470	58250	55280	112020	80570	38300	75390	73381	55370	86870	
27090	87670	89180	45540	56010	70180	106920	84340	42220	17120	63360	81440	68200	50880	59280	105460	68960	97760	73100	65000	108020	85262	87530	61950	36100	70510	80330	41530	3760	111350	94410	46730	68980	57440	50440	80900	50720	66870	0	98300	45550	18870	61560	64830	30930	78270	62180	86030	103102	116153	68170	84060	74650	99380	95660	36870	20280	72230	47950	60520	42740	76770	82730	51970	38110	63600	85330	65980	43920	54330	70110	105820	65440	69110	55380	94560	35520	63550	48720	26660	49100	111000	24980	120893	67610	102450	73550	69760	70540	68310	37380	63910	29700	63490	71600	51210	58540	17690	55960	38050	90820	
90400	170271	68490	132941	116491	155471	125990	186641	60760	114600	55590	138411	66370	51060	68050	102860	124911	197210	109871	166321	138760	65610	58850	62200	128240	154881	74340	91570	95170	36280	150031	93570	70350	50761	50110	39770	121051	58160	98370	0	70740	102801	144101	147600	75700	103620	36830	53540	63840	78940	76550	82360	88390	90550	133780	86370	86920	128781	72550	131851	123640	65440	38650	58001	89771	70920	51800	32840	61700	138841	79070	10640	127811	96930	125711	36960	63860	115801	118431	82790	126990	164300	73410	88190	116921	175841	119371	43100	51920	86590	71200	78020	105810	40231	111461	83581	41070	115890	128791	69060	138730	
26870	98600	46182	90930	91230	115840	84480	124371	15310	62510	20190	72571	72410	44520	66430	67400	102350	124331	98200	104000	89651	40702	87770	65990	61020	116170	88880	22410	45110	65630	84181	24910	76390	52730	32900	37730	91640	22310	45570	70940	0	61950	106950	77160	41360	98550	35550	82290	58542	71593	80871	44910	36580	60330	77291	17210	25640	105620	2830	102490	56420	79050	74240	53240	66820	74061	42160	45540	46940	99720	83141	78460	102430	89490	96300	51390	36910	50051	89120	20440	54710	100771	33850	76333	97230	107001	101810	62020	66470	85560	44440	77310	39440	55090	99290	68010	36520	56580	60490	43950	77291	
45240	101964	103343	33590	39560	58220	125470	79120	50850	19590	71990	99990	59940	52600	52140	123020	52450	104830	60610	61060	126570	97863	80220	55410	48390	57770	70840	59550	19640	115740	112960	64750	59560	55050	54390	89530	33510	75750	18720	102540	61790	0	47790	79124	27740	65780	66130	79410	113400	127540	58420	101600	92190	116920	114210	54410	38070	55720	64560	44560	58574	67350	79270	49350	26430	54180	93960	69890	42050	41590	59640	109210	47910	56620	38370	103190	38240	82100	31190	44450	67650	129550	29710	133494	51840	121000	59230	67460	65380	56630	31580	53440	48250	65210	59110	39910	62490	28940	74510	34690	109370	
85410	111470	149190	17400	34450	15580	160340	56320	96140	47150	117750	125110	90410	94830	85290	160860	50180	93850	79200	40920	161440	145720	111360	88480	65220	12710	99920	98670	63530	162680	138080	103870	90030	93830	100150	137190	24980	121510	61630	143951	106860	47851	0	93190	72610	87880	111890	111120	161580	175720	88020	144070	134660	159390	149080	94780	81590	52300	109260	23770	78790	97830	114310	89240	54530	84650	142140	113120	84280	10260	88510	148010	40290	81410	21140	151190	83590	117910	26570	87970	90190	150830	75000	182394	58310	139890	66190	106160	100380	84800	73810	83040	84290	104210	75672	69240	108250	54650	97050	76920	142300	
54320	22940	103010	84880	107983	98740	90860	78950	81900	63270	95910	40400	129080	107070	120750	92270	123352	44190	134672	64610	83230	103140	149460	122630	33210	101300	144330	56080	68350	140760	52870	56570	132980	115280	100100	112370	98380	94330	64760	146150	76860	79142	93930	0	92560	139842	107340	146310	121930	130030	132170	87590	77670	95460	70870	60730	62140	125833	75860	106340	23970	138870	139700	111350	100682	127600	111000	113420	103300	88380	134110	153670	113823	130682	102660	124760	94790	49320	98680	60700	23410	59190	84950	125470	123252	48250	130642	125380	129020	131042	98880	127910	40540	118740	133172	115002	103720	51190	25950	97920	61960	
40690	115950	82411	59181	52350	83210	122030	105041	28970	45371	50110	102400	39220	25580	30250	107530	61720	128500	58220	86981	123130	76200	58350	32770	66170	82760	55020	51020	27970	91720	115370	56630	42460	28570	30370	66570	53750	53870	31170	75880	42000	27511	72930	93110	0	59440	42110	56850	91520	105660	42860	83540	76700	98960	110770	43840	32580	64990	44830	64600	71020	49060	53950	22870	25650	38290	72080	43560	15030	66580	45120	82190	63550	50380	58410	80230	13730	83290	51230	34490	75490	131960	8720	112562	56060	128840	60640	40980	41250	46880	7260	39100	54720	38190	58120	28900	38470	48430	82350	7820	110560	
95840	163074	138373	82730	55390	101170	179900	133340	85140	80700	103870	157870	40360	64140	46060	164200	44750	161710	12000	115880	181000	132370	48540	45700	109500	98630	29990	108780	78000	134790	170840	113980	36830	59310	78910	115060	66000	110040	77750	103940	97720	65780	87860	140234	59150	0	87630	52480	147710	161850	28670	139542	133370	154962	168640	102440	87680	46620	100550	74200	119684	40320	67150	55410	41310	34770	128270	80510	58590	87320	27560	100810	64870	9670	68010	128380	64280	139980	63830	93090	126680	189000	67620	168524	32600	180400	28050	62320	54400	18160	54380	27990	107280	68000	15400	31160	80370	90050	133540	56780	167250	
54070	130030	57100	98141	90100	122771	110380	148801	24430	78050	25090	103961	50570	23280	47530	88460	99470	153500	87780	130550	119050	51620	59240	44370	89160	122321	66720	56530	58880	50280	115571	59110	54550	30710	13780	28390	93510	31730	62080	37080	35700	66471	112330	107190	41920	87650	0	52090	63570	77710	61520	63240	65160	78660	108681	51330	50590	102740	37510	104480	84560	56890	41750	32750	63400	55020	44130	12990	32960	105980	64500	44600	101300	79070	98290	41710	29420	81441	90990	46460	88210	132161	37210	84780	93810	139211	96630	31170	39530	72120	39440	61850	67580	24240	89360	60980	8750	79160	94331	37790	108681	
93020	169800	108440	100200	82120	122790	162890	151170	67910	95780	76760	152810	24210	38060	30950	140140	85810	179540	60290	133710	171560	102960	7930	25050	120890	121460	22660	100740	82610	89440	165780	105340	22170	30890	53380	79730	87430	83400	85810	53450	82610	78950	110680	146960	56790	52820	52340	0	113570	129050	27270	114910	116830	130330	161030	93560	85440	89680	85440	98230	123510	14700	16900	35290	56010	25910	95470	41580	44970	105890	29790	50320	93320	47310	92090	86690	51700	132000	84810	85410	127160	184981	61580	136120	73620	181870	72251	21250	17420	36970	50790	31570	106530	29080	62370	43790	46980	103070	134020	50840	159270	
82211	135720	21740	147211	141740	171841	75350	187640	62860	121052	46620	101810	113060	85770	110020	51230	152860	168082	148470	163051	88560	24280	120360	106860	117900	171391	129210	73140	101850	30440	109270	67830	117040	93200	73430	37590	143910	40430	103171	63771	58551	113661	161400	122741	91750	148820	63470	113210	0	16980	124010	35870	45330	38500	86960	72551	83241	156850	57531	154760	108680	119380	97930	95240	117390	117510	19430	75480	94240	155050	126990	74411	154700	139760	148570	28350	84210	78220	141280	78041	101290	117810	84240	25320	147800	137210	152500	93660	102020	134610	94860	124340	93290	86730	149980	118410	71240	113601	101300	93210	91910	
94420	139331	32460	161321	155850	188294	69860	197262	76970	134163	60730	105971	127170	99880	124130	47610	166970	174982	163170	176162	83460	36310	135840	120970	128780	187844	143320	84020	115222	42720	108500	78710	131150	107310	87540	51860	158020	54540	116282	78210	71662	127771	175510	129591	105860	163520	77580	128690	17050	0	138120	43430	52890	35771	84690	84500	96352	170960	70642	168870	118340	133490	113990	109350	131500	131620	33540	89590	108360	169160	141100	88850	168810	154440	162680	44410	98320	82461	155390	91152	108850	117040	98350	11700	161910	138090	166610	107770	116130	148720	108970	138450	104170	100840	164090	132520	85350	124720	106151	107320	89930	
80970	155640	117660	77590	57220	100070	164131	128630	67031	73750	80880	143000	12050	38640	19900	145230	59360	157000	34320	111170	166130	110990	26610	17690	102550	98740	13180	93220	65320	106780	155970	98830	9040	31300	53960	88950	64960	88660	68520	76560	80521	58190	87960	132800	42920	28390	61520	27140	124130	138270	0	120010	116171	135430	153770	86040	72810	63080	83351	75760	110710	14510	39440	30890	33640	6940	104690	52500	36691	83170	3380	73430	68420	21340	69620	101830	43751	125110	62340	76690	115720	175420	50920	145340	46710	169070	46281	34010	26090	11000	37800	5160	95060	39990	36400	19650	54260	83100	122580	38810	152380	
59780	99440	14970	129530	132901	151470	48080	158250	54270	100390	40850	66500	108980	81090	104770	26170	144021	133041	139871	138940	59880	20210	121590	102740	88870	154030	125450	49380	83720	58780	74050	44070	112960	89300	67770	48760	134291	33590	84170	81820	44720	102070	144490	87700	83031	140221	62850	114440	35980	43310	119930	0	10860	16360	52070	49860	64250	147831	42560	144510	75830	115620	104100	89990	108491	113430	30610	75340	86760	138020	122810	92460	145861	131161	138951	48340	76730	43430	131771	57990	66340	82590	75521	43780	138901	100930	143481	93520	101880	127231	86111	118981	68780	86590	140961	109681	69540	89490	66400	85621	57020	
49990	91390	24170	119740	126480	141680	48460	148380	52050	90600	42840	58450	109150	81260	102170	31390	137600	123171	133940	129150	55790	28450	123580	102730	79000	144240	125361	39590	73930	67980	69960	34280	112691	89470	69640	51420	124920	35580	74380	87990	36730	92280	134700	77830	76760	134290	64840	116430	45180	52510	116611	10800	0	25290	47980	40070	54460	140870	33890	134720	65960	115790	106090	89980	102400	109801	38870	77330	82680	128230	118881	98630	137690	125230	129580	56600	72650	35380	122890	48200	56470	78500	68870	52980	132810	92880	137390	95510	103210	121300	80180	113050	58990	88580	134870	103750	71530	79700	56530	79690	52930	
74940	104580	22540	144790	148651	166630	38990	166600	70020	115550	56600	71210	124730	96840	120520	14420	159771	139961	155621	147790	51760	29530	136870	118490	98500	169190	141200	64540	98880	65810	72920	59230	128710	105050	83520	57480	149870	49340	99330	89930	60470	117230	159650	94840	98781	155971	78600	129720	38460	35951	135680	16390	25660	0	50660	65020	79410	163581	58310	159770	85010	131370	119380	105740	124241	129180	38720	90620	102510	153180	138560	100570	161611	146911	154530	56450	92480	48150	147521	73150	74690	81460	91271	31070	154651	102880	159231	108800	117160	142981	101861	134731	80980	101870	156711	125431	85290	104650	71400	101371	55890	
74120	70740	66640	136170	151320	152960	20490	147610	91960	106520	88590	31120	146600	121010	138270	38190	164810	110820	167190	130040	12860	71180	164970	140150	82930	155520	164181	60870	99070	110450	29730	54630	149991	129220	109740	97170	143190	81330	95480	132810	77190	114180	148150	70870	110580	168850	108350	159490	86690	84060	153500	51990	47800	50280	0	67100	82410	168080	74350	151150	69440	156250	149600	127570	132150	146740	81600	120840	119980	142600	155440	144380	157911	159790	147470	99330	109950	32430	143490	77360	59120	34290	102470	75620	163130	53440	168360	138590	142960	156480	116400	149240	66960	131660	166410	138310	113090	95140	55830	115440	12700	
10420	82430	54970	81160	89740	99940	78630	107201	27470	51030	36260	59250	79950	55650	71620	71270	100890	106141	101550	87440	79730	54792	98710	73500	44800	102500	96570	7180	36440	81700	72220	13150	83900	63860	45250	53800	87430	36400	36890	86680	17210	54790	95130	60990	43930	103210	51290	93420	72632	84290	86080	49850	40440	65170	67370	0	16970	104160	16210	96140	40200	89420	86250	61900	66510	80090	56530	57890	54170	88660	88340	94200	100940	94150	92090	67460	44280	39890	85400	10710	38540	88810	35820	88070	97490	91750	102720	73280	77600	90800	49750	82460	23220	66640	100770	72670	48870	40130	44320	48790	67160	
9590	85620	69280	65810	74610	90450	93650	99020	26130	37390	44130	71620	68900	49310	60570	85580	85760	103650	86420	79680	94750	65362	87980	62450	41290	90780	84890	22530	20000	89570	84590	27730	72850	56650	44330	61670	70990	46970	20450	87300	25650	38350	81830	62780	31870	88080	50890	85480	83202	96253	72730	64160	54750	79480	82390	16970	0	89030	28050	80790	40690	78690	80010	51170	51380	68160	66100	56970	43120	74600	74670	94820	85710	79020	75650	75330	34610	53730	68990	6850	44340	101180	24770	100993	82360	97690	87590	67040	69750	75710	38440	68470	23710	60400	85640	57540	47950	32370	51200	37740	81000	
97380	148141	146913	50781	21320	65810	178870	102550	93230	66201	113810	152266	69410	82860	68670	172730	5310	132021	35950	86191	179970	140910	87303	71330	95081	63270	69053	110320	71950	153080	165236	115520	69030	78720	91730	128740	30640	118130	71700	128811	106260	55690	52500	126581	65380	46670	103470	89450	156250	170390	63240	148082	140830	163502	167610	103800	89220	0	109090	38840	106001	76820	96500	74130	39680	63650	136810	101590	72960	51960	62450	131580	21400	46322	32650	142060	74220	135080	28470	94450	117401	179691	72090	177064	16770	170571	21680	89930	82560	53183	63960	58650	101230	89080	32170	48880	98170	76031	124261	67070	162350	
25810	97540	45192	93270	94080	115470	81650	123311	18160	64850	20950	69731	75260	47370	69280	64580	105200	123271	101050	102940	86821	39712	90620	68840	59960	118030	91730	21240	47460	66390	81351	23050	79240	55580	35750	38490	94490	21320	47910	72780	2840	64800	109290	76100	44210	101400	37390	85140	57552	70603	83721	42480	33750	57900	74461	16150	27980	108470	0	105340	55360	81900	77090	56090	69670	76911	41450	48390	49790	102060	85991	80300	105280	92340	99150	52150	39760	47221	91970	22780	53650	97941	36700	75343	100080	104171	104660	64870	69320	88410	47290	80160	38380	57940	102140	70860	39370	55520	59430	46800	74461	
86850	125520	144861	24170	20380	37320	162950	74060	89370	46260	110510	132380	77030	84590	71910	162900	36110	109400	65130	58660	164050	138650	97310	75100	75140	34780	85890	100110	62640	154010	145350	105310	76650	80450	92460	129670	11820	114440	60740	130561	102400	44010	24010	106640	63940	73810	104200	97070	154510	168650	74640	144480	135070	160630	151690	96220	80700	38230	105230	0	86060	84440	100260	75860	41150	71270	135070	103120	74190	23470	75040	134620	26220	67340	5970	142990	74950	119580	13410	87080	97460	159750	68230	175324	44240	150630	52120	92770	86330	71240	64990	69660	85730	90820	61602	55860	99400	56090	104320	68100	146850	
32400	47440	88740	69940	87823	83800	81880	81480	59980	43030	75470	46650	107160	85150	98830	82410	103192	68690	114512	63450	82980	88670	126240	100710	13770	86360	122410	39140	46430	122760	59620	39630	111060	93360	78180	93010	78140	75610	42840	122200	56420	58982	78990	24600	70640	119682	84740	122920	107460	118330	110250	75960	66040	85590	70620	40290	40220	105673	55420	86100	0	116950	115750	89430	80522	105680	95740	90820	81380	73440	112190	129720	93663	110522	82420	108520	72870	39450	78440	38780	11730	74020	63030	115600	103092	64900	110482	102780	107100	110882	76960	105990	18620	96140	113012	93880	81800	30950	18590	76000	63840	
86510	161770	112860	87500	69420	110090	163710	138470	64210	83080	76600	148220	12770	34360	22490	140960	73110	166840	47560	121010	169671	106710	14840	17280	111880	108760	12420	96340	73460	100280	161380	101150	9470	27020	49680	84150	74730	84380	76660	65360	78910	67210	97980	138930	49120	40360	56760	14600	119330	133470	14570	115730	115490	131150	156840	89160	78400	76980	81740	85530	116840	0	28540	28250	43310	13210	99890	46760	38100	93190	16720	62230	80620	34580	79390	95330	46130	127810	72110	80310	121310	180791	54540	140540	60920	174660	59521	26430	18580	24240	43120	18870	100540	34260	49640	31090	49980	92430	128170	43200	155080	
84570	161860	97550	103220	85140	125810	151160	154190	59250	96790	65870	144360	29510	31410	31660	129250	92730	181480	73011	136730	159830	92070	24220	25810	115830	124480	37610	92290	78530	74140	156351	96890	33490	24880	44930	65960	90450	72510	81730	38410	73950	78930	113700	139020	52910	66760	41450	17070	97960	113970	39690	104020	105940	119440	149461	85110	79110	96740	76780	101250	115060	28710	0	32120	59030	34060	81610	28600	39810	108910	42210	35280	96340	60070	95110	71080	46080	122221	87830	76960	118710	172941	56620	121680	82730	173930	83040	12470	15400	49730	47900	41160	98080	20300	74601	48190	37790	98990	125570	46270	149461	
59090	134350	88650	77980	61530	100280	137520	128350	38860	67750	51250	120800	19840	9560	15430	115600	69950	150590	55660	110290	140230	81360	37460	13400	86430	99830	36960	68920	48800	82050	133770	73730	23820	7770	24330	60480	66090	59030	52000	57991	53560	49890	89090	111510	23020	55530	33050	34960	95660	109800	30790	90380	90130	105800	127870	61740	50980	73820	56390	76890	89420	28170	33120	0	34950	24290	76220	28400	10680	83650	33470	62730	72730	46950	70750	73800	18710	100390	63470	52890	93890	150360	27120	116870	61960	147240	64510	20180	19230	40410	18010	30300	73120	18340	57240	28860	25790	69260	100750	16380	127660	
59720	123304	107603	44010	27320	66220	143780	94620	54370	40930	74500	119240	35960	44050	30840	133350	36690	122990	36070	77160	144880	101600	56240	34030	69730	65250	45620	72660	38220	113770	132210	77860	35580	39910	52420	89430	31480	79270	37970	89921	66950	26000	54480	100464	26070	40990	64160	56000	116920	131060	33570	108772	102520	124192	132520	66320	51560	39960	69780	42280	79914	43370	59150	35320	0	30200	97480	62580	33650	49590	34210	94060	38520	31830	36140	102750	34910	101350	28860	56970	86900	148800	33810	137754	31880	140250	36520	52220	45260	30500	24650	28590	67500	50270	34570	14800	58860	50280	93760	27760	128620	
76160	150830	111050	74040	56200	96620	157221	125040	60121	69860	74270	138190	5760	32030	12990	138630	59890	153410	38941	107580	161320	104380	26040	11080	98660	95290	16730	87490	60510	100170	151160	92861	5380	24690	47350	82340	61510	82050	63710	70880	73611	53990	84510	127990	38110	34640	54910	25800	117520	131660	6810	113400	109261	128820	147001	80310	68000	63760	76441	72310	105900	13170	33760	24060	30090	0	98080	45890	29781	79620	9630	67750	67400	26620	66170	95220	36841	119521	58890	70960	110910	170610	45190	138730	49320	164260	49080	27720	19800	17250	32990	7090	90250	33380	40531	17870	47650	79210	117770	33150	146791	
65830	129210	17270	127781	122310	152411	74770	166771	43430	101740	27190	95840	93630	66340	90590	51640	133430	156972	129040	146400	87540	14390	102300	87430	101390	151961	109780	61260	82420	30300	104540	56920	97610	73770	54000	18760	124480	21000	85710	51210	42170	94231	141970	111631	72320	129390	44040	95150	19440	33580	104580	31140	39890	39330	82560	56170	66220	137420	41150	135330	95380	99950	81630	75810	97960	98080	0	56050	74810	135620	107560	61850	135270	120330	129140	17730	64780	72780	121850	61020	90271	113080	64810	40650	128370	130700	133070	74230	82590	115180	75430	104910	78400	67300	130550	98980	51810	95540	90331	73780	87510	
60420	136380	69080	101421	89190	123950	122690	152081	30780	82100	37400	116261	41740	18820	41390	100770	97610	159850	83270	134051	131360	63600	48830	35540	95510	123500	56600	64990	62930	56580	127881	68430	45720	23610	19290	40370	93750	44040	66130	32910	45480	69751	113670	113540	43460	79580	12980	41680	75550	89690	52690	75550	77470	90970	120991	57810	56940	101480	48310	104550	90910	46770	28890	28290	62610	46190	56110	0	29460	107320	55670	40430	100510	72550	98410	51630	31620	93751	91130	52810	94560	144471	41260	96760	89620	148450	92120	20760	29120	63290	38960	53020	73930	13120	84850	56470	9320	83390	101420	36820	120991	
51110	126370	86001	73110	60430	95410	130700	119791	33660	59990	49510	112820	28690	11500	21430	112620	69800	142050	58720	101731	132900	79000	47290	22240	78450	94960	45431	61440	40820	82150	125790	66400	32670	15470	23030	60580	64870	56670	44020	61800	47150	42261	85130	103530	15040	59070	33150	44400	94110	108250	36681	87390	82800	102810	120540	54260	43000	73070	49980	75670	81440	38000	40850	10480	33730	29871	74670	29480	0	78780	38951	68110	71630	50010	69530	73900	10380	93060	62250	44910	85910	142380	19140	115320	62020	139260	65990	27880	28670	44080	10540	34990	65140	24110	60300	30420	25640	61280	92770	8400	120330	
79180	105970	142960	10780	34030	18090	154840	50590	90510	40660	112120	119610	84780	89200	79660	155220	49760	88120	78780	35190	155940	140090	105730	82850	59720	17640	94290	92440	57030	157050	132580	97640	84400	88200	94520	131560	24110	115880	55130	138321	100360	42221	10610	87690	66980	87450	106260	105490	155950	170090	82390	137840	128430	153160	143580	88550	75090	51880	102760	23350	73290	92200	108680	83610	48900	79020	136510	107490	78650	0	82880	142380	39870	78290	20720	145560	77960	111910	26150	81470	84690	145330	69370	176764	57890	134390	65770	100530	94750	79170	68180	77410	78060	98580	75252	63610	102620	48420	91550	71290	136800	
83120	156814	120620	77480	57030	99880	166731	129250	69631	74440	83840	145150	15010	41600	22480	148200	58690	157620	33160	111790	168280	113950	28250	20650	103240	98550	13130	95430	67470	109740	158120	101040	11580	34260	56920	91910	64770	91620	70670	79100	83121	59510	87770	133974	45130	27750	64480	29680	127090	141230	3320	122970	118771	138390	155920	88250	74960	62410	85951	75570	112860	16660	41980	33550	33700	9890	107650	55460	39180	82980	0	75970	68230	20180	69430	104790	46351	127260	62150	78900	117870	177570	53130	148300	46040	171220	45121	36970	29050	9840	40010	7370	97210	42950	35240	20770	57220	83790	124730	41020	154530	
97680	177720	78810	136250	119580	158780	136310	191550	68040	121880	65140	147961	62840	57040	64990	113170	127370	204980	106341	169630	150330	75930	54940	59140	135520	158190	70650	98850	102450	46690	159581	101430	66820	55250	57390	50090	124360	67710	105650	10440	78020	109071	147410	154880	81850	100090	44110	49970	74160	89350	73020	92680	98710	100870	144790	93650	94200	131240	79830	135160	130920	61910	35120	62270	93210	67390	62120	40120	67850	142150	75540	0	130780	93400	129020	47280	71140	123761	121740	90070	134270	175420	80690	98510	117210	185391	117520	44360	48730	83060	77350	74490	113090	44700	108460	81520	48350	123170	138341	75210	149740	
92110	136421	145923	39061	12120	54090	170352	90830	90380	54481	111520	140546	73590	82260	68470	170292	23200	120301	54820	74471	171452	139830	93870	71660	83361	51550	78900	106550	67150	152090	153516	111750	73210	78120	90720	127750	18920	116880	65340	128351	103410	47700	40780	114861	63880	65110	102460	93630	155260	169400	68730	147092	138730	162512	159092	100950	85300	21390	106240	27120	94281	81000	96820	73530	38690	67830	135820	100900	71970	40240	68520	131800	0	58830	20930	141070	73210	126982	16750	91600	105681	167971	69240	176074	33670	158851	40870	90260	82890	63940	62970	63950	93132	88480	51040	50450	97180	64311	112541	66080	154252	
86980	153964	129513	73620	48980	94760	171040	124230	76280	71590	95010	149010	32140	55750	37670	155340	45100	152600	14240	106770	172140	123510	44970	37310	100390	92220	26720	99920	68890	126400	161980	105120	29600	50920	70520	106670	59590	101180	68640	97120	88860	56670	81450	131124	50290	9630	79240	47590	138830	152970	21440	130682	124510	146102	159780	93580	78820	46970	91690	67790	110574	34680	60000	47020	32200	26380	119390	72120	49900	79120	20330	93990	59120	0	61600	119990	55420	131120	57420	84230	117570	179890	58760	159664	31540	171290	28850	54100	46180	10850	45520	19600	98170	59610	16320	22300	71980	80940	124430	47920	158390	
82490	122790	139271	21440	14500	34590	159210	71330	83950	42520	105090	128640	71890	79450	66770	159150	30230	106670	59250	55930	160310	133060	92170	69960	71400	32050	80010	96370	57850	148590	141610	101570	71510	75310	87040	124250	5940	108850	55720	125411	96980	38490	21280	102900	58520	67930	98980	91930	148920	163060	69500	139460	130050	154780	147950	92270	75680	32350	99810	6810	82320	79300	95120	70720	36010	66130	129480	97980	69050	20740	69330	129470	20340	61460	0	137570	69530	115840	7530	82060	93720	156010	62810	169734	38360	146890	46240	87620	81190	65360	59720	64520	81990	85670	55722	50720	94260	52350	100580	62830	143110	
77120	145471	34320	136931	128920	161561	91820	178421	52580	110890	34320	113410	90880	63910	88160	68690	138290	172782	128410	158050	104590	31440	93460	84680	113040	161111	104990	72640	91570	17590	121590	70580	94860	71340	53070	15090	132330	35160	94860	36871	51400	103381	151120	125291	80510	128280	41610	86310	28350	44360	101830	48190	56940	56380	99610	67460	75370	141560	52170	143300	108440	95160	71030	73380	102220	95330	17630	51470	73590	144770	104810	47511	140120	119700	137110	0	68240	89830	129810	70170	103931	130130	73960	52700	132630	148820	137070	68690	77510	112430	78260	102160	89690	62260	129990	101610	49380	108410	103991	76610	104560	
42410	117670	75621	69801	61310	94290	120320	115661	23280	51620	39590	103250	36780	15360	29520	102230	70680	133680	64260	97601	122520	68620	55380	30330	69750	93840	52711	51210	32450	79260	116220	56020	40041	22210	17910	54920	64720	46290	35650	63970	36770	38131	83890	94830	13570	64610	29650	51140	83940	98080	43961	77010	72420	92430	110160	44030	34300	73950	39600	75570	72740	46090	47210	18570	34610	37151	64500	31650	10030	77540	46231	71490	72510	55550	69380	68240	0	82680	62200	35340	77110	132810	10540	105150	65020	130460	69460	34240	35410	51170	10650	42680	56440	27970	65840	34200	26010	52910	83970	9000	109950	
45300	56300	58190	104030	119180	121690	45830	116340	64320	74380	62750	23360	118960	93370	110630	45900	132130	92140	136270	98770	46930	62470	136620	112510	51660	124250	135021	33230	66930	102000	34970	26990	122351	101580	82100	78480	111050	60440	63340	115050	50030	82040	116880	48000	82940	140030	81190	131140	79200	83571	124680	44340	36300	49090	34570	39460	53590	135400	47190	119010	38170	127450	122440	99930	101280	119100	72900	93680	92340	111330	126620	124100	125771	130970	115330	90620	82310	0	111350	49720	27850	51560	74830	79100	130780	57790	136720	111000	115320	127660	88760	120420	34820	104290	134770	109490	85720	63000	24560	87800	27850	
75610	121360	131151	24720	10980	39700	155280	76440	76580	38590	97720	124710	64600	72160	59480	153530	26710	105240	55730	59410	156380	124940	84880	62670	67470	37160	74020	90050	50650	141020	137680	95250	64220	68020	79670	116680	2920	101480	48840	118111	89610	31200	26390	98970	51150	64410	91410	84640	141550	155690	62210	132110	122700	147430	144020	84920	68800	28830	92440	13770	78390	72010	87790	63430	28720	58840	122110	90690	61760	25850	62610	122170	16820	57940	7580	130000	62160	111910	0	75180	89790	152080	55440	161324	34840	142960	42720	80330	73900	58900	52350	57230	78060	78380	52202	43430	86970	48420	96650	55460	139180	
8200	83620	63090	72060	80280	96700	88970	105601	21740	43640	38700	68480	70490	46910	62160	79390	91430	105710	92090	85840	90070	59932	89570	64040	43290	97030	87110	17960	26250	84140	81450	23570	74440	55120	39940	56240	77240	41540	26700	82910	20220	44600	88080	60780	34470	93750	46500	84680	77772	90823	76620	57970	48560	73290	77710	10780	6790	94700	22620	87040	38690	80280	77510	52760	57050	70630	60670	52580	44710	80850	78880	90430	91480	84690	81900	69900	35540	50230	75240	0	42340	98040	26360	95563	88030	95690	93260	64540	68860	81340	40290	73000	21710	57900	91310	63210	43560	38530	49200	39330	77500	
36200	44870	79750	81330	98954	95190	70880	89170	63780	54420	73730	35650	111260	88950	102930	71400	114323	67520	122060	71600	71980	81930	130340	104810	25160	97750	127780	33900	52720	119530	48620	34390	115210	97160	81980	91160	89530	72510	49130	125650	54680	67830	90380	23430	74760	127230	88540	126720	100720	109130	115620	66380	56460	74590	59620	38550	44020	116804	53680	97490	11670	121050	119550	93530	87070	111050	89790	94620	85480	84830	117560	133170	104794	118070	93810	103550	76970	28450	89830	42580	0	63980	67130	104600	114223	54860	121613	106580	110900	117270	81060	111360	21820	99940	120560	100170	85600	42340	7590	80100	52840	
93000	48180	97350	142450	161324	156310	51410	135600	114340	116600	112770	29680	169110	143390	161660	69370	176693	91580	184710	122180	38970	101890	188040	162660	87340	158870	186561	82290	114630	141420	17690	77010	172371	151600	132120	127880	151710	110460	111040	163520	100050	129740	151500	59090	131520	189880	131210	182560	117710	116980	175090	82700	78510	81470	34120	88710	101290	179174	97210	159670	73850	178940	172460	149950	148980	169481	112310	143700	142360	145950	177030	175240	167164	180720	155990	130040	132330	51560	152010	99070	63990	0	124410	107610	176593	22930	183983	161020	165340	178070	138090	170830	82520	154310	183210	159900	135740	104520	59450	137380	27310	
32570	107830	74821	61331	57620	85660	113910	107191	21380	41080	42520	94280	44720	25900	36390	99640	68740	122440	66920	89131	115010	68610	63800	38270	59800	85210	61340	42900	21910	86970	107250	48510	48670	32470	25620	60060	58030	46280	25110	73480	34410	29661	75380	84990	8700	68130	37360	61300	83930	98070	50850	75950	68810	91370	102650	35720	24460	72010	37240	68880	62900	54510	57750	26990	33990	44860	64490	41160	18940	69030	53110	81000	68820	59070	62690	73720	10540	75170	55510	26370	67370	123840	0	104972	64750	120720	69330	44780	45570	55570	14520	47230	46600	38510	66810	37590	33720	42370	74230	13560	102440	
101540	137690	37590	171013	165833	195934	63470	205512	87242	142413	71430	103090	137870	110580	134830	42700	176953	173511	172803	180900	77070	44110	146540	131670	131610	196094	154020	91140	123472	56100	102620	85830	141850	118010	98240	62560	168003	65240	124532	91590	79912	137093	185493	127950	115963	173153	88280	139390	29000	15120	148820	47280	56740	34510	79780	91620	104602	180763	78892	178853	118120	144190	125430	120050	141423	142320	44240	100290	119050	179143	151800	102230	178793	164093	172663	56360	109020	81260	165373	99402	107800	111160	108453	0	171833	132140	176413	118470	126830	159420	119043	149150	111290	111540	173893	142613	96050	131840	104510	118020	85020	
91210	146174	137903	56181	26720	71210	174080	107950	84670	64170	104800	148180	54900	71190	55170	163640	14090	137421	21930	91591	175180	131900	71760	57370	92970	68670	53510	104150	67160	144070	161150	109350	54520	67050	82720	119730	36040	109570	66920	117141	97250	51510	57900	123334	56370	32650	94460	73630	147220	161360	46860	139072	132820	154492	162820	97810	83050	16720	100080	44240	102784	61000	82490	62460	32040	49140	127780	89920	62010	57360	46070	117480	33050	31250	38050	133050	65210	130290	33870	88460	114184	176474	64840	168054	0	167354	8790	75970	68600	38470	54900	43640	96440	77410	18150	36710	87220	73520	121044	58010	157560	
89460	30030	114740	131520	152214	145380	70070	117030	117040	107490	118440	34670	164520	142210	156190	87600	167583	72030	175850	109330	57630	119020	184600	158070	78230	147940	181040	87090	105980	159170	28730	82680	168470	150420	135240	135740	142600	116130	102390	173180	105720	121090	140570	48160	128020	181020	136880	181450	136370	137140	168880	100030	91990	102060	52780	91740	97280	170064	102880	150560	64740	174310	174840	146790	140330	164310	129440	148560	138740	135020	170820	183010	158054	171860	146880	147790	130230	57230	142900	95840	54880	22450	120390	127980	167483	0	174873	160520	164160	170530	134320	164620	75080	153880	174350	153430	138860	95410	51320	133360	45540	
96140	153454	142523	64181	34720	79210	179950	115950	89290	71450	109420	154050	55110	73810	56060	168340	19770	145421	17210	99591	181050	136520	69151	58260	100250	76670	50901	109080	73030	146810	167020	114280	53781	69670	87340	124350	44040	114190	72780	119671	101870	58790	65900	130614	60990	27930	97300	71771	151860	166000	45621	143692	137440	159112	168690	102740	87980	21640	104700	52240	110064	58861	83110	65080	36820	49350	132420	92450	65790	65360	44511	118370	40850	28170	46050	137670	69830	136160	41870	93390	121710	184030	69460	172674	8780	174634	0	76860	69150	35031	58680	43181	102310	79940	13430	39310	90040	80800	128570	61790	163430	
72370	147790	87460	95260	78430	117790	141070	146100	47260	85820	55780	132160	23300	19590	24950	119150	86020	169220	66801	128640	149740	81980	28530	19100	104010	117200	36300	80090	66710	73850	145130	84690	27280	13060	32730	58750	83370	62420	69910	43160	61960	67960	106420	124950	41090	62240	31360	21380	93930	108070	34250	93930	95850	109350	138830	72910	66910	89890	64790	94170	102860	26470	13420	20300	52230	27850	74490	20600	27990	101160	37230	44920	89630	54480	88030	68900	34260	111350	80750	64760	106510	161720	44800	115140	76020	159860	76330	0	8820	44850	36080	34950	85880	8100	68391	41480	26000	87170	113370	34450	138620	
76490	151910	95930	88720	70640	111310	149220	139690	51380	82290	63770	136280	15340	21530	17160	127300	78230	168060	58841	122230	155310	90450	22940	11310	104360	109980	28340	84210	66730	83120	149250	88810	19320	14360	36850	67220	75950	70570	69930	52430	66080	64430	99200	129070	40890	54280	39830	17460	102400	116540	26290	102080	102660	117500	142950	77030	68910	82100	68910	86750	106980	18510	15590	18760	44530	19890	82960	29600	28440	94410	29270	49580	81840	46520	80610	78170	35170	115470	73330	68880	110630	165840	45050	123610	68230	163980	68540	9270	0	36890	34890	26990	90000	17100	60431	33690	33390	87190	117490	34310	142740	
83540	153124	125523	73790	52760	96080	167600	124400	72290	70750	90530	145570	22630	48990	29190	151340	51781	152770	23570	106940	168700	119520	34470	28270	99550	94850	16220	96480	66830	117360	158540	101680	19100	41880	63760	99530	61080	97190	67590	86620	84870	55820	84080	130284	46650	18360	72100	37090	134710	148850	10940	126692	120520	142112	156340	90080	75380	53651	87700	71440	109734	24180	49500	40260	30010	17510	115270	63080	43770	79290	9830	83490	63740	10590	65250	112410	50940	127680	58460	80730	116520	177990	54960	155674	38200	169870	35531	44590	36670	0	41530	11120	97120	50570	25650	18890	64840	80100	123380	43440	154950	
46930	122190	85143	62570	51270	84870	128040	110161	31910	49740	50980	108640	33440	21170	24470	110960	60640	135210	54550	92101	129370	79140	52570	26990	72760	84420	49350	57260	34280	90250	121610	62870	36680	23470	28900	65910	55310	56810	37480	71470	44490	31880	74590	99350	7500	54900	40640	51070	94460	108600	37760	86312	80140	101732	117010	50080	38820	63910	47320	66150	77260	43280	48850	17770	24570	32870	75020	39150	10620	68240	40020	77780	62470	45840	59960	79230	11390	89530	52780	40730	81730	138200	14960	115294	54840	135080	58810	35880	35470	41910	0	34130	60960	33780	55880	24360	35310	54740	88590	3260	116800	
76900	151274	117990	72740	52450	95050	160960	123350	64840	68900	80850	138930	12850	38970	19360	143890	54880	151720	32191	105890	162060	110960	31050	18020	97700	93960	17600	89690	61250	107110	151900	95040	12470	31630	53930	89280	60190	88630	64450	77970	77420	53340	83190	128434	39240	28240	61850	31200	124460	138600	5180	119242	113070	134662	149700	82510	68740	58750	80250	70990	106640	18570	40850	30430	28790	7090	105020	52830	34670	78320	7440	74840	63650	19870	64850	102160	42780	121040	57570	73160	111650	171350	47390	145670	43660	165000	43361	34810	26890	11110	34120	0	90990	40320	33781	14880	54590	78250	118510	35280	148310	
15360	63480	74220	70530	85490	89310	78540	92840	42940	40690	58430	53060	90420	68110	82090	78480	98440	84730	102580	73470	79640	74150	109500	83970	23150	91870	106940	23660	33240	104040	66030	25110	94370	76320	61140	75970	77500	58570	29650	104810	39380	48350	84500	40640	53920	107750	67700	105880	92670	103540	94780	69100	59440	80980	67280	23250	23180	101710	38380	85510	18550	100210	98710	72690	67590	90210	78700	73780	64640	78030	96720	112330	92081	98590	81780	89630	56130	35170	77850	21740	22040	82620	46290	107320	97090	75390	103030	85740	90060	97760	60220	90520	0	79100	101080	79590	64760	29500	28900	59260	62440	
65900	141320	80330	93340	76890	115870	133940	144180	40330	79560	48650	125690	29390	13270	29040	112020	85310	162900	70920	126720	142610	74850	36270	23190	97680	115280	44040	73620	60390	67120	138500	77980	33370	11300	26230	51620	81450	55290	63590	39981	55030	65301	104500	118480	38080	67230	24230	29120	86800	100940	40340	86800	88720	102220	131861	66440	60440	89180	57860	92250	96390	34210	20570	18540	50310	33840	67360	12840	24080	99240	43320	44720	88120	60200	86110	62170	27940	104621	78830	58290	100040	155090	38480	108010	77320	153390	79770	8200	16560	50940	33580	40680	79410	0	72500	44120	18870	80850	106900	31440	131861	
94340	156304	138373	73381	43920	88410	178150	123980	85140	73930	103870	152250	44921	65070	47320	164200	30130	152350	4420	106520	179250	132370	58351	49520	102730	85870	40101	107280	71230	137560	165220	112480	42981	60930	79840	115990	53240	110040	70980	110041	97720	59010	75100	133464	58560	15140	88560	60971	147710	161850	34821	139542	133370	154962	166890	100940	86180	32000	100550	61440	112914	48061	72921	56340	35020	39161	128270	83710	59000	74560	33711	107151	50250	15800	55250	129310	64280	134360	51070	91590	119910	182230	67030	168524	17980	173630	13430	66881	58961	24231	54380	32381	100510	71200	0	31160	81300	83280	126770	56780	161630	
65850	137734	108383	58840	39450	81050	149910	109450	55150	55360	73880	127880	23820	37710	20860	134200	45320	137820	30830	91990	151010	102380	44100	23060	84160	80080	32060	78790	49140	110200	140850	83990	23440	33570	51800	88630	46310	80050	51520	83491	67730	39800	69310	114894	29160	31180	61200	43860	117700	131840	19640	109552	103380	124972	138650	72450	57690	49190	70560	57110	94090	31230	48180	28980	14890	18060	98260	56350	30220	64420	20640	82170	50650	22120	50970	101950	34290	109990	43690	63100	100450	160300	37630	138534	36810	153800	38830	41660	34290	19230	24390	14830	79940	43840	32330	0	53940	64710	107310	26790	137260	
51370	126790	65080	94601	85590	119231	116930	143960	21730	74510	30660	107780	43420	16130	40380	95020	94920	150260	80630	125620	125600	59600	53840	37220	86460	118781	59890	55940	55340	57940	119900	59380	47400	23560	10240	36370	89970	38400	58540	41160	36430	62931	108790	103950	38380	80500	8940	46690	71550	85690	54370	69790	71710	85210	113261	48760	47890	98230	39260	100820	81860	50060	37990	25600	58890	47870	52110	9290	25640	102440	57350	48680	97150	71920	94630	49690	25880	86021	87410	43760	85510	136490	33670	92760	86930	138860	89480	25770	33700	64970	35140	54700	64880	18840	82210	53830	0	75620	92370	33000	113261	
30760	74310	94540	41030	57951	59810	106860	66650	55740	12940	75550	77210	86090	68860	77260	106810	73681	80130	85530	47310	107960	94082	105510	79930	19970	62370	96940	44020	21740	122840	90180	49220	85710	75420	67590	93090	48050	75690	18410	117610	56500	29260	55000	51470	48910	90700	79330	104010	113260	124130	84520	89420	80010	104740	95600	40130	32170	75801	55500	56010	30890	93500	100710	69940	51540	80330	95820	83590	61890	48530	85610	125130	63791	81540	52330	108080	53500	63490	48350	38380	42290	104580	42960	127910	74160	95460	81550	87740	88530	81900	55360	79540	29640	81470	84030	65860	75690	0	49150	56030	90760	
43030	44860	80100	88160	105784	102020	68010	94490	70610	61250	75780	30050	118090	95780	109760	68530	121153	69890	128890	78290	68820	82280	137170	111640	31990	104580	134610	39670	59550	119900	42770	36870	122040	103990	88810	91510	96360	73470	55960	128950	60450	74660	97210	25800	81590	134060	94220	133550	101070	106290	122450	66730	56810	71720	56460	44320	50850	123634	59450	104320	18500	127880	126380	100360	93900	117880	90140	101450	92310	91660	124390	138780	111624	124900	100640	103900	83800	25580	96660	49410	7590	59360	73960	101730	121053	51250	128443	113410	117730	124100	87890	118190	28650	106770	127390	107000	92430	49170	0	86930	47550	
45290	120550	84023	66230	54930	88530	126630	113411	30790	53400	48270	107000	32970	18440	24000	109850	64300	135930	56420	95351	127730	77300	52100	26520	72630	88080	48950	55620	35000	87540	119970	61230	36280	21430	26190	63200	58960	54970	38200	68740	43370	35540	78250	97710	8660	56770	37930	50040	92620	106760	38460	85192	79020	100612	115370	48440	37180	67570	46200	69810	75620	42810	46810	15730	28230	32470	73180	36420	7890	71900	40720	75050	66130	47710	63620	76520	8680	87890	56440	39090	80090	136560	13320	113830	57960	133440	61930	33840	34310	43330	3660	34840	59320	31050	58000	26360	32580	55460	86950	0	115160	
72780	61870	71870	131510	146660	146210	32720	139430	91800	101860	90190	22250	146440	120850	138110	43890	159610	101950	163950	123290	25090	76410	164100	139990	76180	148770	162551	60710	94410	115680	18920	54470	149831	129060	109580	102400	138530	86560	90820	138040	77470	109520	141400	62000	110420	167510	108630	158620	91920	89770	152160	57220	53030	55990	12730	66940	81070	162880	74630	146490	62690	154930	149880	127410	128760	146580	86830	121120	119820	135850	154100	149610	153251	158450	142810	104560	109790	27830	138830	77200	52370	27460	102310	81330	158460	46110	164400	138480	142800	155140	116240	147900	62300	131770	162450	136970	113200	90480	47550	115280	0	

0	                                           Baldock	0	0	32400	0

1	                                        Lakenheath	649	12938	27538	1298
2	                                       Northampton	465	11921	24170	930
3	                                        Billericay	166	15227	26464	332
4	                                          Dartford	199	12402	16609	398
5	                                          Rochford	820	18727	26176	1640
6	                                          Stamford	677	12680	24035	1354
7	                                       West_Mersea	203	9763	23143	406
8	                                         Dunstable	332	5779	12398	664
9	                                            Harlow	514	2253	13204	1028
10	                                         Bletchley	546	2078	16151	1092
11	                                         Chatteris	462	9802	19144	924
12	                                       Old_Windsor	730	10403	14518	1460
13	                                          Amersham	133	13926	18267	266
14	                                              Iver	767	5880	7921	1534
15	                                             Corby	318	3981	17475	636
16	                                          Shoreham	276	10875	18327	552
17	                                        Stowmarket	407	6103	19745	814
18	                                           Reigate	510	11949	17633	1020
19	                                           Tiptree	376	6674	20280	752
20	                                    Market_Deeping	554	6607	16714	1108
21	                                      Hardingstone	739	18494	25077	1478
22	                                        Crowthorne	557	13300	27289	1114
23	                                            Slough	499	14316	24782	998
24	                                    Saffron_Walden	458	26132	29744	916
25	                                   Southend-on-Sea	781	11430	22350	1562
26	                                          Knaphill	429	15061	24686	858
27	                                       Biggleswade	356	3634	17988	712
28	                                          Hertford	208	25725	28744	416
29	                                           Banbury	627	9668	16723	1254
30	                                             March	805	4237	10709	1610
31	                                             Sandy	579	23452	28273	1158
32	                                             Egham	611	13686	25857	1222
33	                                      Beaconsfield	115	8378	23003	230
34	                                             Tring	423	19754	22154	846
35	                                        Buckingham	791	10115	22921	1582
36	                                    South_Ockendon	593	10509	18854	1186
37	                                     Milton_Keynes	713	8541	23101	1426
38	                                              Ware	526	18424	29835	1052
39	                                            Oxford	378	11659	13660	756
40	                                          Flitwick	683	5377	15349	1366
41	                                     Waltham_Abbey	427	12060	16827	854
42	                                    South_Benfleet	816	12368	17611	1632
43	                                         Newmarket	598	9250	14648	1196
44	                                           Radlett	229	18863	28740	458
45	                                           Dorking	375	17828	20681	750
46	                                         Aylesbury	526	10253	19784	1052
47	                                         Wokingham	241	5024	11827	482
48	                                          Daventry	557	9001	11667	1114
49	                                             Rugby	118	21606	24692	236
50	                                          Chertsey	237	9872	23059	474
51	                                    Wellingborough	753	16015	18648	1506
52	                                           Rushden	731	14652	21993	1462
53	                                          Rothwell	434	14055	16980	868
54	                                      Peterborough	569	9186	14934	1138
55	                                            Henlow	342	6124	16429	684
56	                                         Stevenage	242	22035	29412	484
57	                                           Kemsing	482	14721	22098	964
58	                                          Ampthill	396	9281	15534	792
59	                                           Tilbury	400	6500	21383	800
60	                                           Sawston	405	7446	17734	810
61	                                             Ascot	695	5141	14150	1390
62	                                  Henley_on_Thames	402	8640	23580	804
63	                              Chalfont_Saint_Peter	345	6119	11169	690
64	                                            London	654	9553	23322	1308
65	                                           Staines	192	11196	18928	384
66	                                         Towcester	381	5955	15043	762
67	                                Princes_Risborough	675	3135	10682	1350
68	                                       Chorleywood	114	20748	29306	228
69	                                          Wickford	390	10316	17557	780
70	                                        Addlestone	631	13491	18419	1262
71	                                          Abingdon	381	17157	19243	762
72	                                         Gravesend	698	21359	26036	1396
73	                                       Leatherhead	530	10702	25158	1060
74	                                             Grays	799	7946	15245	1598
75	                                          Brackley	172	15704	19294	344
76	                                     Kings_Langley	808	7296	17900	1616
77	                                        Huntingdon	213	11307	25243	426
78	                                            Aveley	409	15883	20823	818
79	                                           Hitchin	816	11541	13750	1632
80	                                         Cambridge	722	20855	24506	1444
81	                                           Wisbech	264	4858	14052	528
82	                                      Saint_Albans	825	14961	29269	1650
83	                                       Lutterworth	538	3924	18153	1076
84	                                       Biggin_Hill	159	7336	11078	318
85	                                    Downham_Market	157	5708	14940	314
86	                                             Oxted	466	19694	22238	932
87	                                            Marlow	807	14726	25231	1614
88	                                        Maidenhead	216	19421	25262	432
89	                                            Cobham	450	7579	15261	900
90	                                            Bushey	348	12059	16888	696
91	                                        Shepperton	639	5384	8171	1278
92	                                           Royston	458	6079	19481	916
93	                                      High_Wycombe	106	5292	9798	212
94	                                           Redhill	559	14218	26456	1118
95	                                          Richmond	717	21536	26586	1434
96	                                          Wendover	252	22622	28810	504
97	                                 Bishops_Stortford	173	11892	25580	346
98	                                            Histon	441	2208	5252	882
99	                                           Watford	338	8896	11316	676
100	                                        Whittlesey	156	18847	27292	312
