100

6350	3650

20	90

0	59990	66680	92550	79260	86001	60260	28670	73070	97781	74670	75101	72130	30420	99020	33730	38000	47320	11610	89690	71870	69530	77490	73370	68300	60430	66400	93060	28690	71630	10480	61140	75670	76690	79420	31090	8400	49510	77120	40820	64870	94960	19010	60300	55850	33150	93900	73110	45431	44020	65410	51960	19140	73410	23030	40850	27610	64740	15290	73900	79590	49980	15470	95130	88410	49490	46300	82540	67971	94110	10380	78450	74390	21430	92110	64870	93770	39900	82150	47290	38090	44630	85910	41030	84740	85600	94310	96310	80660	47150	10540	85130	15040	43000	54260	61280	57610	11500	33660	99450	38951	
59200	0	117480	106950	87090	105350	106340	83220	66001	120290	100620	108970	118031	56020	149941	41700	83690	77500	64740	104090	127720	42530	39690	68110	51661	48151	60030	74700	76280	53991	67190	82491	46210	70840	133110	29740	52530	78650	97080	19050	38250	56200	42130	74190	112110	77470	83001	31230	87100	17150	61470	107120	40270	88590	65730	97110	77100	106310	51040	109850	135460	64780	72730	109530	145350	44150	24020	65901	95140	120060	50810	32120	88790	69980	95190	24930	101790	89170	126640	96560	67330	15690	54440	93000	69351	79311	96290	49980	64021	62380	49420	47250	45450	37110	50940	12930	101050	66170	57510	82811	75770	
66560	117310	0	145440	137351	60860	13890	57391	133641	135640	44170	101880	72720	88441	78890	94771	73290	96651	56710	145460	54080	130571	142101	133131	129341	121351	87650	108171	71871	132671	62861	54300	136711	91561	17450	87920	73920	51110	123910	97920	125911	159741	84530	116961	29130	39540	154101	137411	82190	101120	125171	53020	76250	128351	52820	46370	68221	85910	65760	29330	27820	68960	55621	145700	40870	89460	112020	144101	106490	56210	68460	128150	131051	73251	88780	129171	82700	66690	28050	66750	88301	104020	122060	25550	146301	145361	153831	144790	142221	68190	76060	148961	80560	88730	84250	118600	82210	55920	62570	161871	85801	
91680	106610	145660	0	23140	172983	148190	90560	56010	33050	162880	51380	89990	63840	119250	67700	76020	60880	102110	5450	113230	81690	96400	51090	74520	71200	145750	167610	76520	76020	89020	145972	87880	156560	156840	105230	89460	136550	22380	103910	79680	112310	86980	33780	118800	121240	51560	99821	63590	103660	53610	100020	99710	20460	112520	100750	80730	66500	101860	163100	138480	133230	93610	6920	140050	125520	85650	78230	40180	182320	96960	135410	20210	80000	177290	93111	178950	80480	171350	81910	62480	98250	153010	125150	66040	45870	27800	153340	76350	130400	87060	101540	91240	118860	133620	115960	68210	97750	117820	87330	64200	
79160	87100	137421	23140	0	155893	137010	80571	34210	46370	145790	58180	92290	52190	124270	50190	69671	52001	90340	19050	114950	59890	74600	29650	52720	50010	127650	149530	66531	54320	77950	130812	66080	138460	150161	87720	75160	122790	25530	86400	57880	90510	69980	22490	112911	110170	34840	78021	61711	86150	32070	96521	82830	13970	100710	94531	70741	68800	88100	150920	135061	118070	82540	28340	142350	108010	64820	60540	41790	165230	83200	115900	12550	68930	160170	71311	161830	75541	159680	79961	52491	80740	135080	113970	48350	28900	19790	133521	58660	115240	72050	79740	74360	101350	116110	96450	69480	86680	102660	69780	55321	
85821	105330	60960	173012	155772	0	47980	95700	146852	178450	16770	153160	132470	108702	138970	107512	113060	130332	76780	170082	114160	138732	143942	146732	141552	131922	49010	57250	106740	144882	88690	27160	144942	51730	75480	79662	84642	38720	158322	88660	133312	159130	87822	139982	89210	57150	167922	135620	122890	89110	139202	110540	74542	153582	66280	97920	103230	136850	72271	34500	87470	44981	86880	175592	100520	65660	110472	155992	147580	21860	75791	96050	154582	103470	29660	128512	22520	107990	44660	115410	120292	94850	79840	68280	158682	159622	170732	111031	154082	46001	85132	149590	82052	69190	54800	94430	129720	79450	53331	172902	120670	
60210	106090	13770	148210	136890	48160	0	60020	130560	141050	31470	113380	85610	88120	91780	91220	77670	98170	49490	145890	66970	126110	132740	130870	125790	117920	74950	95471	73390	129120	60000	41600	132300	78861	30690	76700	65610	38410	128330	86700	121330	150371	74480	116500	42020	28320	151630	126191	87500	89900	122910	64960	65030	129500	41600	53540	69880	97410	54540	18830	40280	56260	55300	150240	53330	78240	100800	140550	111900	45710	57240	116440	130590	73040	76080	117951	70000	72310	23170	75970	89450	92800	108301	23530	142750	143330	153370	132220	138670	55490	67260	140380	69740	77510	71550	107380	91810	50530	51350	157590	87320	
28440	82290	57911	91040	81591	95930	60530	0	82100	82720	82960	58900	44950	33690	72050	44530	18510	40120	26440	89811	44900	80610	92340	81590	78510	70640	88810	115470	15340	81840	18760	75830	86750	99100	70651	57000	34310	63770	69650	66730	75950	109980	42730	60431	33970	39830	101860	88720	28340	69930	73630	24990	45050	71820	36850	15590	11690	44020	37590	78170	57710	68910	14360	91440	66530	73740	64980	93220	53570	102400	35170	104360	74511	17160	111970	80240	109010	14520	83120	22940	31770	69150	110630	37490	95420	93560	97791	122220	91340	66080	34890	99200	40890	68910	77030	87190	36890	21530	51380	111210	29270	
72960	66201	133691	56070	34110	146913	131190	82560	0	78070	136810	82210	104810	48880	137450	39680	76820	59343	84140	51980	124983	32650	47360	6170	21870	21320	115520	135080	69410	21400	74130	121550	38840	126330	146431	74410	67070	113810	53690	71950	30640	63270	59830	32170	114970	103470	23670	50781	69053	71700	10030	103460	72090	42130	91730	96500	73620	82890	79120	142060	144140	109090	78720	61270	152415	95880	45460	28240	63040	156250	74220	95081	41520	68670	150680	44071	152550	82300	153080	87303	54780	66290	117401	110240	16750	16680	33570	106281	26360	106260	63960	52500	65380	89220	103800	76031	80850	82860	93230	40280	62450	
97691	120280	135690	32990	46290	179320	141290	82820	77980	0	164260	35110	74420	70900	96140	81050	66050	61030	103510	35180	98220	103400	118110	73420	96230	92070	154160	180160	72650	98090	91590	153032	109590	164970	146100	113920	96520	140840	24630	117580	101390	134020	95160	50000	108510	121000	79000	121531	54390	117330	74480	88560	107360	36270	113920	90780	76930	51210	108920	158930	127330	140290	91260	27860	123930	134080	99900	105440	31620	185790	104020	149080	39840	80900	184820	113380	186480	70510	163610	71540	64930	111920	166680	118250	93300	73170	56420	167010	103560	137460	94120	123250	98890	127420	142180	129630	56530	98600	124880	114730	62510	
74810	101740	44190	163580	146340	17270	31210	82590	137420	163620	0	138840	116030	98980	122200	97960	99950	118410	64500	160650	97390	129140	134330	137120	131940	122310	56920	72780	93630	135270	75810	23570	135330	60831	58710	72470	73780	27190	148570	82420	124480	151961	78090	130550	72440	44040	158490	127781	109780	85710	129650	93770	64810	143730	54000	81630	90120	123740	61260	17730	70700	41150	73770	166160	83750	65880	100740	146380	134470	19440	64780	101390	145150	90590	45190	119541	39110	94880	30300	102300	109600	88610	90271	51510	149070	150190	161300	116480	144470	42170	75430	141970	72320	66220	56170	95540	116610	66340	43430	163290	107560	
75081	108840	102250	51480	58240	154020	113690	58820	82660	34910	139490	0	41290	56980	67880	68100	42270	42040	79910	53670	65090	101430	115310	80170	95910	88810	138161	165410	49050	98950	67990	130120	107620	148451	112610	99610	79110	117240	34320	104920	99170	132950	80850	51500	75020	96360	90590	111880	31190	105680	76990	55070	91220	44580	90320	62010	53330	17890	87051	130800	93840	121741	67660	50140	90800	119770	89150	109581	21630	157680	82141	137640	48150	58290	165221	103640	166321	45780	130120	39340	45980	100270	154980	91120	97251	84650	74490	155710	107701	118911	78100	122170	83220	113110	126171	118190	22800	75000	104850	120921	40870	
72411	117532	72650	90520	92910	132730	85760	45030	105240	74040	116040	40850	0	63652	31910	77422	37510	56851	69000	90540	24350	113502	125232	102750	110192	102322	130070	156730	47450	113522	62561	113060	119642	140360	77690	100801	78111	101160	68990	108140	108842	142872	83370	73040	45140	76740	122260	121612	38631	111340	99570	27480	88851	79250	78110	38140	49170	27030	80210	101200	53780	110170	57690	90470	50480	115000	97912	124802	52440	128080	79160	146332	82820	58030	149940	113132	146240	35620	100520	26420	55421	107270	154190	65280	120031	112830	109160	164402	122922	107340	78321	132092	84321	112290	118290	126882	26340	64590	92640	142432	48411	
30220	55360	88371	64660	51950	108383	88040	34290	49190	70740	98260	56140	63161	0	95071	14890	31230	24670	41400	61800	76980	50970	62450	48680	47320	39450	83990	109990	23820	50650	28980	83302	57110	94800	101111	44190	26790	73880	49230	49140	46310	80080	25430	32330	66560	61200	69210	58840	32060	51520	40720	57070	37630	45520	51800	48180	25960	53380	39190	101950	90300	70560	33570	67240	99120	64350	35740	61560	43740	117700	34290	84160	46500	20860	112690	50600	114350	36710	110200	44100	13270	46110	100450	65000	63330	60910	68150	102020	59680	67730	24390	69310	29160	57690	72450	64710	46991	37710	55150	78470	20640	
99251	148422	79190	118980	123540	139180	92210	71870	136260	96000	122490	66720	32500	94542	0	108312	69331	87741	95840	121170	32390	144392	156122	133770	141082	133212	154250	178631	79221	144412	89401	132620	150532	161751	78050	127641	104951	122010	99620	137461	139732	180422	112101	103970	59340	97590	153280	152502	69521	140661	130590	50240	115691	109880	104950	62910	79041	56680	107050	107650	54140	134130	84530	117290	45080	143860	128802	155692	83070	134530	106000	177222	113450	86391	167100	144022	161020	66130	107060	58530	86311	138521	186271	83300	151051	143850	141630	207693	153812	131300	105161	162982	111161	139551	143630	157772	57270	91430	116600	175722	79301	
33650	40930	94801	67330	49790	107603	91880	45260	39960	80550	97480	67410	76921	14800	108831	0	43370	35940	44830	64470	87950	36140	47620	40380	35190	27320	77860	101350	35960	38520	35320	82522	42280	88670	107621	38060	27760	74500	57460	38220	31480	65250	20740	34570	77530	64160	61120	44010	45620	37970	32880	68040	33810	48970	52420	59150	36930	64750	39810	102750	105330	69780	39910	69910	114150	58220	21050	49430	55010	116920	34910	69730	49170	30840	111830	35770	113490	48850	113770	56240	25770	32560	86900	71430	51630	52840	64690	87590	47550	66950	24650	54480	26070	51560	66320	50280	60730	44050	54370	66340	34210	
38100	83080	73480	75630	70430	112860	77690	18580	76980	65870	99890	42010	36830	31090	68740	43310	0	27470	39270	75650	48190	79390	91120	74800	77290	69420	101150	127810	12770	80620	28250	89480	85530	111440	83840	66490	43200	76600	54100	73460	74730	108760	48690	49640	46620	56760	94461	87500	12420	76660	68510	28610	54540	59570	49680	28540	12920	27300	48640	95330	66970	81740	27020	75890	74932	84890	63760	91530	36720	119330	46130	111880	63320	22490	124800	79020	122660	7450	100280	14840	23160	72590	121310	54650	90792	85231	86630	129950	89650	78910	43120	97980	49120	78400	89160	92430	20170	34360	64210	109520	16720	
45770	68780	102501	62360	50500	125293	102170	46040	53830	68040	115170	56070	70100	18080	102010	28290	38660	0	56200	59500	84880	61020	74240	51500	56180	48530	100900	126900	32000	59510	43110	100212	67210	111710	115241	61100	43700	90790	46530	66050	58100	91640	42340	30110	78380	75330	71250	70810	34280	65830	45340	65300	54540	43220	66610	60000	36210	53410	56100	116080	102120	87470	47700	64940	110940	81260	48400	70420	42260	134610	51200	97580	44200	34090	129600	62570	131260	44140	124330	50330	16840	60420	114760	79130	68560	62950	66700	115440	68540	84640	41300	80870	46070	74600	89360	78130	49610	51840	72060	87330	23730	
11610	65600	56650	102670	90390	76630	49540	26860	84200	103650	64390	79860	68670	41550	95560	44860	39440	56830	0	99810	68410	80660	88060	84500	79430	71560	64270	90930	32800	82760	13810	52110	86800	74560	69390	36430	18970	39230	86760	46430	76000	105530	29580	70420	48640	22430	105030	83680	49270	49630	76540	48500	24760	83530	12310	36510	29290	66180	14270	63180	71740	44370	13120	105250	81200	49200	56870	93670	74500	83830	14600	83590	84510	28590	87430	75440	85290	39740	71430	48160	47600	52530	86090	31000	95870	96730	105440	101450	91790	41540	21110	95700	25610	46490	52490	66890	59050	4910	26840	111660	46630	
88860	103790	145540	5450	19050	169953	145260	88821	51920	35060	159850	53390	89870	61020	121260	64880	75900	60251	99290	0	113110	77600	92310	46980	70430	67110	142340	164720	74781	71910	86200	143152	83790	153530	156720	102410	86640	133730	22200	101090	75590	108220	84160	30960	118680	118420	47590	95731	63470	100840	49520	99900	96890	19690	109700	100630	78991	66380	99040	159680	138360	130410	90790	11620	139930	122700	81560	74120	40060	179290	94140	132590	17390	77180	174260	89021	175920	80360	167930	81790	60741	95430	150120	122220	61930	41760	24380	150450	72240	127580	84240	97450	88420	116040	130800	113140	68090	94930	115000	83360	63571	
72480	129141	53880	113190	115510	113870	66900	44940	125861	98030	97180	64840	24360	77730	31990	88570	48780	73180	68910	113210	0	125451	137181	123371	123351	115481	125060	149171	56380	126681	62800	104720	131591	132561	54820	101040	78350	92820	91660	111220	120791	154821	86770	94880	30660	68400	142681	133561	55580	115200	117551	23070	89090	101380	75920	35440	52950	49700	80120	82340	30910	104940	57600	113450	27380	114300	109821	138111	75110	109220	79070	151730	105130	61200	141600	125081	135710	42260	81750	37600	69940	113840	158390	54620	139012	133451	132980	170160	136231	102110	78930	144041	84930	112200	114440	134560	46340	64500	87410	156101	63870	
69050	42520	130291	82080	60120	139271	126700	81190	32350	103540	129480	101340	112851	50720	144761	36010	79300	70300	80230	77990	124710	0	16140	35000	18010	14500	101570	115840	71890	20340	70720	112270	6810	112380	143031	63110	62830	105090	79160	57850	5940	32050	52740	55722	113500	98980	49350	21440	80010	55720	29880	104010	62810	67600	87040	95120	72860	98750	72800	137570	140740	99810	75310	87120	149560	82720	29120	32250	84220	148920	69530	71400	66990	66770	136730	18980	141020	84780	148590	92170	60890	51040	93720	106840	35700	45660	63600	82600	30370	96980	59720	21280	58520	75680	92270	52350	95300	79450	83950	49160	69330	
76900	39770	141451	97040	75080	144140	133410	93000	47310	118500	134760	114480	124651	61860	156561	47150	90450	82860	87560	92950	136520	16150	0	49960	32970	29460	98820	113090	83030	35300	81860	117550	18780	109630	154191	66401	69540	110370	94120	56150	19530	19680	59450	70682	125310	104510	64310	10020	92540	54250	44840	115820	67620	82560	92300	106930	84000	111870	77610	143810	151900	101880	86450	102080	160720	81250	32350	47210	99180	154200	76210	65120	81950	77910	133980	15220	139550	96590	155300	103980	72690	49940	90090	117820	50660	60620	78560	71460	45330	99480	66430	8910	65230	74210	89730	49600	108070	87450	88760	64120	81130	
73080	68150	133091	51090	29490	147081	131600	81960	6120	73450	137220	79630	102230	48280	134870	40090	74433	56763	84260	46980	122403	35320	50030	0	26990	23990	115930	135490	68730	26740	73530	121960	41510	126740	145831	74820	67480	114220	49070	72360	33310	65940	60240	29590	114370	103880	21620	53451	66473	72110	8260	101283	72500	37510	92140	95850	72940	80310	79530	142470	141873	109500	78120	56650	149835	96290	45870	33580	60460	156660	74630	96950	36900	68070	150550	46741	152210	80303	153490	84723	53670	66700	118164	109640	22090	13320	29460	108951	31700	106670	64370	55170	65790	89630	104210	77500	78270	82260	93640	45600	59900	
69240	51751	130481	73680	51720	142971	127470	80160	20360	95680	133090	96250	110271	47720	142181	35960	78270	65910	80420	69590	123680	18200	32910	25510	0	9390	109020	124252	70860	4550	70800	115970	24390	119830	143221	68830	63350	108790	71300	64420	16190	48820	55280	48580	112470	99730	35260	36331	75620	62610	22730	102980	66520	59740	87990	94090	71830	93660	75380	138340	140930	103510	75390	78880	149750	89610	35500	15800	78940	152530	70480	80631	59130	65740	144180	29621	147360	83750	149360	91140	56800	57520	102951	107030	20560	32730	51180	91831	13920	100680	60240	38050	61150	82570	98220	61581	90910	79530	87650	32710	65240	
60540	48341	121661	72070	50110	132391	118750	71460	21470	92930	124290	89020	101571	39020	133481	27260	69570	58080	71720	67980	114940	14790	29500	24120	8740	0	101240	119080	62160	12070	62100	107270	20980	112050	134401	60130	54650	100090	68550	55950	12780	45410	46580	44950	103730	91030	39210	32921	67790	55700	20160	94240	57810	56990	79290	85350	63130	86430	66680	129620	132110	94810	66690	76600	140930	81600	28830	22980	71900	143730	61780	77221	56380	57040	135860	26211	137520	75050	140640	82440	48670	49860	99541	98210	25720	35520	52720	88421	21100	91980	51540	34640	52450	74500	89520	58171	83080	70830	78950	39890	57110	
66080	60040	87710	145210	127300	49100	74730	89060	115470	154370	56890	138431	129870	83980	153280	77820	101190	107240	64100	142170	125250	101130	98630	115890	108920	101050	0	28360	92700	111431	73670	33930	105150	11990	104100	41580	61540	40420	132570	46430	96850	111510	60350	112080	97710	58860	135890	90170	108761	46490	109060	109700	48570	126480	55840	97180	91040	127930	53580	70650	114220	23040	75320	147790	125740	22500	75720	123190	126660	67550	56050	47040	126680	84370	36340	83870	45290	101940	85120	110360	96190	52280	34350	73730	125880	128350	141750	59540	121280	24890	62500	104140	56680	28080	13080	49140	120800	67110	38060	140100	101090	
92340	74380	108030	167660	149990	58190	95050	115320	135400	179880	72900	164570	156130	109490	177450	101280	127450	132750	90360	164800	149240	115330	112490	135820	123441	119180	26990	0	118960	125771	99930	54930	119010	17840	126430	67090	87800	62750	157690	66930	111050	124250	85860	134770	121320	81190	154781	104030	135021	63340	129180	135960	74830	149170	82100	122440	117300	154190	79840	90620	136550	47190	101580	170240	148580	48010	93000	137681	152170	79200	82310	51660	149370	110630	30730	97730	41400	128200	102000	136620	121700	69390	27850	96060	141131	148280	164020	56590	135801	50030	88760	116880	82940	53590	39460	63000	147060	93370	64320	154591	126620	
28720	75540	71591	76820	67371	106600	73130	15030	69440	72520	93630	48730	46780	23550	78690	35770	12760	25900	32490	75591	55510	71850	83330	68880	69750	61880	92720	119380	0	73080	19830	82700	77990	103010	84331	56760	33330	69820	57160	65070	67190	100970	39710	46211	47370	50460	88630	79720	18140	68270	60970	35600	44810	57600	42900	28990	5200	37250	40220	90770	71110	74960	20240	78850	79930	75160	56220	83990	43370	113070	36820	103820	60291	11630	118020	71480	115880	17180	95720	24570	17550	65050	111580	50090	84170	80330	83571	121680	82110	72130	33250	90190	39250	68670	79930	84890	30120	27580	57430	101980	15050	
71970	54481	133231	76030	54180	145923	130200	82890	21390	98140	135820	98710	113001	50450	144911	38690	81000	69190	83150	71920	126410	20930	35640	26780	4910	12120	111750	126982	73590	0	73530	118700	27120	122560	145971	71560	66080	111520	73760	67150	18920	51550	58010	51040	115200	102460	33210	39061	78900	65340	25190	105710	69240	62200	90720	96820	74560	96780	78110	141070	143680	106240	78120	81340	152500	92340	38230	12320	81400	155260	73210	83361	61590	68470	146910	32351	150640	86480	152090	93870	60080	60250	105681	109780	18510	32460	50910	94561	10440	103410	62970	40780	63880	85300	100950	64311	94190	82260	90380	29230	68520	
10680	67750	62871	89490	77630	88650	60160	19230	73820	91340	76220	67550	62361	28860	89251	34950	28170	43650	13920	86630	62430	70750	82230	73310	69400	61530	73730	100390	19840	72730	0	64130	76890	84020	75611	39070	16380	51250	73580	48800	66090	99830	26480	57240	49990	33050	93840	77980	36960	52000	65350	42520	27120	70350	24330	33120	18020	54910	21220	73800	73730	56390	7770	92070	82550	57470	52510	83640	62190	95660	18710	86430	71330	15430	99440	69740	97310	30070	82050	37460	34420	52610	93890	39500	85840	85540	93830	104290	81760	53560	18010	89090	23020	50980	61740	69260	47780	9560	38860	101630	33470	
60630	82410	54440	147571	130621	27231	41460	75750	121161	153651	23520	129910	112520	83551	132450	82361	89490	105181	51950	144711	104770	111841	117031	121581	114641	106771	34010	55211	82850	117971	63860	0	118031	38601	70830	54511	59491	14720	132141	64410	107181	134662	62671	114831	76850	36720	141611	110482	99320	65470	114051	91700	49391	128431	41640	77970	79340	116230	47080	37280	80950	19830	63170	150151	94000	45200	85321	129081	124550	39591	50600	78660	129411	78640	37510	102242	33810	88040	51750	95460	95141	70600	68041	51590	131771	134041	145581	93430	127171	20850	59981	124671	56901	45540	34850	74220	109100	54960	28140	145991	96680	
74190	46260	135441	87960	66000	144861	132120	86330	38230	109420	135070	107220	117991	55860	149901	41150	84440	76180	85370	83870	129850	5970	18870	40880	23890	20380	105310	119580	77030	26220	75860	117690	0	116120	148181	68530	68100	110510	85040	62640	11820	34780	58160	61602	118640	104200	55230	24170	85890	60740	35760	109150	68230	73480	92460	100260	78000	104980	78220	142990	145890	105230	80450	93000	154710	87740	34540	38130	90100	154510	74950	75140	72870	71910	140470	21710	146040	89920	154010	97310	66600	56430	97460	111990	41580	51540	69480	85610	36250	102400	64990	24010	63940	80700	96220	56090	101180	84590	89370	55040	75040	
76300	70690	91510	155860	137950	51680	78530	99280	126120	165020	60590	148651	140040	94630	160750	88470	111410	117760	74320	152820	132720	111780	109280	126540	119570	111700	10950	18200	102920	122081	83890	38410	115800	0	107900	52230	71760	46230	143220	57080	107500	122160	71000	122730	104800	64670	146540	100820	118981	57140	119710	119650	58790	137130	66060	105920	101260	138150	63800	74350	118020	30670	85540	158440	131070	33150	86370	133991	137310	71250	66270	54420	137330	94590	25890	94520	37090	112160	88820	120580	106840	62930	31890	79540	136600	139000	152400	60620	132111	33510	72720	114790	66900	38730	23420	59790	131020	77330	48280	150901	111310	
79220	132550	17370	156590	150011	75310	30750	70051	146301	146530	58620	112720	77480	101101	77440	107431	84180	108560	69370	156610	54640	143231	154761	145791	142001	134011	104190	126581	84531	145331	75521	70840	149371	108101	0	103160	86580	67650	134930	113160	138571	175401	97190	129621	39970	54350	166761	150461	93080	116360	137831	63430	90930	141011	67630	57390	80881	96750	80440	43010	25290	85500	68281	156850	34560	105600	125781	156761	117380	65990	81380	146370	143711	85911	103230	142221	97150	77580	37240	77590	100961	119260	138600	38210	158961	158021	166491	161460	154881	84730	88720	161621	93220	104870	100790	133840	93050	68580	78280	178681	97810	
30900	30140	87780	104910	87370	79923	76640	57530	74380	114150	72090	99130	100661	44050	127551	37890	66470	67310	36190	102050	100730	62800	66250	74800	67830	59960	41880	67880	56680	71160	38950	54842	68990	52690	103410	0	25500	50120	92640	10970	58140	83450	20420	72150	82030	48920	94800	58480	71400	14170	68160	80820	12220	86550	37180	69660	55600	92330	22490	81320	105760	40110	44430	107490	115060	22240	36280	82070	86730	91530	22450	48550	86750	47930	77040	51370	78710	68370	95560	75760	56260	17070	58490	64270	84790	87260	101610	66410	80190	37340	24950	73810	18380	15580	29960	31430	85200	37810	28980	98980	61180	
7890	53400	73620	90250	75200	84023	65650	34310	67570	96330	73180	78450	77441	26360	104331	28230	42810	47170	18550	87390	77510	63620	70610	67880	62800	54930	61230	87890	32970	66130	15730	58942	69810	71520	86360	25270	0	48270	74820	35000	58960	88080	12130	58000	62790	37930	88640	66230	48950	38200	59920	57600	13320	71110	26190	46810	31890	68560	13580	76520	86530	46200	21430	92830	95350	43670	39420	77040	67840	92620	8680	72630	72090	24000	88330	57990	89990	44710	87540	52100	37370	38250	80090	47970	79240	80340	90250	90490	75160	43370	3660	78250	8660	37180	48440	55460	61430	18440	30790	93950	40720	
49570	79570	51100	137620	122260	38680	38120	64110	113480	141040	26790	117250	100880	73730	121160	74140	76830	94220	39290	134760	93130	105150	110340	113790	107950	100080	40400	62731	70190	111280	51200	14670	111340	46121	67490	50360	48530	0	122190	60310	100490	127971	55980	105370	65210	25080	134550	103791	86660	63600	105830	80060	42700	118480	28980	66330	66680	103570	36010	34280	77610	20910	50510	140200	90660	43770	78630	122390	111890	46230	39530	80010	119460	65980	51550	95551	47850	76400	48520	83820	84740	66500	73700	39950	125080	126250	137310	94780	120480	20140	50180	117980	50210	44110	36200	75570	96440	42300	21320	139300	84020	
76460	96850	123940	22450	25740	157523	129120	69940	53790	24670	147420	34280	68390	49030	100290	57720	54300	41410	86370	22420	91630	79210	93920	49230	72040	67880	131850	157780	57530	73900	73280	131162	85400	142660	134630	92050	74650	121740	0	94150	77200	109830	73290	26080	97080	105500	58090	97341	41870	93900	50290	78300	85490	12080	96780	79030	61740	44900	87050	146250	116660	118420	76780	23150	118380	112210	76470	81250	18580	166860	82150	125650	15650	63930	161830	89720	163490	58760	151710	60190	44360	88490	143180	106080	69570	52150	41920	143510	79370	115590	72250	99060	77020	105550	120310	106200	46490	82010	103010	92520	44730	
40480	19490	97600	104840	87300	88830	86460	67100	72710	118180	81890	104460	107350	49270	137071	38590	73330	72800	46010	101980	110790	57750	56370	73130	64600	56490	46610	66900	64760	67310	48530	64521	62890	57420	113230	11010	34610	59920	94970	0	52910	72880	25910	72080	91790	58740	93130	47910	76890	3520	66490	90390	21540	86480	47000	79290	63880	97820	32310	91120	115580	47600	54000	107420	124820	26970	30520	78840	92060	101330	32080	39450	86680	55840	81770	41610	85270	76700	107910	84090	61590	7400	52450	74090	81560	85590	100870	57310	76960	45010	33940	63930	27490	19930	36520	20780	90690	47440	38780	95750	66670	
64460	38190	125701	80620	58660	133823	121980	76600	30890	102080	124760	98510	108261	46130	140171	31420	74710	67040	75640	76530	120120	5750	19420	33540	16550	13040	96880	111510	67300	18880	66130	107550	11940	107690	138441	58390	58110	100370	77700	52600	0	35330	48020	54270	108910	94060	47890	21800	76720	50470	28420	99420	58090	66140	82320	90530	68270	95850	68080	132850	136150	95090	70720	85660	144970	77470	24310	30790	82760	144200	64810	67070	65530	62190	132040	15340	135770	80190	143870	87580	56870	45790	89390	102250	34240	44200	62140	78270	28910	92260	55000	24560	53800	70430	87020	48020	92050	74860	79230	47700	65310	
95200	57290	159181	112500	90540	159230	151531	110730	62770	133960	152701	132210	142381	79380	180261	64670	108180	100380	105860	108410	154250	31620	19430	65420	48430	44920	111440	125480	100760	50760	99590	135491	34240	122250	175411	83921	87060	128311	109580	73670	35450	0	76970	86142	143040	122451	79770	27630	110270	71770	60300	133550	85140	98020	110711	124660	101730	129600	96021	161751	174240	118120	104180	117540	188823	96660	49870	62670	114770	172141	93760	72790	97410	95640	149070	32740	155670	114320	178821	121710	90410	67460	97760	135730	66120	76080	94020	79150	60790	118540	83950	12410	82750	91730	102350	62220	125800	105750	107171	79580	98860	
18990	42430	84720	86940	69970	88171	75190	43250	60260	95630	77840	80610	83340	25530	111841	21140	49320	48790	29650	84080	86450	52770	59760	60680	54890	47020	60040	86040	39590	58220	26290	63050	58960	70850	97460	20240	11630	55870	74120	26720	48110	77230	0	54180	73890	47470	81420	55380	52880	29920	53180	66540	13910	68580	35730	57140	38650	73810	21440	85990	97630	50590	31990	89520	106450	40400	28450	69130	68210	97280	18220	65470	68780	30610	91770	47140	93430	51470	97080	58860	37740	28500	76650	59070	71850	73140	84930	83330	67250	47760	8520	67400	6010	33740	48500	47180	66680	29540	34730	86040	42660	
59000	73930	115731	33750	22450	138373	115400	58961	32000	49960	128270	50680	72630	31160	104550	35020	48061	30391	69430	30890	93981	55250	69960	29510	48080	43920	112480	134360	44921	50250	56340	113292	61440	123290	128551	72550	56780	103870	26030	71230	53240	85870	54300	0	91301	88560	48820	73381	40101	70980	26330	74911	67030	15390	79840	72921	49131	51360	69180	129310	113371	100550	60930	36330	121333	92840	53550	58781	31510	147710	64280	102730	15590	47320	142680	65130	144340	53931	137560	58351	30881	65570	119910	92360	46591	39590	38650	120590	56901	97720	54380	75100	58560	86180	100940	83280	49320	65070	85140	70121	33711	
55870	111700	29300	118630	113911	89380	42410	33550	114930	108610	72690	74800	45390	66340	58370	77180	46730	71110	48940	118650	30790	113260	124990	114420	111160	103290	97650	121381	47660	114490	50090	76930	119400	104771	39660	82220	63230	65030	97100	92180	108600	142630	73840	92751	0	40990	134980	121370	55380	95380	106280	25940	70270	103270	48510	19940	44010	58830	60150	57850	24740	77450	42850	118890	33560	86890	97630	125920	79680	84730	59730	125030	106831	49810	113810	112890	110110	40130	57170	39670	64090	97990	123780	25590	128120	126510	130510	141670	124040	74700	65370	131850	69870	86160	87030	112990	55130	45060	60000	143910	60360	
32960	78050	39530	121610	109750	57100	28390	39530	102740	120560	44130	95780	76300	60980	96580	63400	56890	75350	22240	118750	68550	98290	104690	103050	97970	90100	59110	81441	50570	101300	32750	36990	104480	64831	54700	48880	37790	25090	105510	58880	93510	122321	46660	89360	41010	0	123810	98141	66720	62080	95090	55480	37210	102470	13780	41750	47060	80680	26720	41710	57050	37510	30710	124190	68110	51320	72980	112730	91410	63570	29420	89160	103450	47530	73870	89901	70170	51820	50280	59240	66540	64980	88210	16560	114930	115510	125950	104470	110850	35700	39440	112330	41920	50590	51330	79160	73550	23280	24430	129770	64500	
93750	83181	153901	51630	34710	167793	152070	102270	23630	79020	157690	90810	121900	68950	154540	60520	93791	76121	104930	47620	141761	49630	64340	22040	35460	39000	135630	155190	88570	33200	94200	141660	55820	146440	166641	94520	87910	134480	58160	92060	47620	80250	80670	48940	135050	124350	0	67761	85831	91820	29440	121071	92200	46600	112570	116580	92780	99980	99960	162940	161231	129200	98790	57520	169193	115990	65390	30630	74120	177130	95060	112061	45990	88740	171300	61051	173760	99661	173960	104081	73510	86400	134381	130450	20040	9370	23890	123261	30350	126370	84800	69480	86220	109330	123910	93011	97620	102930	113340	37300	79441	
72760	31150	137691	99121	77161	135520	127371	89000	49391	120581	128541	110710	120651	58100	152561	43390	86690	79100	83420	95031	132520	20030	8540	52041	35051	31541	90200	104470	79270	37381	78100	110971	22660	101010	150431	58220	65400	104151	96201	47530	20380	25960	55310	72763	121310	98291	66391	0	88780	45630	46921	111820	61871	84641	86551	102930	80240	108050	71861	137591	148140	93260	82690	104161	156960	72630	28210	49291	96220	147981	70401	56370	84031	74150	125360	9600	130930	92590	149261	99980	68930	41800	81340	113601	52741	62701	80641	62710	47411	90860	62290	16100	59901	65590	81110	40980	104250	83310	83011	66201	77370	
45191	85860	82120	63300	61770	122710	87610	28430	69491	54380	109740	30990	38370	31920	70280	45120	12480	19320	49120	63320	55550	79950	92330	67001	75110	67460	108271	134931	18260	78440	37200	99330	86140	118561	92480	71390	49470	86450	41770	77400	76190	109970	52630	41440	55260	66610	86311	88900	0	80600	61750	36480	61421	47940	59530	37210	22540	21410	57161	105250	74840	91590	36870	63560	82300	91550	66170	89350	25230	129180	52251	114660	51690	28400	133981	80660	132510	16940	109990	19920	20090	76260	127800	64570	82642	77081	77970	132730	87470	88760	49320	99190	55000	84890	96281	95210	15890	44210	74060	106172	13060	
43920	17120	101040	104360	86820	89180	89900	70540	72230	117700	85330	105220	110790	51210	140541	38110	76770	73750	49450	101500	115000	55380	54000	72650	63110	56010	46730	63550	68200	65440	51970	65661	60520	57540	116670	14450	38050	63360	94490	3760	50720	70510	29350	71600	95230	62180	92660	45540	80330	0	66010	93830	24980	86000	50440	82730	67320	101260	35750	94560	119020	47950	57440	106940	128260	27320	29830	77350	92550	103102	35520	36100	86200	59280	81890	39240	85620	80140	111350	87530	63580	6220	49100	77530	80800	85110	100390	53960	75470	45550	37380	61560	30930	20280	36870	17690	94130	50880	42220	94260	70110	
65080	61330	125091	53890	31930	139483	123760	73960	9950	74950	129360	77180	99780	40280	132081	32640	68220	52590	76260	49800	117440	30210	44920	8220	23040	19930	109110	128670	60810	25210	65530	114402	36400	119920	137831	68000	59640	106380	50570	65540	28200	60830	52790	27140	106230	96040	28980	48341	62300	65290	0	94860	65370	39010	84300	87850	65020	77860	71690	134630	135540	101660	70120	58530	144253	89470	39050	35830	58010	148820	66790	90130	38400	60070	143420	41631	145080	73700	145650	80290	46180	59880	111344	101640	24680	20680	36400	103841	33950	98830	56530	50060	57950	82810	97390	70680	75820	74260	86250	48210	53690	
52550	107370	53050	100520	97770	110260	64920	25010	104060	88650	93860	54840	27470	57800	50010	68640	29080	54810	48980	100540	23040	104720	116450	102681	102620	94750	110050	136081	36450	105950	42870	91630	110860	119471	63160	81110	58420	79730	78990	90840	100060	134090	66840	76980	25820	55310	121991	112830	37270	94040	95590	0	69160	85160	58090	15510	33020	38870	60190	81600	42970	90150	37670	100780	49790	94980	89090	117380	61570	108480	59140	128470	88910	41270	128510	104350	124810	22560	80920	21300	50240	93260	131870	42650	118322	112761	114831	146900	115500	87320	59000	123310	65000	92270	98270	111300	35170	44570	72620	135370	44170	
18940	41080	76220	99570	82600	74821	65080	45570	72010	107690	64490	90840	88701	37590	115591	33990	54510	59560	24630	96710	88770	62690	67740	72430	65490	57620	48510	75170	44720	68820	26990	49700	68880	58800	91100	12220	13560	42520	86180	21910	58030	85210	13870	66810	70250	37360	92460	61331	61340	25110	65230	68860	0	81210	25620	57750	43640	80950	10930	73720	93450	37240	32470	102150	102810	30950	36170	79730	80080	83930	10540	59800	81410	36390	78120	53091	79780	56410	86970	63800	49610	28010	67370	52710	82450	84890	97560	77660	77850	34410	14520	75380	8700	24460	35720	42370	73820	25900	21380	96640	53110	
73310	88240	128111	20360	13870	152683	129180	71550	41920	36280	142580	44550	78660	45470	110640	49330	60050	42380	83740	19580	101100	67340	82050	37360	60170	56010	126790	148670	57510	62030	70650	127602	73530	137600	140851	86860	71090	118180	11900	85540	65330	97960	68610	15410	103150	102870	46220	85471	47940	85290	38420	84370	81340	0	94150	85100	61720	55170	83490	143620	122830	114860	75240	22390	128720	107150	67860	69380	28160	162020	78590	117040	3780	61630	156990	78761	158650	64830	151870	66490	43470	79880	134220	106140	57700	40280	30120	134900	67500	112030	68690	87190	72870	100490	115250	97590	55850	79380	99450	80650	45700	
23030	66550	52330	113080	100020	66040	41190	37270	91240	114060	53800	90270	78080	51490	103650	51900	49850	67240	12310	110220	75620	86670	93050	91550	86470	78600	55850	82510	43210	89800	24220	41690	92860	66140	67500	37380	26290	28810	97170	47380	82010	110821	35160	80830	48080	13470	112310	86641	59680	50580	83590	57910	25710	93940	0	45920	39700	76590	15220	52970	69850	35730	23530	115660	80640	45090	61480	100710	84910	73240	17920	82930	94920	39000	78570	78401	74870	50150	63080	58570	58010	53480	81980	29360	102910	104010	115070	97700	98830	32900	27940	100830	30420	44360	45230	67660	69460	15320	18200	118230	57040	
39810	96790	46270	100860	95761	97550	53440	15400	96740	91060	81610	61820	38040	48190	62750	59030	28710	52960	35820	100880	35520	95110	106840	96090	93010	85140	96890	122221	29510	96340	32120	77770	101250	105611	56890	68570	46270	65870	79330	78530	90450	124480	56370	74601	19670	41450	116780	103220	37610	81730	88130	15640	56620	85370	44930	0	25860	45850	47030	71080	43410	76780	24880	101120	52230	81820	79480	107770	61910	97960	46080	115830	88681	31660	114650	94740	110950	22110	74140	24220	45940	82500	118710	30400	109970	108310	111961	134750	105890	73950	47900	113700	52910	79110	85110	98990	40060	31410	59250	125760	42210	
27630	76870	68351	81040	71591	103340	69840	11790	73540	76740	90370	52950	48750	26260	78771	37100	12850	30120	29230	79811	52530	73180	84660	73030	71080	63210	91110	117770	5340	74410	18210	79440	79320	101400	81091	55670	32300	66560	61380	64040	68520	102300	38680	50431	44130	47200	92790	81050	22360	67240	65070	32620	43720	61820	39640	25750	0	39590	38600	87480	67870	71700	16980	83070	76690	74070	57550	85320	47590	109810	35730	102790	64511	10750	114760	72810	112620	15490	92430	22880	21770	64820	110490	46800	87520	84490	87791	120650	83440	68870	32220	91520	38220	67580	78840	84500	32460	24320	54170	103310	19270	
64570	105630	85870	66550	68940	137170	97310	43460	82920	51200	124200	17800	26200	53280	57270	64890	27350	38830	65740	66570	49440	98910	112120	80430	93390	86290	127620	154280	37290	97170	54720	115950	105650	137910	96230	91970	68940	103070	45020	97980	95960	129760	73210	51760	58640	81070	99940	108690	21360	101180	77250	38690	80891	55280	76150	45630	39460	0	75110	114420	77460	108210	53490	66810	76190	111241	85940	108310	28470	141300	71721	134450	58850	47870	151270	100430	149130	30570	113740	22960	41450	97060	147661	74740	97711	90510	85190	152520	106430	105380	68790	118980	74790	104751	115630	114980	7880	60830	90680	121241	34420	
15260	51690	66000	103320	87960	71961	54860	38060	79180	109400	60840	87611	80120	39430	107010	39840	48780	60240	14410	100460	79860	73140	78190	79490	74410	66540	53250	79910	40450	77740	21260	47100	79330	63540	80880	22520	14230	35930	87890	32520	68480	95961	21330	71070	60250	27140	100250	71781	57570	35720	71530	59950	10850	84180	15400	48120	38630	75520	0	65730	83230	36830	24410	105900	92810	37450	46620	88650	80481	80280	5230	69680	85160	34750	78960	63541	80280	50680	76750	58070	50440	38620	74340	42490	90850	91950	103010	87540	86770	34000	15880	85830	15560	33730	41260	52980	68390	16200	19620	105560	51461	
73590	110890	29851	165230	150340	34320	18560	77510	141560	158540	17630	130851	101691	101610	107861	102220	95160	115660	62870	159930	83051	137110	143480	141870	136790	128920	70580	89830	90880	140120	73380	37230	143300	74491	42980	81620	76610	34320	145820	91570	132330	161111	85480	129990	58101	41610	162630	136931	104990	94860	133910	81991	73960	143100	53070	71030	87370	114881	65540	0	56361	52170	71340	167730	69411	75030	109890	151550	129390	28350	68240	113040	144080	88160	62240	128691	56160	89800	17590	93460	106940	97760	103931	41020	153750	154330	165440	128130	149670	51400	78260	151120	80510	75370	67460	108410	109300	63910	52580	168590	104810	
79540	134980	27490	138500	135820	87400	40430	57220	139730	127240	70710	93510	53570	90010	53530	101700	67020	92750	71800	138520	30730	138040	149770	139220	135940	128070	114190	136581	71330	139270	73760	80840	144180	118101	25280	105590	86900	76950	116930	115590	133380	174960	97510	114960	24690	56780	159800	146150	75210	118790	131100	42950	93360	123140	70060	43610	67680	77540	82870	55870	0	92500	66520	138760	14430	108030	122410	150700	99510	82750	83400	149110	126890	73480	115320	137670	109240	60500	55360	59500	87760	121690	147860	40640	152900	151330	155201	165750	148820	90690	89040	156630	93540	107300	106750	136270	73840	68730	80710	179831	82110	
49790	64850	68970	134880	117930	45192	55990	69320	108470	140960	41450	122141	110000	70860	133190	69670	81900	92490	44360	132020	105160	99150	101730	108890	101950	94080	23050	47221	75260	105280	56090	20111	105340	30611	85360	40300	46800	20950	119450	47460	94490	118030	49980	102140	77520	37390	128920	93270	91730	47910	101360	89830	36700	115740	35750	77090	71750	108640	37270	52150	92750	0	55580	137460	103810	26750	72630	116190	112920	57552	39760	59960	116720	69280	43060	86970	44720	82200	66390	90620	82450	53650	53650	52260	118910	121350	132890	74730	114310	2840	47290	109290	44210	27980	16150	55520	101510	47370	18160	133100	85991	
15540	73370	55681	94320	82460	87030	55350	14730	78650	91410	74060	67620	57400	33690	84290	39780	27200	45340	13130	91460	57140	75580	87060	78140	74230	66360	75500	102160	20560	77560	7850	63340	81720	85790	68421	44690	22000	50460	75500	54420	70920	104700	32100	62070	42800	30890	98670	82810	37030	57620	70180	37230	32740	75180	23540	25960	17050	53940	24280	71640	66540	55600	0	96900	75360	60430	58130	88470	62260	93500	22270	92020	76160	19050	98660	74570	96520	27610	77940	36030	36620	58230	97320	32310	90670	90370	98660	109880	86590	52770	23630	93920	28640	56570	63720	74880	46810	8220	38070	106460	34490	
94290	109220	145950	6910	28330	175593	150550	91950	61200	27910	165490	50050	90280	66450	117920	70310	76310	63240	104720	11610	113520	86880	101590	56640	79710	75700	148360	170220	78880	81310	91630	148582	93070	159170	157130	107840	92070	139160	23100	106520	84870	117500	89590	36390	119090	123850	57590	105011	63880	106270	58110	100310	102320	22420	115130	101040	83090	66790	104470	165710	138770	135840	96220	0	140340	128130	88840	84120	40470	184930	99570	138020	22820	82610	179900	98301	181560	80770	173960	82200	64840	100860	155620	127510	71930	51760	33860	155950	82240	133010	89670	106730	93850	121470	136230	118570	68500	100360	120430	93360	66560	
88420	146130	40700	139540	141930	100610	53640	66100	148610	124010	83920	90820	50320	98890	44660	110580	74992	100020	81490	139560	27550	146920	158650	148100	144820	136950	125680	148501	80210	148150	82640	94050	153060	131311	34520	115310	95780	90160	117930	125270	142260	188463	106390	121980	33570	67930	168680	155030	82420	128470	139980	49312	102820	128270	81060	52490	76560	75970	92700	69080	14550	103650	75400	139800	0	119180	131290	159580	101380	95960	92280	160260	131840	82360	128530	146550	122450	68472	68570	64440	96152	131080	159010	51790	161780	160210	159640	176900	157700	101840	97920	165510	102420	118450	117900	147420	73180	77610	91860	183873	90082	
49530	44410	89020	125430	107890	65620	77880	73700	96060	134670	65510	119650	114510	64570	142570	58410	85100	87830	48740	122570	114190	82670	81290	96480	89510	81640	22560	48560	75310	92730	57580	45171	87810	33370	105830	22170	44150	43540	113160	27020	78010	96860	40940	92670	86650	51340	116480	72830	91920	27470	89650	94340	31180	107070	44780	82350	74230	111540	37910	74740	108180	26580	59960	128010	119240	0	56330	103750	107250	82612	40380	39450	107270	66980	57720	66530	62060	86580	88980	94390	76780	33210	38500	67230	106470	108940	122340	54220	101870	25060	45110	88850	38900	8670	11210	34490	104410	51750	26580	120660	81700	
46520	23540	112670	86440	64810	110911	101530	65890	45410	99780	100580	88840	98121	36080	130031	21430	64000	57370	57180	82170	109370	28910	32630	45830	36090	29250	75730	93080	56590	38420	52270	85790	35100	86540	126201	36460	39160	78610	76570	30540	24250	50100	28760	53680	98160	72750	65730	28250	67050	29700	39190	88670	36330	68080	61010	79780	57560	86180	46320	109810	123910	73330	57970	89020	132730	56090	0	50330	74630	120020	44920	52340	68280	51370	110890	20010	114020	69480	123420	76870	47200	23680	73924	86600	53780	58290	74010	70020	48450	70500	36050	40270	34220	49050	65270	32890	81360	57070	57470	67240	55640	
82820	66421	144191	77920	60130	157313	141590	93820	27900	105120	147210	108882	124001	61300	155911	49540	91930	79310	94190	73810	137340	32870	47580	33290	15790	22970	123690	138922	84510	11940	84380	130260	39060	134500	156931	82410	76930	123080	80740	78620	30860	63490	68860	58622	126130	113870	30710	51001	89020	77280	35520	116640	80090	69180	101780	107750	85490	107240	88960	152460	154640	117090	89080	83710	163460	103880	50170	0	89492	166650	84060	95301	68570	79320	158850	44291	162580	97410	163480	104800	70200	72190	117621	120740	12330	33980	52200	106501	1490	114260	73820	52720	74730	97220	111800	76251	105070	93220	101230	17560	78640	
68031	94930	106680	39910	41830	148090	112280	53810	62790	31610	135120	21610	51880	43680	83790	54800	37040	30890	74500	39930	75030	83740	98450	60300	78220	71120	126470	152470	43640	81040	62310	124710	89930	137280	117040	86670	68230	111830	18380	91620	81730	114490	67910	31630	79820	91990	73750	96960	25380	91980	57120	61040	79750	28170	84910	61770	47920	28390	80001	129920	99400	112490	62250	40170	101780	106830	74550	89571	0	154560	75091	123730	31740	51240	154620	88720	156280	41500	134550	42530	34790	86570	140910	89240	77381	67810	58080	141590	87691	109660	66320	103590	71440	100170	114870	104280	28830	69590	97080	100911	31900	
94240	121052	56751	183010	165770	21740	45460	102020	156850	184770	19430	157751	128591	118410	134761	117390	119380	137840	83930	180080	109951	148570	153760	156550	151370	141740	67830	78220	113060	154700	95240	42190	154760	71681	66050	91900	93210	46620	168000	101850	143910	171391	97520	149980	85001	63470	177920	147211	129210	103171	149200	108891	84240	163750	73430	97930	109550	141781	80690	28350	83261	57531	93200	185590	96311	82901	120170	165810	153900	0	84210	117900	164580	110020	50630	138971	43820	114310	30440	120360	129030	108040	101290	67920	168500	169620	180730	130111	163900	58551	94860	161400	91750	83241	72551	113601	136040	85770	62860	193972	126990	
10030	51620	68510	98090	82730	75621	57370	35410	73950	104170	64500	82381	78870	34200	105760	34610	46090	55010	14600	95240	78610	69380	76250	74260	69180	61310	56020	82680	36780	72510	18570	50760	75570	66310	81590	22490	9000	39590	82660	32450	64720	93840	17870	65840	59710	29650	95020	69801	52711	35650	66300	58700	10540	78950	17910	47210	35700	72321	4910	68240	83450	39600	22210	100670	92270	40220	44680	83420	75251	83940	0	69750	79930	29520	81730	61561	83390	47990	79260	55380	45210	38260	77110	43200	85620	86720	97780	87610	81540	36770	10650	83890	13570	34300	44030	52910	65191	15360	23280	100330	46231	
78220	32040	127910	135890	116030	95930	116400	104850	94901	149230	101820	137910	146971	84960	176911	70640	112080	106440	83450	133030	151210	71430	64820	97050	80561	77051	46820	52890	103510	82891	86270	79071	75110	54370	144950	48590	72460	80140	126020	39660	67150	72800	64660	103130	125070	89410	111901	56380	115640	36070	90410	128240	59390	117530	82850	116920	102630	135250	69750	113190	147300	60090	91750	138470	158360	39780	52960	94801	124080	117100	69710	0	117730	94590	76070	53830	87290	115450	127430	122840	96270	40720	25170	105650	98251	108211	125230	18900	92921	61090	71910	65430	65340	41250	44960	19960	129440	85070	64650	111711	104710	
73490	88420	130221	20240	12490	154143	129890	73451	41420	39870	144040	48140	82250	45650	114230	49510	62551	44881	83920	17380	104910	66840	81550	36860	59670	55510	126970	148850	59411	61530	70830	127782	73030	138160	143041	87040	71270	118360	15490	85720	64830	97460	68790	15590	105791	103050	45720	84971	51750	85470	37920	88180	81520	3930	94330	87411	63621	58760	83670	143800	126640	115040	75420	22820	132310	107330	68040	68880	31750	163480	78770	117220	0	61810	158450	78261	160110	68421	152050	70300	45371	80060	134400	106850	57200	39780	28740	135080	67000	112210	68870	86690	73050	100670	115430	97770	59440	79560	99630	80150	48201	
21540	69350	73051	80670	68810	103270	72910	17640	68380	81380	90840	58700	57350	20710	86081	30610	22390	32940	28540	77810	60840	66690	78170	67870	64590	56720	84390	111050	11590	67920	15450	78750	72830	94680	85791	48430	24440	65870	62720	56030	62030	95810	30820	48420	49910	47670	88400	74560	28710	59230	59910	40930	36480	61530	38950	31530	10720	47820	34550	88420	73650	69240	18970	83250	82470	66830	51060	78830	51570	110280	29640	94780	62510	0	111370	66320	111930	24910	95500	32300	23710	56840	103250	49870	81030	80100	85010	112640	76950	66410	24360	85030	30360	60340	71600	76490	40690	24180	52920	95740	22450	
91950	95150	88540	177330	160090	29650	75560	112370	150720	185310	44350	165631	149140	113020	168361	111670	125060	134650	87520	174400	141390	136240	133740	150560	144170	135750	35550	29780	118420	146541	99250	37310	140260	25920	103060	76830	88960	51340	162640	81680	131960	148790	91800	144140	113470	73340	171540	125280	134631	81740	143360	128320	78140	157900	78260	114590	114910	151800	79450	62080	115050	43160	98740	179910	128100	57750	110970	158451	155080	50660	81920	76030	158900	111440	0	118980	12860	124660	73460	132080	124610	87530	53500	88210	161700	163600	175050	82230	156571	46000	89450	139250	86030	63330	48020	84250	144670	90530	61320	175920	128151	
64530	24900	129441	93841	71881	129270	119141	80340	44111	113140	120311	102340	112001	49870	143911	35160	78450	70870	75190	89751	123860	19010	15240	46761	29771	26261	83950	98220	71040	32101	69870	103101	21640	94760	142181	51531	57170	95921	89500	41280	15310	32780	47080	64860	112650	90061	61111	9630	80550	39380	41641	103160	53641	79361	78321	94270	72020	99680	63631	129361	139890	87010	74460	98881	148710	66380	19980	44011	87990	139751	62171	53780	78751	65920	119110	0	124680	83930	141031	91320	60700	35070	76100	105371	47461	57421	75361	64980	42131	84610	54060	22800	51671	59340	74860	34730	95810	75080	74781	60921	69140	
93610	101530	83010	178990	161750	22640	70030	108760	152580	186970	38820	166310	145530	114680	161020	113330	122500	136310	84960	176060	136210	140510	139130	152220	146160	137410	45210	40410	115860	149760	96870	33700	145650	36980	97530	78620	90620	47730	164300	84860	135850	155170	93460	145800	109860	69730	173400	130670	132330	85310	145020	124710	79800	159560	74650	110980	112350	149240	80090	56550	109520	44820	96180	181570	122570	61860	114170	160870	156740	44000	83580	87150	160560	111650	12820	124370	0	121050	66800	128470	126270	91050	64620	84600	163560	165600	176710	93350	158960	47660	91110	145630	87690	65390	51000	90630	142110	87970	61150	177780	129690	
40770	89410	66970	79970	77130	108860	72930	15080	83310	70170	95890	45340	35030	37420	65630	49640	8330	34170	40630	79990	41890	85720	97450	81130	83620	75750	103000	129660	18560	86950	30920	89080	91860	113290	77330	69160	45870	77180	58440	77610	81060	115090	52250	56340	40110	52760	101171	93830	16720	80810	74840	22310	57210	64610	51040	22060	16300	30240	51310	90570	60670	83100	28550	80230	68640	87560	70090	98380	41020	115330	48800	116360	68360	25870	125960	85350	122260	0	94840	9160	29490	78670	123980	49890	97492	91931	93330	134380	96500	80270	45790	104310	51790	81070	91220	98070	23110	35720	65570	116200	23420	
82060	127360	28030	172370	159390	44620	23070	82570	152410	163490	30300	129730	100570	110080	106740	113070	100220	120720	71340	168400	81930	147960	154590	152720	147640	139770	85080	101100	95940	150970	81850	51730	154150	88991	37270	95870	87460	48570	150880	108040	143180	178541	96330	138460	56980	50170	173480	148041	110040	111330	144760	80870	86880	151570	63450	74220	92430	113760	76390	17700	55670	66420	77850	173660	68720	89280	122650	162400	134340	30410	79090	127290	152550	95590	73510	139801	66700	94540	0	94600	112000	114230	119520	46080	164600	165180	176020	142380	160520	65650	89110	162230	91590	89620	81710	122850	110060	72380	66830	192473	109870	
47400	96040	67480	81160	80070	115510	76120	22750	87791	71170	102540	39060	26310	44050	58220	56270	14960	37620	48300	81180	37650	92350	104080	85301	90250	82380	110450	137110	25190	93580	37550	95730	98490	120740	77840	75790	52500	83830	59630	84240	87690	121720	58880	59740	40260	59410	104611	100460	20020	87440	80050	21070	63840	66240	58710	23970	22930	23090	57940	93760	59490	90770	36220	81420	64400	94190	76720	105010	42020	120640	55430	122990	69990	32500	132610	91980	128910	9380	95350	0	35890	85300	130610	53080	100942	95381	96270	141140	103130	87940	52420	110940	58420	87700	98460	104700	17090	43390	73240	122830	28880	
37710	65930	88201	62940	52710	119843	89270	31640	54820	65000	109590	45540	54960	13210	86870	25190	22420	13640	47290	61711	68640	60920	72400	53710	56390	48520	96000	122000	17600	59720	34200	94762	67060	106810	100941	56200	37760	84620	44840	61150	56260	90030	37440	32320	63980	66420	73460	68970	20130	62770	46350	49060	49280	43720	57700	45600	21810	41540	50160	106910	87420	82020	36380	64970	95382	76360	46240	70630	34870	129030	45260	94730	46410	23130	124150	60730	125810	27900	111860	34900	0	57360	111700	66230	69550	65160	68910	112590	68750	79190	35850	79260	40970	69700	84400	75280	36020	42930	66610	87540	8590	
44690	15830	103430	98800	81260	94660	92290	70140	66670	112140	87720	99660	106420	45650	138761	32550	72400	68190	51840	95940	114030	51010	50000	67090	58220	50280	52360	69580	64990	60550	52530	70351	56400	63170	119060	16840	37480	65750	88930	7230	46150	66820	27570	66040	97620	64570	87090	41850	75930	6200	60450	93430	27370	80440	52830	83610	64310	96890	38140	96950	121410	53430	58230	101380	130650	32800	23760	72460	86990	107160	37910	40680	80640	57190	87520	35120	91100	77880	113740	85270	58020	0	55130	79920	75350	79550	94830	58540	70580	50840	35600	57560	29950	25760	42350	21250	89760	53270	44610	89370	64730	
85480	54420	122110	153450	135780	79750	107730	110900	116804	166790	89790	154740	156021	100170	180600	87070	121050	122710	85940	150590	151390	93810	89770	118013	102464	98954	34390	28450	111260	104794	93530	67610	97490	31770	138500	58030	80100	73730	143480	52720	89530	97750	76800	120560	123850	88540	133804	81330	127780	49130	111373	131540	67130	134960	81980	119550	110180	147490	75110	103550	146080	53680	97160	156030	157140	38910	73973	116704	141510	100720	76970	25160	135160	102930	53470	76210	64690	122950	119530	130340	112540	55180	0	103630	120154	130114	146193	29410	114824	54680	81060	90380	74760	44020	38550	42340	140360	88950	63780	133614	117560	
41010	93730	25650	125190	113880	68070	23500	37010	110170	118040	51670	90900	65180	65110	82280	71300	54660	75160	31160	122880	54700	107100	117740	109660	105870	97880	73840	96171	50380	109200	39530	51720	113240	79561	38390	64390	48370	39820	105320	74390	102440	135210	58980	93490	25510	16520	130630	112971	64490	77590	101700	42780	52720	106490	29800	30640	46870	74930	42230	41140	40740	52240	32290	127220	51800	67340	86270	120630	88890	68020	43170	105480	107580	50030	88600	104731	84900	49300	46090	53070	66440	80490	103560	0	122830	121890	130360	122120	118750	50430	50510	125380	55010	66610	66060	94740	68910	30370	40450	138400	64310	
84330	70681	145591	65730	47940	158633	142910	95250	16710	93020	148530	96472	119392	62440	152032	51050	90153	72483	95510	61620	138123	37130	51840	21990	21900	26800	126160	143182	84110	19640	85890	132260	43320	137760	158331	85050	78440	125080	68850	82590	35120	67750	71200	46432	127560	115190	19520	55261	82193	81540	24730	117433	82730	57290	103100	109180	86920	96943	90490	153780	156040	119730	90480	71520	164860	106520	54430	13830	77302	167970	85590	99561	56680	80830	162620	48551	164600	96023	164800	100443	69480	76450	121881	122140	0	21790	40240	110761	11950	116900	75330	56980	76750	99860	114440	80511	94813	94620	103870	26010	75803	
85510	79601	145531	45850	28720	159913	144190	94030	16760	73140	149810	84820	112390	60710	145030	53030	84601	66931	96690	41740	132571	46050	60760	13800	34080	35420	128870	148430	80330	32580	85960	134832	52240	139680	158271	87760	80070	126810	52170	85300	44040	76670	73180	39750	126490	116470	9410	64181	76641	85050	21200	111881	85440	40610	104730	108110	84540	90470	92120	155060	152041	122090	90550	51640	160003	109230	58810	34220	68130	169250	87220	108481	40000	80500	164030	57471	165880	90471	166080	94891	65270	79640	130801	122080	22030	0	20360	119681	32340	119260	76960	65900	78380	102570	117150	89431	88430	94690	106580	42500	70251	
94280	96330	154291	27790	19780	170643	153880	97071	33770	56360	160540	74420	108530	68690	142530	64780	86171	68501	105460	24370	133470	63920	78630	29460	52440	52590	142200	163450	83031	50940	94450	145562	70110	154060	167031	101730	90280	137540	41770	99820	61910	94540	84690	38990	131130	126670	23820	82051	78030	99570	36440	113021	97580	30210	115460	111031	87241	85040	102850	165790	153611	132820	99040	33810	160700	122560	74050	52050	58030	179980	97950	125130	28790	85440	174950	75341	176610	92041	176460	96461	68991	94160	146344	130840	40520	20350	0	137551	50830	129990	87170	83770	89110	115900	130660	105680	85720	103180	117410	59590	71821	
95910	49730	144380	153521	133460	108520	131950	122540	106071	166861	116740	156151	164942	102591	208532	88271	129770	124071	101140	150661	169080	82600	71190	108721	91731	88221	59410	57350	121200	94061	103960	93350	85310	60670	161320	66280	90150	94580	143651	57350	78320	79200	82350	120761	141540	104530	123071	62750	133330	53760	103601	146190	77080	135161	97290	135180	120320	153491	87440	128110	163770	74530	109440	156101	174830	54220	70060	105971	141711	129620	87400	18900	135361	112280	82370	65000	93590	133290	142350	140940	113901	58410	29580	122120	109421	119381	137321	0	104091	75530	89600	71830	83030	58940	59400	37650	147650	102760	79090	122881	122341	
81970	65571	143341	77070	59280	156463	140740	92970	27050	104270	146360	108032	123151	60450	155061	48690	91080	78460	93340	72960	136490	32020	46730	32440	14940	22120	122840	138072	83590	11090	83530	129410	38210	133650	156081	81560	76080	122230	79890	77770	30010	62640	68010	57772	125280	113020	30860	50151	88170	76430	34670	115790	79240	68330	100930	106900	84640	106390	88110	151610	153790	116240	88230	82860	162610	103030	49320	1880	88642	165800	83210	94451	67720	78470	158000	43441	161730	96560	162630	103950	69350	71340	116771	119890	11480	33130	51580	105651	0	113410	72970	51870	73880	96370	110950	75401	104220	92370	100380	18790	77790	
46940	62510	68210	132030	115080	46182	55230	66470	105620	138110	42160	119291	107150	68010	130340	66820	79050	89640	41510	129170	102310	96300	99390	106040	99100	91230	24910	50051	72410	102430	53240	21101	102490	33441	84600	37520	43950	20190	116600	45110	91640	116170	47130	99290	74770	35550	126070	90930	88880	45570	98510	86980	33850	112890	32900	74240	68900	105790	34420	51390	90910	2830	52730	134610	101970	25300	69780	113340	110070	58542	36910	61020	113870	66430	45890	84630	47550	79350	65630	87770	79600	51300	54710	50420	116060	118500	130040	75790	111460	0	44440	106950	41360	25640	17210	56580	98660	44520	15310	130250	83141	
10620	49740	76350	88380	72080	85143	68360	35470	63910	94460	75020	78100	78131	24360	105021	24570	43280	46460	21280	85520	78670	59960	66950	64220	59140	51270	62870	89530	33440	62470	17770	60062	66150	73160	89090	25650	3260	50980	72950	34280	55310	84420	8470	55880	65520	40640	84980	62570	49350	37480	56260	58760	14960	69240	28900	48850	32360	68960	16290	79230	89260	47320	23470	90960	98080	45310	35760	73380	66420	94460	11390	72760	70220	24470	89450	54330	91110	45180	90250	52570	35950	35810	81730	50700	75580	76680	87130	90620	71500	44490	0	74590	7500	38820	50080	54740	61830	21170	31910	90290	40020	
84280	47150	148831	102030	80070	149190	140790	100380	52300	123490	142140	121860	132031	69240	163941	54530	97830	90240	94940	97940	143900	21140	8960	54950	37960	34450	103870	117910	90410	40290	89240	124930	23770	114680	161571	73781	76920	117750	99110	63530	24980	12710	66830	75672	132690	111890	69300	17400	99920	61630	49830	123200	75000	87550	100150	114310	91380	119250	84990	151190	159280	109260	93830	107070	168100	88630	39730	52200	104170	161580	83590	65220	86940	85290	139030	22600	145630	103970	162680	111360	80070	57320	90190	125200	55650	65610	83550	71580	50320	106860	73810	0	72610	81590	94780	54650	115450	94830	96140	69110	88510	
15030	45371	80760	90880	73910	82411	69830	41250	64990	99000	72080	83200	83911	28900	110801	25650	49060	51430	25690	88020	84450	58410	65290	65300	60220	52350	56630	83290	39220	63550	22870	57290	64600	66920	93500	19060	7820	50110	77490	27970	53750	82760	5780	58120	69930	42110	86060	59181	55020	31170	57340	64540	8720	72520	30370	53950	38140	74740	15680	80230	93670	44830	28570	93460	102490	39070	33720	74460	71390	91520	13730	66170	72720	30250	86010	50941	87670	50960	91720	58350	40920	29880	75490	55110	76660	77760	88870	84030	72580	42000	7260	72930	0	32580	43840	48430	67610	25580	28970	91370	45120	
43120	37390	88570	118400	100860	69280	77430	69750	89030	127640	66100	112620	112170	57540	139771	51380	78690	80800	46400	115540	111910	75650	74270	89450	82480	74610	27730	53730	68900	85710	51170	45761	80790	38540	105380	15140	37740	44130	106130	20000	70990	90780	33910	85640	86200	50890	109450	65810	84890	20450	82620	92000	24770	100040	44330	80010	67820	105130	34580	75330	107730	28050	56650	120980	118790	8090	49310	96720	100220	83202	34610	41290	100240	60570	62890	59510	65720	80590	89570	87980	69750	26190	44340	66780	99440	101910	115310	59150	94840	25650	38440	81830	31870	0	16970	32370	98000	49310	26130	113630	74670	
54170	51030	84280	133530	115990	54970	71300	77600	104160	142770	56530	126070	118410	72670	142690	66510	89420	94790	52640	130670	114660	92090	89620	104580	97610	89740	13150	39890	79950	100940	61900	35191	96140	23520	100670	30200	48790	36260	121260	36440	87430	102500	49040	100770	87120	51290	124580	81160	96570	36890	97750	98240	35820	115170	45250	86250	78870	116160	41810	67460	107110	16210	63860	136110	118170	11360	65750	111850	115310	72632	44280	44800	115370	71620	47870	74860	51410	90480	81700	98710	84840	42630	38540	66160	114570	117040	130440	59570	109970	17210	49750	95130	43930	16970	0	40130	109030	55650	27470	128760	88340	
61890	12940	118650	116790	96930	94540	107510	88530	75801	130130	95820	118810	127871	65860	159581	51540	93500	87340	67430	113930	134780	52330	49490	77950	61461	57951	49220	63490	86090	63791	69940	74481	56010	60030	135690	32430	56030	75550	106920	21740	48050	62370	47330	84030	114800	79330	92801	41030	96940	18410	71310	111810	42960	98430	67590	100710	85300	116150	53730	108080	138040	55500	75420	119370	148040	34440	33860	75701	104980	113260	53500	19970	98630	77260	84380	34730	90980	98120	122840	105510	77170	21620	42290	94690	79151	89111	106130	37830	73821	56500	55360	55000	48910	32170	40130	0	110860	68860	55740	92611	85610	
57600	100630	82310	68090	69340	130280	92070	36490	80310	56230	117310	22420	25570	47491	57480	60270	20380	34210	58770	68110	46270	94840	107500	77820	90000	82350	120650	147310	30320	93330	47750	108980	101030	130940	92670	85000	61970	96100	46560	91010	91340	125140	66240	49150	55080	74180	97130	104070	15990	94210	74640	35130	73921	55500	69180	39920	32490	7710	68140	109710	73900	101240	46520	68350	73020	104271	81310	105690	28950	136590	64751	129430	59250	40900	144300	95810	142160	23600	110180	17250	36080	90140	140691	69030	94901	87900	85590	147500	103810	98410	61820	114360	67820	97781	108660	109980	0	53860	83710	118571	29050	
11480	66960	56040	98330	86470	79640	50600	21980	82660	98770	66660	74980	63920	37700	90810	43790	34560	52490	4910	95480	63660	79590	87930	82150	78240	70370	67280	93940	27920	81570	9470	55120	85730	77570	68780	37830	18840	42240	82420	47790	74930	105400	29450	66080	44720	23490	102680	83550	44390	50990	74190	43750	25880	79190	15320	32220	24410	61300	16060	64240	68460	47380	8240	100910	77280	52210	56740	92480	69620	86100	15340	85090	80170	24250	90440	75310	88300	34860	72490	43280	43260	53600	89100	30390	94680	94380	102670	102950	90600	44550	20980	95570	25480	49150	55500	68250	54170	0	29850	110470	41850	
33270	58250	62440	119760	102790	53441	51300	51770	93150	126090	43110	104770	92450	55990	115640	54530	64350	77620	26810	116900	87610	83830	88880	93570	86630	78760	38200	64860	57710	89960	38540	28320	90020	48490	78790	29040	31930	21140	104580	38990	79170	106651	34660	87000	60070	24760	113600	82471	74180	42280	86220	72280	21380	100870	18200	59540	54200	91090	19720	52340	81140	18170	38030	122340	92200	26890	57310	100870	98050	62550	23240	64730	101600	52760	61230	74231	61500	64650	66580	73070	67580	45180	63780	40650	103590	106030	117750	79500	98990	15340	32420	96520	28890	26160	27580	55770	83960	29820	0	117780	69471	
100660	84261	162031	86960	69690	175153	159430	111660	41080	114350	165050	121062	141841	79140	177013	67380	109770	96853	112030	82950	155180	50710	65420	46050	33630	40810	141530	156762	102350	29780	102220	148100	56900	152902	178781	100250	94770	140920	92530	96460	48700	81330	86700	70802	143970	131710	37730	68841	106563	95120	49100	134480	97930	80970	119620	125590	103330	121313	106800	170300	177610	134930	106920	92850	184383	121720	68010	18020	101672	195092	101900	113141	80360	97160	179080	62131	181120	115250	192523	122640	88040	90030	135461	138580	27320	42600	59220	124341	19330	132100	91660	70560	92570	115060	129640	94091	119183	111060	119070	0	96480	
39180	74440	85611	64410	56030	120620	87150	29050	62410	62360	107650	40780	48020	20770	79930	33700	16660	13070	46510	64220	63270	69430	80910	59920	64900	57030	101040	127260	15010	68230	33550	96720	75570	111330	97580	61460	41020	83840	44850	67470	64770	98550	42700	35240	60360	64480	79670	77480	13130	70670	54030	43690	53130	45480	56920	41980	19220	34540	51261	104790	82050	85951	34260	66440	90012	81620	54750	79140	31760	127090	46351	103240	48920	22480	128081	69240	129741	22530	109740	28250	8670	65420	117870	64110	76392	70831	72230	121100	77260	83121	40010	87770	45130	74960	88250	83790	29020	41600	69631	96050	0	

0	                                       Chorleywood	0	0	32400	0

1	                                            Harlow	311	10561	25161	622
2	                                        Kidlington	229	14805	27054	458
3	                                      Burgess_Hill	301	8928	20165	602
4	                                    East_Grinstead	332	11279	15486	664
5	                                       Northampton	600	11299	18748	1200
6	                                          Bicester	211	5946	17301	422
7	                                        Maidenhead	651	14156	27536	1302
8	                                           Kemsing	157	21205	27824	314
9	                                       Storrington	649	8558	19509	1298
10	                                         Towcester	536	12064	26137	1072
11	                                         Haslemere	429	7708	17050	858
12	                                       Basingstoke	569	15870	19985	1138
13	                                          Richmond	525	13800	18141	1050
14	                                           Andover	234	16940	18981	468
15	                                            London	635	11248	24742	1270
16	                                             Ascot	562	11858	19310	1124
17	                                             Esher	110	8192	21834	220
18	                                           Chesham	381	2705	8389	762
19	                                    Haywards_Heath	108	4057	17663	216
20	                                          Thatcham	157	14348	24455	314
21	                                             Grays	451	21531	28114	902
22	                                          Basildon	131	6808	20797	262
23	                                         Sevenoaks	159	10763	21229	318
24	                                        Swanscombe	700	16878	20490	1400
25	                                          Dartford	209	8717	19637	418
26	                                             Sandy	504	12536	22161	1008
27	                                        Huntingdon	121	7040	21394	242
28	                                       Old_Windsor	284	8258	11277	568
29	                                         Gravesend	499	14321	21376	998
30	                              Chalfont_Saint_Peter	385	1029	7501	770
31	                                   Newport_Pagnell	346	12348	17169	692
32	                                           Tilbury	284	8128	20299	568
33	                                       Eaton_Socon	444	10082	24707	888
34	                                            Witney	297	26220	28620	594
35	                                Welwyn_Garden_City	382	10560	23366	764
36	                                           Watford	583	5740	14085	1166
37	                                         Bletchley	704	5421	19981	1408
38	                                           Horsham	144	5293	16704	288
39	                                          Hertford	111	25362	27363	222
40	                                    South_Ockendon	424	3203	13175	848
41	                                   Southend-on-Sea	174	23317	28084	348
42	                                       Borehamwood	614	16648	21891	1228
43	                                           Redhill	560	19028	24426	1120
44	                                       Wallingford	322	4922	14799	644
45	                                         Aylesbury	572	18958	21811	1144
46	                                      Paddock_Wood	693	17367	26898	1386
47	                                        Billericay	109	15426	22229	218
48	                                          Knaphill	598	22547	25213	1196
49	                                              Ware	366	16074	19160	732
50	                                          Halstead	150	15893	29080	300
51	                                           Reading	317	21964	24597	634
52	                                      Saint_Albans	602	14985	22326	1204
53	                                           Crawley	191	18696	21621	382
54	                                             Tring	411	9117	14865	822
55	                                  Henley_on_Thames	710	8547	18852	1420
56	                                           Windsor	158	10171	17548	316
57	                                           Farnham	313	20574	27951	626
58	                                   Hemel_Hempstead	156	23401	29654	312
59	                                          Brackley	295	10166	25049	590
60	                                             Grove	398	13719	24007	796
61	                                          Ampthill	751	11435	20444	1502
62	                                      Beaconsfield	562	5867	20807	1124
63	                                    Hurstpierpoint	745	6050	11100	1490
64	                                         Hartshill	608	9762	23531	1216
65	                                        Letchworth	460	2518	10250	920
66	                                          Chigwell	163	5760	14848	326
67	                                         Rochester	621	14623	22170	1242
68	                                         Cranleigh	249	14279	22837	498
69	                                          Daventry	243	14180	21421	486
70	                                     Kings_Langley	614	4277	9205	1228
71	                                    Saffron_Walden	226	13361	15447	452
72	                                       Maidenbower	307	7842	12519	614
73	                                              Iver	640	7364	21820	1280
74	                                            Raunds	647	5864	13163	1294
75	                                         Brentwood	244	21164	24754	488
76	                                    Burton_Latimer	324	3755	14359	648
77	                                         Bracknell	637	5750	19686	1274
78	                                           Banbury	576	13653	18593	1152
79	                                        Crowthorne	641	12519	14728	1282
80	                                           Sunbury	788	8148	11799	1576
81	                                         Hoddesdon	339	16218	25412	678
82	                                         Cambridge	663	6257	20565	1326
83	                                             Thame	380	2081	16310	760
84	                                          Snodland	426	18480	22222	852
85	                                         Tonbridge	381	15750	24982	762
86	                                       Crowborough	435	19632	22176	870
87	                                         Haverhill	759	9034	19539	1518
88	                                            Strood	106	21684	27525	212
89	                                          Flitwick	416	3342	11024	832
90	                                            Bushey	114	15874	20703	228
91	                                    South_Benfleet	230	6683	9470	460
92	                                           Radlett	375	1923	15325	750
93	                                         Stevenage	283	19109	23615	566
94	                                            Henlow	598	6695	18933	1196
95	                                 Bishops_Stortford	368	10978	16028	736
96	                                         Aldershot	799	8889	15077	1598
97	                                          Amersham	800	10449	24137	1600
98	                                         Dunstable	586	23534	26578	1172
99	                                     Sittingbourne	726	13387	15807	1452
100	                                        Addlestone	327	15056	23501	654
