50

6350	3650

20	90

0	70470	99590	82750	73670	71770	90540	79380	60650	89960	63020	92360	83840	93760	44920	91730	91430	98860	95000	34240	52940	99690	94020	95140	60300	66120	93380	96660	90010	89670	86360	79150	86142	76080	31620	76660	47400	83950	48430	97410	98350	41660	32130	91860	92980	91880	98110	64630	68780	98830	35450	
70690	0	35950	13370	18600	21800	71770	31920	55280	93850	93341	26710	109901	24010	44130	30950	21710	50570	44410	53910	22771	105080	85780	50200	52330	68960	44370	37610	115151	58050	63990	75210	56550	71430	47720	58500	75291	18190	52000	71150	62460	83660	52051	50950	39110	53400	36180	68200	52830	42760	43060	
99830	36010	0	23020	48800	52000	77630	28860	69950	112330	128340	10910	144900	18710	61530	50980	32690	33470	24290	76890	57191	133320	93830	40410	65350	85840	30300	57470	150260	55660	89420	104290	57240	85540	70750	64510	110290	18010	69400	71330	55530	112800	86471	73120	59090	46950	52890	85600	61960	13400	66090	
82760	13280	22870	0	27970	31170	73910	28900	61720	102070	105031	14300	121591	13730	52350	32580	14290	45120	38290	64600	34461	113900	88870	46880	57340	76660	39100	39070	126951	58220	71020	84030	58120	77760	58410	60640	86981	7260	60220	72720	59440	95501	63741	54720	40690	50380	34490	76420	56060	32770	53750	
72880	18560	48530	27490	0	3520	87300	49270	69440	106510	81830	40290	97040	32080	56490	19930	23430	66670	60160	62890	21930	87180	100870	67550	66490	81560	60470	26970	103330	73580	46090	57310	72080	85590	57750	74030	68090	33940	64600	86680	78750	78850	46740	33050	27640	69590	26310	80800	68090	58510	52910	
70510	22000	51970	30930	3760	0	86820	51210	68960	104640	78740	43730	93950	35520	56010	20280	26870	70110	63600	60520	19540	83830	100390	68310	66010	80800	63910	27320	100240	73100	42740	53960	71600	85110	55380	73550	65000	37380	63110	86200	78270	76480	44370	29700	27090	69110	26660	79310	67610	61950	50720	
90510	71740	77950	74360	86400	86150	0	52190	32940	81110	130010	76840	148041	83200	50010	101350	88400	55321	60771	66080	76540	156051	19790	45841	32070	48350	53991	108010	153401	25090	125714	133521	22490	28900	59890	17470	113431	72050	52720	12550	33800	108650	90191	115680	109510	36550	106760	60650	24430	71130	57880	
80080	31750	28980	29160	49140	51520	51950	0	45320	89170	109670	27900	126600	34290	39450	57690	43200	20640	18060	57110	44310	130890	68150	19230	40720	63330	14830	64350	131960	30830	94090	102020	32330	60910	50970	38830	91990	24390	47320	46500	31180	93570	68750	79940	65850	22120	63100	63520	36810	23060	46310	
61100	55100	70180	62050	68620	68370	32760	44930	0	54860	100600	67310	118311	70890	19150	85890	75090	58500	59700	36670	53850	126641	35260	51271	5610	20000	54700	92550	122911	34030	103024	104111	30250	19120	30480	19760	84021	60630	22150	40170	44750	79240	60781	97900	94050	44410	91120	33110	14090	67380	28470	
91160	94950	112950	103250	106760	104950	80820	89820	55510	0	130660	109070	148371	112650	51490	124910	114940	107160	107250	66730	86340	156701	70350	101823	60230	38450	102590	131950	152971	85712	133891	134171	81932	53730	60540	72690	114081	102390	44310	91490	96432	109300	90841	132742	131720	94962	130970	27140	67780	111160	58530	
63190	92670	127260	105130	83880	80550	130460	108730	100570	129880	0	118010	27360	115630	84840	94100	105301	128700	124840	74160	70780	55840	133940	124980	100220	106040	123220	96370	35230	125220	75020	54290	123720	116000	71530	116580	19390	109490	88350	137330	132570	48810	42000	87370	92690	123410	101041	104550	108700	128670	74700	
93200	27180	9950	14780	40790	43990	77160	28320	67700	108820	118931	0	135491	12890	58330	42970	24680	36100	27410	73570	48361	125310	92210	41980	63310	82640	32890	49460	140851	56620	81410	96280	58200	83500	67430	63890	100881	8780	66200	72290	56970	106170	77641	65110	51080	47910	44880	82400	59920	19810	62770	
84360	109860	144450	122320	99250	95920	148921	126380	118511	147821	27290	135200	0	132820	102781	109470	120671	146350	142490	95330	87560	69670	152961	142630	118161	123981	140870	111740	39970	142870	90070	69340	141370	134101	92700	134521	37610	126680	106291	155791	150220	70200	58780	102740	108060	141060	116411	122491	126641	146320	91830	
93840	23900	18570	13570	32450	35650	82730	34200	70680	111800	115651	12730	132211	0	61310	34300	15360	46231	37151	75570	45081	116640	97780	51170	66300	85620	42680	40220	137571	64260	72740	87610	65840	86720	69380	69460	97601	10650	69180	79930	64610	106121	74361	56440	42410	55550	35340	85380	65020	30330	64720	
45410	44150	62100	52450	55950	55700	50110	39020	19350	50590	84910	58220	102621	61780	0	74500	64140	57110	56400	20980	40590	110951	52720	53140	20160	25720	52540	81600	107221	46930	88141	88421	44950	35520	14790	35590	68331	51540	8740	56380	55610	63550	45091	85230	81540	49140	80170	24940	27580	60230	12780	
90780	30630	51170	31870	20000	20450	100860	57540	85760	124330	93420	42940	108630	34610	74610	0	21610	74670	68160	80790	39810	84590	115310	75710	82620	99440	68470	8090	113250	86420	40690	59150	85640	101910	75650	87590	79680	38440	82480	100240	88080	96160	63460	23710	9590	79020	6850	98680	82360	62450	70990	
91570	21750	32550	14260	23480	26680	88160	43150	75100	113700	105101	24320	120311	15340	63980	21380	0	58670	50420	75240	42971	103160	103120	61130	71590	88810	52790	26020	125651	72470	59260	75940	72370	91250	69050	74890	89990	20080	71850	86970	73690	101930	69900	42280	28400	64630	21140	88050	70310	43830	64390	
98550	51000	33550	45130	67470	70670	56030	20770	58690	106890	129470	36460	146400	46351	57030	74960	58700	0	9890	75570	63390	150090	72230	9840	54030	76392	7370	81620	151760	33160	112860	121100	35240	70831	69430	45121	111790	40010	64900	48920	27750	112400	87390	97210	83120	20180	78900	81100	46040	20650	64770	
95290	44200	24060	38110	60510	63710	61691	17870	59890	106690	125260	27520	142190	36841	56200	68000	50760	9630	0	72310	58810	145532	77891	17250	55290	78490	7090	74660	147550	38941	105900	116520	40531	74650	66170	49080	107580	32990	64070	54611	34640	109140	83950	90250	76160	26620	70960	80270	49320	11080	61510	
34780	53140	75860	63940	62640	60740	66000	55860	36110	65420	74280	71870	95100	74950	20380	80700	74560	75040	71270	0	41910	106190	69480	71240	35760	41580	69660	87740	100920	65130	86060	85610	61602	51540	5970	52120	58660	64990	23890	72870	73810	52920	38980	85730	86850	67340	87080	40090	44240	75100	11820	
52980	22300	56890	34760	21680	19550	76520	44480	53850	86050	71010	47640	87250	45260	41010	39510	43060	64230	58980	41840	0	87162	85720	60520	50900	62210	58160	46550	91850	64150	50474	58150	62650	70000	36790	61140	52960	39120	44520	77250	69320	61480	29720	48760	46320	60160	45890	60720	53750	62430	31590	
100080	104920	132590	112950	87270	83680	157151	131101	127261	156571	56250	124360	69890	116030	111531	83380	102560	150851	145601	106480	87031	0	161191	147141	126911	132731	144781	78270	43960	150400	45210	30480	148900	142691	103850	143271	56530	119520	115041	163500	155570	87440	68700	61780	75560	146410	81940	131241	135391	143870	100580	
94540	85750	94450	89110	99820	99570	19780	68690	35200	70920	134040	91960	152431	97950	52590	115900	103150	71821	77271	70110	85770	160441	0	62341	36440	40520	70491	122560	157791	41590	134944	137551	38990	20350	63920	30700	117461	87170	52440	28790	50300	112680	94221	129100	124060	53050	121310	51690	33570	87630	61910	
94850	49440	40260	46650	66830	67590	46440	18890	51781	101662	124620	41450	141550	50940	52760	75380	60530	9830	17510	71440	59700	146210	62640	0	46550	66802	11120	82040	146910	23570	109734	117410	25650	61241	65250	35531	106940	41530	60410	39330	18360	108600	83700	97120	83540	10590	80730	76610	38200	28270	61080	
60830	52020	65530	57950	65540	65290	31930	40280	5580	59540	100330	62760	118041	66790	19930	82810	71700	53690	55050	36400	50770	126371	36400	47260	0	24680	50050	89470	122641	30920	99944	103841	27140	20680	30210	17650	83751	56530	23040	38400	41640	78970	60511	94820	90970	40240	88040	37790	9770	62730	28200	
67750	69070	85890	76750	82590	81540	47940	62440	20010	37340	107250	82010	124961	85590	26800	99860	89060	75803	78350	43320	62930	133291	40240	66323	24730	0	73350	106520	129561	50212	110481	110761	46432	21790	37130	37500	90671	75330	21900	56680	60932	85890	67431	109332	108020	59462	105090	15790	32590	84020	35120	
93960	44780	30430	39240	61250	64450	54941	14880	54880	102460	123570	32350	140500	42780	52450	68740	52960	7440	7090	70990	57850	144572	71141	11110	50280	73480	0	75400	145860	32191	106640	115560	33781	68990	64850	43361	105890	34120	60320	47861	28240	107610	82650	90990	76900	19870	73160	76520	43660	18020	60190	
96860	37660	57580	38900	27020	27470	107890	64570	92790	131360	95540	49350	110750	40380	81640	8670	26000	81700	75190	87810	46830	78750	122340	82740	89650	106470	75500	0	112800	93450	34850	54220	92670	108940	82670	94620	81800	45110	89510	107270	95110	99240	66540	17870	3900	86050	5380	105710	89390	68860	78010	
90490	114370	148960	126830	104681	101351	153431	130890	122941	152251	35120	139710	40240	137330	107211	113440	125371	150860	147000	100800	91990	44230	157471	147140	122591	128411	145380	113170	0	147380	80020	59050	145880	138531	98170	138951	43740	131190	110721	160301	154730	76330	63210	96020	110040	145570	116840	126921	131071	150830	96260	
90080	57980	55410	57630	72680	72430	25080	30230	34340	85661	125820	55750	142750	63350	46960	85630	71670	32190	38231	65650	64330	150150	41280	22710	30540	50801	31451	92290	148110	0	114364	122040	5050	43800	59460	17640	108140	53450	52290	17970	12000	108220	84900	101960	93790	12990	91040	64381	22190	48590	57450	
86360	64080	89430	70640	46430	42840	125862	93880	103192	132863	74850	81200	89590	72870	87823	40220	59400	112190	105680	86100	50772	46410	135062	110882	100242	109023	105990	35110	79960	114512	0	21880	113012	118983	82420	110482	63450	76960	91333	127612	119682	86520	54720	18620	32400	110522	38780	107533	103092	100710	78140	
79200	75000	103960	83030	57350	53760	133460	102591	103951	133261	53890	95730	68630	87400	88221	58940	75700	122341	116600	85310	58521	30430	137321	118631	103601	109421	116271	54220	58840	122261	21730	0	120761	119381	82600	118080	44870	89600	91731	135361	127431	72350	47560	37730	51510	118271	57890	107931	110690	114950	78320	
85870	56570	56340	58560	71230	70980	22450	31160	30130	81451	124200	56680	141130	64280	43920	86180	72600	33711	39161	61440	62880	148700	38650	24231	26330	46591	32381	92840	146490	4420	112914	120590	0	39590	55250	13430	106520	54380	48080	15590	15140	104010	83280	100510	94340	15800	91590	60171	17980	49520	53240	
76670	71780	85960	78380	85300	85050	28720	60710	19540	53830	116170	83190	134201	87220	35420	102570	91770	70251	74570	52240	70530	142211	20360	60771	21200	22030	68921	109230	139411	43530	119401	119681	39750	0	46050	27890	99591	76960	34080	40000	54250	94810	76351	114580	110730	53910	107800	34330	25790	82800	44040	
32050	47720	70720	58520	57850	55720	60120	50720	30230	59540	71550	66730	92370	69530	14500	75680	69140	69330	66130	6810	36580	103460	63600	65360	29880	35700	64520	82720	98190	59250	82320	82600	55722	45660	0	46240	55930	59720	18010	66990	67930	50190	36250	81990	82490	61460	82060	34210	38360	69960	5940	
76670	58370	65080	60990	73030	72780	17210	39310	19770	72450	116170	63470	133881	69830	34720	87980	75030	44511	49350	52240	60890	142211	30690	35031	17130	37610	43181	94640	138481	17210	110064	117730	13430	27850	46050	0	99591	58680	38880	21450	27930	94810	76351	102310	96140	28170	93390	50390	8780	58260	44040	
47710	74820	109410	87280	69411	66081	113771	91230	83881	113191	19390	100160	37400	97780	68151	79631	90101	111200	107340	58680	52930	56400	117251	107480	83531	89351	105720	81901	43570	107720	63570	44900	106220	99311	56050	99891	0	91640	71661	120641	115070	33550	24150	73630	78221	105910	85841	87861	92011	111170	57200	
84420	18400	17770	7500	34280	37480	72080	24360	60640	101510	110151	8520	126711	11390	51270	38820	20530	40020	32870	66150	39581	120490	87130	41910	56260	75580	34130	45310	132071	54550	77260	90620	55880	76680	59960	58810	92101	0	59140	70220	54900	97390	68861	60960	46930	45840	40730	75340	54840	26990	55310	
48820	52850	70800	61150	64420	62610	51720	47720	20740	43410	88320	66920	106031	70480	9390	82570	72840	65240	65100	24390	44000	114361	51180	60970	22730	20560	60670	89610	110631	52360	91551	91831	48580	32730	18200	38410	71741	60240	0	59130	62650	66960	48501	90402	89380	56370	88870	17760	31210	68930	16190	
97460	71060	70830	73050	85720	85470	12490	45650	40150	91480	136960	71170	154991	78770	55510	100670	87090	48201	53651	73030	77370	163001	28740	38721	37920	57200	46871	107330	160351	17950	127404	135080	15590	39780	66840	21440	120381	68870	59670	0	24800	115600	97141	115000	108830	29410	106080	69500	29570	64010	64830	
98630	61740	55410	59150	78000	77750	33350	31160	44750	96071	133560	56270	150490	64280	55390	87680	73190	27560	34770	74200	69650	155470	49550	18160	40950	61211	27990	94340	155850	12000	119684	127360	15400	54210	68010	28050	115880	54380	62490	24750	0	116760	92640	107280	95840	9670	93090	74791	32600	45700	66000	
41840	83410	113590	95870	78680	76780	109110	93070	79220	108530	48880	106050	70020	106370	63490	96740	101790	112860	109000	52810	61520	87440	112590	109150	78870	84690	107390	99310	76190	108240	86650	72330	104712	94650	50180	95230	33580	97640	67000	115980	116920	0	34780	94510	95630	108030	103120	83200	87350	112830	53570	
32160	51190	85780	63650	46200	44300	90141	67600	60251	89561	42050	76530	58290	74150	44521	63870	69310	86870	83010	38590	29300	68090	93621	83160	59901	65721	81400	66290	62890	84090	54740	47530	82590	75681	35960	76261	24000	68010	48031	97011	91440	34550	0	61490	62610	82280	70230	64231	68381	86840	33570	
91870	50890	72690	53920	33240	29650	116300	79590	98440	131281	87170	64460	102190	56130	85490	23180	42360	96720	90210	85510	49140	62450	129870	97760	95490	107441	90520	18070	96000	102580	18550	37920	101080	114590	81780	103030	73470	60220	89751	115680	107750	94250	61550	0	15360	98590	21740	105951	97090	83970	77500	
93320	38710	58720	39950	27460	27040	108940	65620	93840	131500	92000	50490	107210	42160	82050	9210	28490	82750	76240	86960	46400	76170	123390	83790	90700	107120	76550	4040	109930	94500	32270	51640	93720	109990	82240	95670	78260	46250	89970	108320	96160	95700	63000	15290	0	87100	8220	106170	90440	70000	77580	
92220	52880	47020	50290	68890	68640	37110	22300	45100	94981	124450	47580	141380	55420	48980	78820	64330	20330	26380	67790	60540	146360	53310	10850	39890	60121	19600	85480	146740	14240	110574	118250	16320	54560	61600	28850	106770	45520	56080	30000	9630	108270	83530	98170	86980	0	84230	72220	31540	37310	59590	
97030	36300	52760	34470	26250	26700	106530	63210	91430	130000	100951	44530	116161	35540	80280	6790	21140	78880	70630	87040	46060	82590	120980	81340	88290	105110	73000	5450	116640	92090	38690	58060	91310	107580	81900	93260	85840	40290	88150	105910	93750	102410	69710	21710	8200	84690	0	104350	88030	64040	77240	
66020	68960	86910	77260	81150	79810	60460	63830	33330	27040	105520	83030	123231	86590	25500	99750	88950	81170	81210	41590	61200	131561	51700	76900	38050	14860	76600	106410	127831	63792	108751	109031	60012	34310	35400	50320	88941	76350	18320	69500	74512	84160	65701	107602	106580	71820	104980	0	45410	85120	33390	
68670	52900	62460	56370	67160	66920	24170	36710	14090	67530	108170	59690	125881	65210	26720	83050	70410	46070	49140	44240	53610	134211	33560	38470	9130	32690	43640	89710	130481	21930	102784	110450	18150	25680	38050	8790	91591	54900	30880	29580	32650	86810	68351	96440	91210	31250	88460	45470	0	57370	36040	
98990	42460	13770	32950	58770	61970	70920	22950	67490	110700	128960	19840	145890	30460	59900	62310	44020	20570	11090	76010	62410	144650	87120	28190	62890	84210	17920	68800	151250	48950	100750	115380	50530	82820	69870	57800	111280	26950	67770	64620	44480	112840	87650	84450	70420	37450	64220	83970	57490	0	65210	
35330	43000	66130	53800	52600	50470	58660	46130	28770	58080	74470	62140	91750	64810	13040	70430	64420	65310	61540	11940	31330	100080	62140	61600	28420	34240	59930	77470	96350	57790	77990	78270	54270	44200	5750	44780	57460	55000	16550	65530	66470	53340	34220	77660	77240	60000	76810	32750	36900	65370	0	

0	                                   Southend-on-Sea	0	0	32400	0

1	                                       Potters_Bar	802	4137	18737	1604
2	                              Chalfont_Saint_Peter	262	14826	27075	524
3	                                           Radlett	825	16148	27385	1650
4	                                          Hertford	323	18671	22878	646
5	                                              Ware	565	11910	19359	1130
6	                                    East_Grinstead	305	5455	16810	610
7	                                          Richmond	650	6205	19585	1300
8	                                          Shoreham	697	18639	25258	1394
9	                                         Sheerness	423	8983	19934	846
10	                                          Wivenhoe	586	14336	28409	1172
11	                                     Rickmansworth	259	18523	27865	518
12	                                     Brightlingsea	415	16026	20141	830
13	                                     Kings_Langley	129	5863	10204	258
14	                                          Dartford	144	19137	21178	288
15	                                         Stevenage	780	5516	19010	1560
16	                                         Harpenden	202	20019	27471	404
17	                                        Addlestone	762	5797	19439	1524
18	                                           Staines	765	7053	12737	1530
19	                                           Tilbury	499	6624	20230	998
20	                                            Epping	336	6772	16879	672
21	                                Bury_Saint_Edmunds	823	15142	21725	1646
22	                                       Crowborough	510	7804	21793	1020
23	                                            Cobham	486	4810	15276	972
24	                                          Halstead	599	9938	13550	1198
25	                                          Snodland	144	7556	18476	288
26	                                        Shepperton	717	15955	25580	1434
27	                                        Letchworth	520	4628	18982	1040
28	                                           Ipswich	584	8425	11444	1168
29	                                           Reigate	698	4341	11396	1396
30	                                           Sawston	278	3690	10162	556
31	                                         Haverhill	805	11919	16740	1610
32	                                           Redhill	790	15067	27238	1580
33	                                         Tonbridge	818	3568	18193	1636
34	                                             Grays	154	2382	4782	308
35	                                             Oxted	173	14623	27429	346
36	                                           Tiptree	612	16046	24391	1224
37	                                            Bushey	636	6727	21287	1272
38	                                        Swanscombe	489	10838	22249	978
39	                                       Maidenbower	768	4723	6724	1536
40	                                           Dorking	758	16761	26733	1516
41	                                 Burnham_on_Crouch	637	23985	28752	1274
42	                                        Chelmsford	256	11293	16536	512
43	                                           Royston	239	17662	23060	478
44	                                           Baldock	420	17627	27504	840
45	                                       Leatherhead	308	17842	20695	616
46	                                           Hitchin	389	5833	15364	778
47	                                           Chatham	343	9861	16664	686
48	                                       Biggin_Hill	217	6975	9641	434
49	                                            Slough	676	13941	17027	1352
50	                                    South_Ockendon	659	1506	14693	1318
