50

6350	3650

20	90

0	55690	53180	94820	85270	38090	79480	99660	42290	88370	70480	49430	16590	27400	71930	96630	37940	80890	93820	36570	38240	78350	70220	97020	44880	57620	27880	64960	65500	77620	72590	88741	77740	83420	98050	85930	62100	60710	87630	40710	87610	40470	40110	50740	66420	99450	79100	85200	89660	86660	81180	
56080	0	18090	85020	67460	24670	84270	79370	26850	34070	50080	7910	49610	42950	48380	72130	30250	61200	63630	26450	26610	39560	20850	66850	33530	24830	47360	55810	26820	47000	76370	143343	72310	44630	119170	60050	8150	11790	139562	22840	68630	31770	61250	13290	63930	95580	66580	82381	62410	69870	88861	
53230	18110	0	72980	82870	29500	93050	96040	15840	39090	65490	14570	50690	46700	63790	89450	36140	76610	80950	18540	32500	56880	17450	84170	43770	9920	51110	66990	15690	64320	85000	134773	83880	61950	104100	77370	21160	29110	130992	12970	84040	40660	65000	6450	72560	108891	79991	65921	79730	85280	72401	
95340	85080	73200	0	151362	94291	157091	164462	67461	89210	133351	85511	102570	104990	133971	158260	99921	145592	149760	74871	96691	125690	69140	152980	109071	65710	109050	132151	61080	133130	149041	158610	147921	125630	57820	146180	84280	96700	130320	71141	152462	105171	123950	78360	136601	178932	146601	10530	148540	153702	23030	
85130	67800	82870	151262	0	58141	30490	18280	85401	88480	19750	70040	71460	61070	19360	18430	52571	7440	21530	78271	54901	32150	87730	24730	43600	91710	64770	22950	93730	24710	28910	161401	22220	41960	171271	12340	71860	57620	173330	81391	4780	47071	57020	78070	29220	31260	10200	141642	16530	5260	148122	
38360	24650	29550	94201	58071	0	63970	71081	28810	56480	41460	21330	29130	19260	42370	68011	7210	52301	64260	21380	3570	44920	42470	67460	15950	37920	23670	39170	43690	46150	56070	126641	54950	49990	116690	56370	31060	26630	123982	24800	59081	12320	37560	24200	43630	82210	53310	84581	60100	60321	91061	
79270	85370	93930	157311	30290	64590	0	35810	92930	110580	37660	83770	63020	57060	39480	40660	58680	30920	44710	84720	61340	54250	104590	47910	52020	102300	58280	34830	108070	47280	9520	141551	13980	64060	180660	37330	90870	76480	158660	89180	28090	55080	39490	88340	23620	20270	21580	147691	39700	25860	154171	
99130	79280	95710	164082	18250	70961	36040	0	98221	97410	32590	82880	85750	75190	32200	15790	65391	20280	25060	91091	67721	41080	97710	24500	56420	103580	79060	37380	105570	34270	39650	172551	32960	50890	184091	20690	80790	67990	187370	94211	16050	59901	68170	90910	40370	26630	22150	154462	20050	14220	167221	
42020	26760	16580	66771	85151	28820	92140	98161	0	52270	66880	19210	41370	41550	67500	94530	35120	79381	88100	8410	31820	64030	31090	91320	43090	18160	45680	66310	26040	70170	84090	121733	82970	69100	92590	81500	31880	36260	117952	4840	86161	39980	60510	14440	71650	110040	80450	57151	85230	87401	63631	
88220	33930	39020	89120	88540	56230	110730	97450	52540	0	74240	39060	81750	74510	71560	90210	61810	81650	79200	54030	58170	57900	23910	82460	63950	37120	78920	83000	29970	65080	104140	170813	97780	49810	127601	78130	28060	36770	167032	49010	87930	63240	92810	38560	92560	118150	89500	88842	80490	89170	95322	
70240	50200	65270	133181	19670	41270	37220	32840	67080	74290	0	52440	57020	46460	3270	28460	36340	13410	25290	61290	38030	17960	70130	28490	26910	74110	50330	11110	76100	11370	30420	157081	24060	27770	154380	16730	54980	40300	157540	63070	20840	30070	50240	59960	18740	47430	18530	123561	21130	22080	130041	
49840	7860	14650	84971	69800	21440	82820	82970	19250	39720	52420	0	43370	38710	50720	76800	27110	63540	68890	18850	23470	44820	24860	72110	32080	24160	43120	54360	29400	52250	74920	136573	72131	49890	111570	64410	14270	17050	132792	15240	70970	29970	57010	8610	62480	96131	67231	75351	67360	72210	81831	
16550	49340	50560	101930	71570	29030	63230	85960	41200	82020	56880	43080	0	11450	58330	83030	25360	67190	80220	33010	26660	65610	66620	83420	32140	55580	11430	51260	63460	64880	56340	101431	61800	70680	111440	72330	55750	52410	102470	38670	73910	27730	23860	45740	50570	83200	65400	92310	76060	72960	94570	
27330	42810	46630	104400	61080	19040	57100	75470	41520	74640	46290	38620	11490	0	47740	72440	15400	56700	69630	33330	16670	54660	60630	72830	21190	55000	4800	40770	60770	53930	50210	112781	52920	59730	118650	61740	49220	42370	113820	38990	63420	16780	19260	41280	41600	77070	54910	94780	65470	62470	99470	
71600	48540	63610	133761	19220	42420	39570	32390	67660	71430	3280	50780	58380	47820	0	27630	37700	12960	22730	61870	39180	15100	68470	25930	28270	72450	51690	13620	74440	8200	32880	158791	26520	24910	155640	14840	53040	38360	158900	63650	20390	31430	53020	58810	21250	47240	18340	124141	18570	21630	130621	
96680	72000	89160	158030	18540	68511	40350	16190	94520	90130	28370	76620	83300	72740	27040	0	62941	17560	16720	88641	65271	33800	90430	15070	53970	96300	76610	35060	98290	27200	42250	175911	35560	43610	181641	14030	73510	60710	184920	90450	16470	57441	70770	84360	42520	38990	23900	151091	11340	14710	157571	
37920	30590	36300	99561	53021	7200	58050	66031	35200	62420	36560	27430	25390	15170	38010	62961	0	47251	59900	27270	3950	42610	48410	63100	11040	44670	19580	33410	50440	43140	50150	125111	49030	47680	119230	52010	37000	27630	124830	31550	54031	6410	32630	30950	37710	76450	47550	89941	55740	55110	96421	
80830	61550	76620	145892	7420	52771	31030	20480	80031	81630	13500	63790	67160	56770	13110	17410	47201	0	17190	72901	49531	25300	81480	20390	38230	85460	60470	18650	87450	17860	27690	159681	21000	35110	165901	7520	65010	51370	168530	76021	8480	41701	55300	71820	26110	35720	9800	136272	13030	9720	142752	
93860	63390	80550	149420	21380	64400	44590	24930	87910	78980	25380	68660	80640	70080	22500	16340	59960	17090	0	82810	61160	25190	81820	7480	50530	87690	73950	33320	89680	19820	44200	176951	37510	35000	179041	10900	64900	52100	181960	83900	20050	53690	71810	75750	40780	43700	26310	145081	5360	18950	151561	
36620	26500	18650	74111	78101	21200	83700	91111	8310	54470	61130	18950	33210	33260	61750	88041	26830	72331	82980	0	23600	61000	35690	86840	35980	23090	37390	59060	30970	64700	75800	118163	74680	66070	99060	75750	32390	33230	114382	6180	79111	32080	52220	15670	63360	102540	73200	64491	79480	80351	70971	
38330	27080	32790	96641	54591	3690	60640	67601	32010	58910	37980	23920	26620	16750	39110	64531	3880	48821	61000	23820	0	42360	44900	64200	12470	41160	21160	35690	46930	42890	52740	126341	51620	47430	117520	53110	33490	27380	124772	28040	55601	8840	34930	27440	40300	78730	49830	87021	56840	56841	93501	
78070	39550	56710	125580	32250	45020	54440	41160	64070	58060	17950	44820	65400	54460	15270	33920	42810	25360	25420	60990	42800	0	57980	28640	37640	63850	58710	28600	65840	8790	47850	165261	41490	11540	157680	21840	41060	28260	164980	60060	31640	38360	65010	51910	36270	58510	33210	120201	24200	32880	126681	
70070	20960	17590	68900	87570	42730	103780	97790	31310	23880	70190	24710	67010	61010	68490	90550	48310	81310	82050	35380	44670	57980	0	85270	52850	15890	65420	75130	8990	65420	95690	150963	92420	56620	108360	78470	17260	31920	147182	29810	88270	51090	79310	21950	83250	115140	86690	69601	80830	89510	76081	
97090	66900	84060	152930	24610	67910	47820	25520	91420	82230	28610	72170	83870	73310	25730	15240	63190	20320	7390	87230	64670	28700	85330	0	53760	91200	77180	36550	93190	24240	47430	180181	40740	38510	183251	14130	68410	55610	185360	87410	23280	56920	75040	79260	44010	46930	29540	148591	8590	22180	155071	
44720	33610	44000	108951	43760	16000	51030	56900	43260	61880	26890	32110	32050	21110	28340	53830	11070	38120	50230	36130	12760	36720	52660	53430	0	52370	25360	23450	58140	34740	43130	131911	42010	41790	128980	42340	39860	26280	131630	39250	44900	4800	31930	38650	30690	66490	37590	99331	46070	45150	105811	
59740	24880	10220	65540	91490	38250	101800	103660	19060	37170	74110	24380	57730	55450	72410	96420	44890	85230	87920	25050	41250	63850	15990	91140	52520	0	59860	75740	9490	71290	93750	140803	92630	68520	98520	84340	24080	36080	133860	19480	92660	49410	73750	16260	81310	119470	89880	60131	86700	93900	66611	
27850	47250	51070	108500	64940	23480	58520	79330	45940	79080	50250	43060	11430	4820	51700	76400	19800	60560	73590	37750	21110	58980	65070	76790	25510	59440	0	44630	65210	58250	51630	112721	54730	64050	121510	65700	53660	46690	113760	43410	67280	21100	19690	45720	43410	78490	58770	98880	69430	66330	103570	
64870	55770	67150	131821	23060	39160	34500	37450	66420	81980	11050	54310	51200	40810	13550	35130	33450	18680	33580	59290	35920	28490	74860	36780	23460	75530	44510	0	80830	21650	27700	150931	21340	38300	151430	24170	61680	47290	152170	62410	25400	27950	42470	61110	14880	45790	16890	122201	29420	24450	128681	
65720	26410	15280	60240	93050	43310	106860	105190	26670	31220	75640	29010	63710	60510	73940	97950	49950	86760	89450	31030	46310	65380	10340	92670	57580	9290	64920	80580	0	72820	98810	146613	97690	66290	99700	85870	25610	37610	141470	25460	94220	54470	78810	21320	86370	121460	92170	60941	88230	95460	67421	
77610	47000	64160	133030	24870	46300	47600	34300	70250	65130	11690	52270	64940	54000	8500	27370	43070	17980	20040	64710	43060	8800	65430	24490	34830	71300	58250	22030	73290	0	41080	164801	34720	18610	159500	14980	48510	35710	164910	66240	24780	37440	60490	59360	29660	51650	26370	126981	17930	26020	133461	
72350	76880	85200	148581	29000	56100	9100	39880	84200	103490	30470	75280	56100	50140	32850	42840	50190	27690	44320	76230	52850	47850	95830	47520	43530	93570	51360	27640	99340	40950	0	136711	7490	57660	172890	34650	83130	69290	151930	80450	30270	46590	32570	79850	16220	28800	19660	138961	40160	28040	145441	
89450	143780	135170	158920	161400	127010	141500	172660	122100	171530	157130	137050	101930	113240	159630	176250	125570	159610	177090	118560	126870	166050	151660	180290	132510	138730	113220	151160	146610	165320	137130	0	142560	171120	136730	166570	150170	149590	46590	122700	163050	128100	110040	132730	138600	164310	152440	149300	172080	160820	143480	
77250	72490	83620	147001	22250	54520	13630	33130	82620	97170	24150	72911	61530	52500	26530	36090	48610	21010	37640	74650	51270	41530	92420	40840	41950	91990	54370	21320	97760	34630	7190	142161	0	51340	172681	27970	77360	62970	157410	78870	23520	45010	38050	78270	10960	29930	12910	137381	33480	21290	143861	
83150	44630	61790	126700	42070	50100	64260	50980	69150	49850	27770	49900	70480	59540	25090	43740	47890	35180	35240	66070	47880	11430	56480	38460	43090	68450	63790	38420	64900	18610	57670	170341	51310	0	162730	31660	46140	33340	170450	65140	41460	43440	73700	56990	46090	68330	43030	125251	34020	42700	131731	
98880	119620	104570	57950	172151	116540	181220	185161	93120	128371	154881	112070	111040	118990	156260	182091	119390	166381	179311	99760	117740	157860	109160	182511	129180	98990	121350	151810	100980	160040	173880	137140	180200	162900	0	171421	122310	129200	96540	97700	173161	124550	135760	107300	155430	198091	168241	52740	175151	174401	35500	
84460	58590	75750	144620	12770	55280	37300	20960	80520	76720	15930	63000	71240	60680	13100	14550	50560	6850	10650	74730	52040	20390	77020	13850	41130	82890	64550	23250	84880	13580	33960	165951	27270	30200	169641	0	60100	47300	172160	76510	11440	44290	61570	70950	30710	38310	16070	137021	6490	12680	143501	
62600	8150	21140	84210	71940	31190	90420	80850	31790	28270	54980	14140	56130	49470	53010	73610	36770	65050	65110	32240	33130	41040	17170	68330	40590	24060	53880	61750	25350	48480	83300	149693	77260	46110	121760	61530	0	14710	145912	27890	71330	38840	67770	17640	70860	98200	71210	83001	63890	72570	89481	
61100	11790	28950	96790	57380	26680	76050	68080	36310	35820	40270	17060	52640	42420	38300	60840	27630	51120	52340	33350	27620	28270	31830	55560	27410	36090	46770	47380	38080	35710	69250	149353	62890	33340	129170	48760	14720	0	145572	32300	58550	26870	58240	24150	57000	85400	56500	92411	51120	59790	98891	
87930	139820	131320	130020	173560	124090	158340	188180	118250	167680	158030	133200	102680	113990	159480	185150	125250	168840	182110	114710	125290	165660	147810	185310	132190	133670	113970	152510	141470	165170	151700	46440	157160	170970	95980	173880	146230	145630	0	118850	176130	127780	121430	128880	153140	181470	166980	124080	177950	175180	110270	
40810	22480	12690	70571	80871	24540	88090	93881	4860	49050	62600	14930	38800	38850	63220	90010	31180	75101	83820	6120	27540	59750	29730	87040	38810	17130	42980	62030	25010	65890	80040	122353	78920	64820	97180	77220	27690	31980	118572	0	81881	35700	57430	10250	67600	105640	76170	60951	80950	83121	67441	
87460	68990	84060	152432	4770	59311	28280	16070	86571	87780	20940	71230	73790	63400	20550	16840	53741	8630	20250	79441	56071	31450	88080	23450	44770	92900	67100	25280	94920	24640	30180	163081	23490	41260	172441	11060	71160	58360	175700	82561	0	48241	58700	79260	30900	29050	11830	142812	15250	3050	149292	
40310	32180	40850	104841	46901	12320	54480	59911	40110	62380	30290	29980	27640	16700	31740	56841	6410	41131	53630	32450	9070	38480	50910	56830	4770	49220	20950	27960	54990	37290	46580	127501	45460	43550	124320	45740	38730	26780	127220	36100	47911	0	31810	35500	34140	71000	42100	95221	49470	49151	101701	
39990	61100	64920	123330	56930	37330	39580	68190	60460	92700	50130	56910	23740	19230	52900	70930	32700	55140	71770	52270	34960	64920	78920	74970	31890	73290	19660	42350	79060	60260	32690	109691	38150	73590	135180	62100	67510	57100	121200	57700	58580	30850	0	59570	34130	59550	47970	113710	67610	56350	118310	
50810	13350	6440	78130	77941	24210	87610	90951	14450	38900	59670	8610	46070	41410	59030	84690	30850	71850	76190	15570	27210	52120	21760	79410	38480	15950	45820	61160	21720	59560	79710	132353	78590	57190	106770	72610	17740	24350	128572	10550	78951	35370	59710	0	67270	102931	74031	69391	74970	80191	75871	
66350	64400	72720	136101	29180	43620	23020	40440	71720	91560	18590	62800	50630	41600	21090	42490	37710	26040	40940	63750	40370	36030	83350	44140	31050	81090	43470	14790	86860	29190	16190	138441	11320	45840	154620	31530	70650	56970	153420	67970	30830	34110	34060	67370	0	40780	20220	126481	36780	28600	132961	
98900	96020	109671	178142	31260	82120	20870	26630	110130	117250	47530	96831	82650	76690	47190	39450	76410	35500	44060	102690	78880	58570	115200	47260	66420	119240	77910	45650	122200	51760	28670	163951	30240	68380	197161	38180	98280	85450	180820	105940	29060	70910	59120	103631	40730	0	29940	168522	39050	26830	180291	
78990	66790	80831	146401	10200	53280	21670	22220	80540	89450	18690	67991	65320	54930	18350	24410	47570	9790	26420	73410	50040	33120	86720	29620	37580	89650	58630	16810	92720	26150	19570	152471	12880	42930	167660	16750	71290	56610	167190	76530	11840	42070	48090	74791	20290	29960	0	136781	22260	9610	143261	
85820	82531	66061	10310	141602	84531	147331	154702	57701	89371	123591	75751	92810	95230	124211	151632	90161	135832	145711	65111	86931	120601	70530	148971	99311	60760	99290	122391	62350	126881	139281	149080	138161	125641	52250	138231	83680	92801	124590	61381	142702	95411	114190	69481	126841	169172	136841	0	142541	143942	17460	
89610	62190	79350	148220	16560	60430	39700	20040	85340	80320	21130	67440	76390	65830	18250	11210	55710	12840	5470	79800	57190	23990	80620	8670	46280	86490	69700	29070	88480	18020	39950	171941	33260	33800	174791	6650	63700	50900	177710	81330	15230	49440	67560	74550	36530	38810	22060	142301	0	14060	148781	
86510	70230	85300	153672	5260	60551	25990	14240	87811	89020	22180	72470	72840	62450	21790	15080	54981	9870	19130	80681	57311	32690	89320	22330	45100	94140	66150	24330	96160	25880	27890	160791	21200	42500	173681	12300	72400	59600	174750	83801	3060	49481	56410	80500	28610	26760	9540	144052	14120	0	150532	
81930	88701	72231	22450	147772	90701	153501	168201	63871	95541	129761	81921	94080	99950	130381	157802	96331	142002	151881	71281	93101	126771	76700	155141	105481	66930	104010	128561	68520	133051	145451	143480	144331	131811	35240	144401	89850	98971	110300	67551	148872	101581	118800	75651	133011	181131	143011	17240	148711	150112	0	

0	                                         Harrogate	0	0	32400	0

1	                                          Barnsley	163	12108	26708	326
2	                                     South_Elmsall	640	5586	17835	1280
3	                                Barton_upon_Humber	210	13880	25117	420
4	                                      Little_Lever	103	16239	20446	206
5	                                            Batley	112	21376	28825	224
6	                                         Blackburn	670	14828	26183	1340
7	                                             Leigh	758	4620	18000	1516
8	                                       Knottingley	651	16022	22641	1302
9	                                        Killamarsh	806	3843	14794	1612
10	                                            Royton	366	10223	24296	732
11	                                           Royston	803	6369	15711	1606
12	                                             Otley	114	4319	8434	228
13	                                           Shipley	467	12680	17021	934
14	                                            Oldham	127	15813	17854	254
15	                                             Irlam	586	11322	24816	1172
16	                                       Cleckheaton	682	9464	16916	1364
17	                                         Prestwich	389	11946	25588	778
18	                                              Sale	664	11065	16749	1328
19	                                        Castleford	351	13290	26896	702
20	                                      Heckmondwike	419	8134	18241	838
21	                                       Longdendale	643	12177	18760	1286
22	                                       Conisbrough	536	13198	27187	1072
23	                                        Altrincham	320	6555	17021	640
24	                                            Elland	770	17565	21177	1540
25	                                          Carcroft	421	15379	26299	842
26	                                           Baildon	211	17001	26626	422
27	                                            Wardle	550	12852	27206	1100
28	                                         Doncaster	547	9169	12188	1094
29	                                        Dukinfield	212	12305	19360	424
30	                                        Accrington	666	9766	16238	1332
31	                                        Spennymoor	239	19698	24519	478
32	                                        Haslingden	568	7156	19327	1136
33	                                           Glossop	733	3787	18412	1466
34	                                       Bridlington	537	21876	24276	1074
35	                                           Salford	291	6188	18994	582
36	                                    Hoyland_Nether	542	10009	18354	1084
37	                                         Penistone	288	10230	24790	576
38	                                            Redcar	301	7843	19254	602
39	                                        Pontefract	403	20529	22530	806
40	                                          Kearsley	261	14565	24537	522
41	                                         Brighouse	449	1885	6652	898
42	                                          Glusburn	633	23768	29011	1266
43	                                         Hemsworth	519	14793	20191	1038
44	                                             Bacup	473	10360	20237	946
45	                                            Euxton	636	21768	24621	1272
46	                                        Tottington	766	13230	22761	1532
47	                                     North_Ferriby	713	13696	20499	1426
48	                                         Stretford	768	20285	22951	1536
49	                                         Farnworth	571	15239	18325	1142
50	                                          Beverley	682	8846	22033	1364
