50

6350	3650

20	90

0	93110	80890	66860	80840	84520	97750	85650	60500	63730	91040	68730	78770	87400	52790	77590	92750	48500	91171	24690	78931	53930	24830	87691	80710	77540	63690	83400	54530	79540	67420	88970	79230	14430	60910	43610	72820	71800	15630	82980	90690	75880	61020	67630	73260	70710	45560	89040	83400	82870	90061	
93160	0	142850	121090	44592	63890	153480	76070	61970	154280	112500	28070	41560	69673	41320	84890	65120	129840	191071	70550	166810	47020	104180	187591	16660	86510	146960	15340	65660	24500	148960	109540	133400	103110	142450	59990	163370	26280	79370	52790	28580	50420	33420	43830	28290	59770	88030	20080	140170	13340	189961	
80940	144780	0	135210	113840	107730	24380	164180	139190	71580	162150	128420	111770	106960	110430	151360	169451	36640	66540	99390	62220	121371	61150	68350	128970	150730	110980	137310	132420	139360	33610	58330	146840	84700	37860	117520	76550	129040	91710	156321	127790	149221	113890	140201	118320	94580	118160	147330	18110	134610	73430	
67691	121680	135370	0	142040	147931	158700	60700	63580	82430	32740	93940	136780	151611	95040	47870	80910	98810	116250	70900	104590	75000	90391	111470	121990	45060	38180	108510	59120	101600	114340	153111	12370	63181	108100	67490	84490	98350	66691	79311	136690	75680	100730	80880	122720	134121	37300	106620	148961	109560	108670	
80950	44261	114100	141970	0	20010	121110	110690	88040	137440	142220	54960	8050	27231	49210	114610	105181	109370	160530	76850	147210	67390	85020	158290	28140	116230	143260	50600	88310	60630	122700	71221	154340	94000	121850	77970	147030	51950	81100	92851	20850	87300	43410	76610	22670	23520	108000	59981	109250	47080	162660	
84440	63482	108220	147660	20020	0	106590	127790	102060	139740	157210	72530	24120	8100	63230	129300	123990	105590	157970	86180	144650	81410	86760	155730	47401	130920	146750	68980	102330	79010	118920	55810	160600	97490	118070	91990	148380	69520	85810	111080	40071	104870	58990	94180	41050	13740	120060	79202	99210	65460	160100	
97640	155260	24290	158252	121420	106190	0	177330	150990	94820	185192	140150	118850	103650	122160	170260	181251	59682	89780	113430	85460	133171	78750	91590	138330	170210	134022	149040	145740	151160	56850	51310	169882	104040	60902	130670	99790	140770	108410	168121	137150	161021	125620	152001	127680	97450	141202	159060	17760	146340	96670	
85420	76100	165170	61240	110420	127650	177110	0	27520	129660	41590	55300	105320	133800	67370	17060	21160	129272	162244	65840	150004	47040	107150	158764	84731	18960	93610	61451	33120	54391	147312	153762	70960	89300	140802	47790	134860	60210	73200	24770	98221	25410	70920	35090	89140	120830	49110	57410	162760	66361	158740	
60670	62780	139320	63200	89080	103380	151260	27160	0	107642	56230	35720	83820	108860	42000	28620	34170	105182	138154	40110	125914	21670	82400	134674	65570	30240	87100	48800	8280	40770	123222	128392	75050	68640	116712	22060	115742	40630	48450	25200	80270	19540	47400	20050	69390	95890	34300	45790	136910	51310	136722	
64150	154620	71560	82930	137560	139860	94890	129010	108900	0	114650	129580	135490	141000	110620	116190	141272	36630	34760	83170	22640	112200	60840	30500	142220	115560	47800	145320	103160	142103	39600	108530	92640	55450	34630	100110	9180	133310	74370	132372	151450	126712	120690	122080	134590	126050	81020	148013	86280	144380	29560	
91600	112291	162510	32780	141800	157640	185840	41520	56420	114200	0	86680	136700	164690	95740	31800	61330	125950	148060	81160	136400	75410	114300	143590	116530	27360	70560	97571	55570	90420	143990	170130	36030	87750	137480	70850	116570	91590	87090	64800	131230	63580	101140	68880	120520	149200	48810	94640	172870	100960	141760	
68460	28180	128670	93020	55120	72350	140340	55760	34860	128920	87290	0	50020	79640	18840	59680	52490	107810	158100	44720	144780	19250	82150	155860	29850	61300	112280	15340	37800	11480	126930	106062	105330	77280	120420	32220	137572	4910	53540	39120	44550	32370	16230	21720	33840	66660	59960	20980	125990	16060	158552	
78920	41630	112070	136440	8080	24200	119230	105650	82860	135410	137180	49920	0	31581	44030	109570	101380	107340	158500	70720	145180	62210	82990	156260	25020	111190	141230	46370	83130	56400	120670	70720	148750	91970	119820	72790	145000	46910	74970	88470	22020	82260	38300	71570	18440	21240	102820	57020	107220	42850	160630	
87470	69412	107120	150690	27160	8070	104270	133720	107990	140910	164350	79450	31450	0	69160	135230	130332	106210	158590	89210	145270	87340	89790	156350	53331	136850	149780	75791	108260	85821	119540	53490	163630	100520	118690	97920	149000	76780	88840	118002	46001	111190	64920	100540	47861	16770	124520	85132	97960	72271	160720	
52880	41410	110490	94990	49300	63600	122300	67140	41410	110400	95820	18820	44040	69080	0	68650	66520	89560	139850	30270	126530	20760	63900	137610	30780	70270	104160	31620	41680	29460	108680	89902	107300	62830	102170	28890	119990	19610	39090	53020	45480	46190	9320	35540	30580	56110	60970	38960	107950	30770	140961	
76790	85451	152440	45430	114960	130780	169490	17410	29580	114960	28950	59840	109860	136260	69400	0	37620	115880	149240	57970	137120	49070	98520	144980	89690	3150	78900	70731	29470	63580	133920	146680	55150	75520	127410	44960	120160	64750	64570	37580	104390	36630	74800	42040	93680	123290	34650	67800	155140	74120	144040	
102120	60110	175201	95690	100212	119290	187141	35740	44140	150632	76050	51840	96960	125293	70480	51510	0	148172	181144	78380	168904	53960	122140	177664	72060	53410	123450	51200	51290	45770	166212	157632	105410	110940	159702	60000	158732	56200	87200	21240	84640	26240	68070	36080	80510	115170	75090	41300	172791	56100	180034	
48450	129850	36560	98640	109280	105590	59890	127610	104912	36740	125580	107750	107210	106100	89530	114790	137202	0	54390	69200	41070	99180	33130	52150	117450	114160	74340	120550	99192	118390	20390	73630	110270	48130	14170	88120	44830	108540	60140	128302	123230	122642	97760	115630	109930	91780	81590	127890	50520	119610	56520	
90912	190232	66800	116440	160630	158080	90130	161493	137965	34630	148220	158150	158560	158590	139520	148673	170255	54190	0	113382	14290	141285	83420	5210	167850	148043	79350	170950	132245	168790	43960	121751	121570	83932	42910	131134	33970	158940	101132	161355	189723	155695	148160	151075	160330	144270	115320	176996	84840	170010	10290	
24740	70630	99110	70090	76930	86500	113590	65820	40130	82860	81160	45060	70560	89380	30310	58880	71110	69280	114631	0	101770	30260	44950	111151	60000	58830	76690	59730	34700	55870	88200	90780	82460	33560	81690	19940	91950	48940	9820	59310	74700	52210	38540	43960	58210	72690	37110	65370	99240	60150	113521	
78531	166880	62350	105130	147260	144710	85680	149112	125584	22530	136850	144780	145190	145220	125350	136292	157874	40820	14370	101001	0	128904	70050	12130	154480	135662	69360	157580	119864	155420	32910	112720	114840	71551	31850	118753	23080	145570	88751	148974	162120	143314	134790	138694	146960	130900	103092	164615	80390	156640	16360	
54000	46950	121341	74690	67680	81980	133281	46840	21110	111142	75520	19590	62420	87460	20600	48350	48080	99270	141654	30260	129414	0	73070	138174	47260	49970	93950	34260	21380	27990	119531	106722	87000	62820	113021	13420	119242	23620	39080	34950	61960	27850	26000	19100	47990	74490	41630	36080	118931	34830	140222	
24840	104230	61100	89760	84980	86770	78920	107370	82220	60650	113940	82130	82910	89650	63910	99510	115020	33220	83310	44930	69990	73330	0	81070	91830	99460	75120	94930	76250	92770	52140	72240	102130	31240	45630	63850	69740	82920	35870	103220	98870	96120	72140	87870	83900	72960	68460	102270	64570	93990	85440	
87522	186842	68280	111360	158450	155900	91610	158103	134575	30460	143650	155970	156380	156410	136162	145283	166865	52010	5190	109992	12110	137895	81240	0	165670	144653	74270	168770	128855	166610	43980	123231	116490	80542	42930	127744	28890	156760	97742	157965	173310	152305	145980	147685	158150	142090	111150	173606	86320	167830	5210	
81140	16610	128880	121550	28320	47230	136480	85291	64650	142260	117080	29820	24900	53441	30840	89470	77620	117820	168110	60070	154790	47320	92160	165870	0	91090	136600	23240	67590	33270	136940	92590	133860	92200	130430	59540	151350	26810	68890	65290	15340	60391	21820	51290	11630	43110	88490	32420	124880	19720	170240	
77460	86441	151140	44740	115950	131690	170160	18620	30570	113660	27130	60830	110850	137170	70310	5790	38830	114580	147940	58640	135820	49980	99190	143680	90680	0	78540	71721	30140	64570	132620	147350	54460	76190	126110	45630	119780	65740	65240	38790	105380	37730	75710	43030	94670	124200	35320	68790	155810	75110	142740	
63440	145340	110890	38430	142910	146590	134220	92760	87070	47640	70580	112370	140840	149470	104620	79940	109811	74330	79170	77050	69210	93430	75430	74110	137410	78750	0	128710	81220	121961	85170	137300	46880	53800	80200	83850	47130	117460	71260	105141	150200	101731	112850	101531	132770	132780	56970	129711	124850	129760	71310	
83450	15360	135440	107970	50760	68620	147110	62051	47990	145060	98311	15360	46290	75621	31650	70701	55010	120620	170910	59710	157590	34240	94960	168670	23280	72321	132440	0	51140	10030	139740	111501	120280	92270	133230	47210	154150	14600	68530	42680	36770	37151	26010	30330	29310	64500	74910	10650	132760	4910	173040	
54520	66240	131890	58860	88660	102960	145860	33100	8140	100290	54970	38060	83400	108440	41580	29240	40200	99422	132394	34710	120154	21250	76250	128914	67910	29880	81850	51700	0	44970	117462	123050	70710	62820	110952	16900	108390	42970	42300	31570	82610	25910	46980	25050	68970	95470	28430	50790	131510	54120	129370	
79590	24710	138330	101230	61140	79000	150000	54771	39900	141082	90730	11500	56670	86001	29480	63120	47320	118450	168740	55850	155420	27880	92790	166500	33660	64740	125700	10380	44400	0	137570	115722	113180	88410	131060	40850	149182	11610	64670	34990	47150	29871	25640	22240	39690	74670	68170	10540	135650	15290	170162	
67540	148960	33590	114800	122670	118980	56920	145720	123022	39990	143690	126860	120600	119490	108640	132900	155312	20380	44050	88290	33050	119511	52220	44040	136560	132270	85620	139660	117302	137500	0	83400	125960	66240	8090	107210	45310	127650	79230	146412	136620	140752	116870	136132	127150	105170	99700	147000	51220	138720	48410	
88800	110590	58510	151590	72600	55410	51540	153125	127395	108030	169220	105402	70030	52870	89552	146940	153452	73330	121110	90110	112360	106285	71880	123060	92460	146890	136350	110761	122420	115082	83450	0	164530	96710	84600	107204	116120	104362	89740	139952	89681	133122	90872	122472	84451	49030	125420	120781	47360	108061	127810	
79771	133640	146830	12420	154000	160761	170160	71080	75411	93790	36270	105900	148740	163801	107000	58250	91290	110270	122240	82860	115750	86960	102471	117180	133950	55440	46940	120470	70951	113431	125800	165301	0	75261	119560	79450	93670	110310	78771	90752	148650	87342	112690	92642	134680	146951	49260	118402	160790	121520	112920	
14550	103180	84800	63090	94050	97730	104150	88840	68472	55260	87390	77610	91980	100610	62860	76020	100020	48240	83922	33570	71682	62810	31230	80442	91860	75970	54220	92280	62752	88420	66280	97070	75460	0	59770	52490	63360	81490	24770	91862	101840	84760	71090	76510	84410	83920	43190	97920	89800	92700	82812	
61040	142550	37890	108510	121750	118060	61220	139220	116522	34940	137190	120450	119680	118570	102230	126400	148812	14170	43110	81790	32100	113101	45720	43100	130150	125770	80570	133250	110802	131090	8090	84580	119670	59740	0	100710	41190	121240	72730	139912	135700	134252	110460	129400	122630	104250	93200	140590	52400	132310	47470	
43410	59150	116850	67140	77770	92070	130620	48050	22110	99740	70860	31410	72510	97550	28600	45570	52960	87950	131623	19670	119383	12470	63430	128143	59250	45850	84220	46080	17070	39810	106870	107750	79450	52230	100360	0	107840	35820	28490	41160	73950	34060	37790	25810	59050	81610	32420	47900	116270	47030	128820	
73130	163600	76690	84370	147040	148530	100020	133680	116800	9200	116660	138560	144970	149040	120100	120860	149172	44670	33950	92150	23090	120100	69820	28890	151200	119530	47280	154300	111060	150003	45460	116570	93250	63350	41530	108010	0	142290	83350	140280	160930	134612	129670	129980	143750	134720	88920	155921	93650	153360	27770	
71740	26390	127610	97770	52110	69340	139280	60640	39740	132840	92170	4910	47010	76630	19450	64560	56830	108420	158710	48640	145390	23540	82760	156470	26840	66180	117220	14600	42680	11610	127540	105002	110080	81200	121030	36510	141930	0	57460	43460	41540	37250	14920	26560	30830	64390	64710	21110	124930	14270	160840	
15820	79030	91870	66650	80990	86430	108730	73440	48290	74540	87150	53460	74620	89310	38710	65580	79510	60360	102231	9420	89991	38660	36030	98751	68400	65530	72060	68130	42320	64270	79280	90710	79020	25240	72770	28340	83630	57340	0	67710	79700	60610	46940	52360	62270	72620	40910	73770	94380	68550	101121	
82970	52960	156151	79170	92992	110960	168091	25190	24050	130542	64720	38970	88630	117990	52830	37020	14350	128082	161054	59230	148814	34810	102990	157574	64840	38920	104770	42780	31200	34670	146122	139982	90220	91532	139612	40850	138642	43520	68050	0	77420	7090	54590	18020	72090	105020	55980	34120	153741	47680	159622	
90910	28410	127930	136250	21101	40702	135530	98961	79350	152030	131780	44520	22310	46182	45540	104170	89640	123200	190252	74770	161520	62020	98790	172600	15310	105790	150770	36910	82290	46940	136530	90172	148560	101970	135680	74240	161120	41510	79930	77310	0	74061	36520	65990	18650	42160	103190	44440	123930	34420	176970	
75880	50760	149061	75360	87150	104380	161001	25650	18650	125142	63540	32030	82050	111050	45890	35840	20480	122682	155654	52140	143414	27720	95900	152174	60121	37660	100620	36841	25800	29781	140722	133042	87040	84700	134212	33760	133242	36940	60960	7090	73611	0	47650	11080	65870	98080	51820	32990	146651	41751	154222	
61130	33350	114120	100000	43540	59600	125790	71260	46420	120380	100830	16130	38400	65080	9290	73660	68200	97810	148100	38520	134780	25770	72150	145860	21730	75280	112410	25880	46690	25640	116930	91512	112310	71080	110420	37990	129470	14920	47340	54700	36430	47870	0	37220	22260	52110	66940	35140	111440	23180	150230	
67810	44020	139911	80570	76640	93870	151851	35130	19240	120812	68860	21520	71540	100540	35380	41250	31420	115800	151324	44070	139084	19170	87830	147844	51370	42870	103810	30460	25130	22360	136392	122532	92410	76630	129430	25690	128912	26430	52890	17920	66070	11090	37140	0	55360	87570	48761	26950	137501	34160	149892	
73490	28200	118440	122010	22830	40690	125730	89560	68430	134400	121090	33830	18360	47691	30620	93480	84310	110100	160390	58260	147070	47780	83730	158150	11590	95100	132530	29300	68700	39330	127040	85161	134320	84550	122710	59380	143700	30820	62510	71980	18660	66170	22280	55480	0	36570	88950	39950	114440	25780	162520	
70700	60040	94620	133920	23570	14390	98150	120610	94880	126000	148990	66340	21000	17270	56050	122120	118410	91850	144230	72440	130910	74230	73020	141990	43430	123740	133010	64780	95150	74810	105180	49480	146860	83750	104330	81630	134640	64500	72070	104910	42170	98080	51810	87430	36850	0	107750	75430	87340	61260	146360	
45750	88120	118020	37170	107900	120160	141350	48500	34330	80540	48720	60380	102640	124520	60560	35680	61450	81460	114820	36930	102700	41440	68450	110560	88430	35630	57000	74950	28170	68201	99500	125920	49540	43070	92990	32300	88640	64790	40760	56020	103130	51810	67170	48861	89160	107830	0	74111	127020	76000	109620	
89260	20530	146430	106610	60062	79140	158100	57770	45180	147033	94950	21170	56810	85143	39150	67340	46460	128120	178045	65520	165090	35880	102460	174565	31910	68960	131870	11390	51070	10620	147240	122491	118460	98080	140730	48850	155133	21280	74340	34130	44490	32870	35310	26990	40700	75020	74171	0	143750	16290	176935	
83370	141710	18100	148290	108910	98740	17840	163060	136720	86190	172470	125880	106840	97970	107890	155990	166981	50450	84580	99160	80260	118901	64480	86390	125100	155940	124790	134770	131470	136890	51170	47330	160650	89770	52320	116400	93230	126500	94140	153851	123920	146751	111350	137731	114450	87060	126990	144790	0	132070	91470	
83230	12760	132930	109220	47100	64960	144600	67281	50680	144350	101510	16200	42630	71961	30940	73900	60240	119910	170200	60250	156880	35150	94250	167960	19620	75520	133690	5230	53790	15260	139030	108991	121530	92810	132520	48120	153440	14410	69070	47910	34000	42381	23500	34010	25650	60840	76160	15880	130250	0	172330	
90161	189481	73310	108630	162850	160300	96640	158150	137214	29470	141850	159474	160780	160810	138801	145330	169504	56410	10220	112631	16510	140534	85640	5240	170070	144700	71540	173170	131494	170335	48410	128261	112270	83181	47360	129250	27780	161160	100381	160604	177710	154944	149181	150324	162550	146490	110160	176245	91350	172230	0	

0	                                             Grove	0	0	32400	0

1	                                         Harpenden	366	9063	23663	732
2	                                        Tewkesbury	796	7537	19786	1592
3	                                        Winchester	315	9626	20863	630
4	                                   Newport_Pagnell	787	20867	25074	1574
5	                                      Hardingstone	358	11827	19276	716
6	                                         Worcester	407	12966	24321	814
7	                                         Guildford	567	13140	26520	1134
8	                                         Bracknell	402	4175	10794	804
9	                                        Chippenham	287	7262	18213	574
10	                                       Petersfield	170	6680	20753	340
11	                                          Amersham	135	16433	25775	270
12	                                     Milton_Keynes	715	23553	27668	1430
13	                                       Northampton	797	16681	21022	1594
14	                                Princes_Risborough	160	4337	6378	320
15	                                              Hale	704	8704	22198	1408
16	                                             Esher	460	12695	20147	920
17	                                       Cirencester	680	9494	23136	1360
18	                                     Stoke_Gifford	241	5563	11247	482
19	                                       Wallingford	267	8931	22537	534
20	                                  Chipping_Sodbury	500	13720	23827	1000
21	                                            Marlow	547	9030	15613	1094
22	                                         Carterton	298	1847	15836	596
23	                                      Mangotsfield	407	6125	16591	814
24	                                         Dunstable	211	5320	8932	422
25	                                           Farnham	527	14597	25517	1054
26	                                          Amesbury	619	6097	15722	1238
27	                                     Kings_Langley	443	12034	26388	886
28	                                         Wokingham	661	4896	7915	1322
29	                                       Chorleywood	638	20794	27849	1276
30	                                            Stroud	338	5142	11614	676
31	                                           Warwick	763	9943	14764	1526
32	                                         Eastleigh	297	10735	22906	594
33	                                         Hartshill	595	1952	16577	1190
34	                                          Chalford	298	22978	25378	596
35	                                  Henley_on_Thames	514	9407	22213	1028
36	                                            Neston	465	14211	22556	930
37	                                           Chesham	148	5809	20369	296
38	                                            Didcot	340	9430	20841	680
39	                                        Shepperton	304	20058	22059	608
40	                                          Flitwick	227	13281	23253	454
41	                                           Staines	602	14734	19501	1204
42	                                          Wendover	426	14422	19665	852
43	                                            Slough	315	5893	11291	630
44	                                  Leighton_Buzzard	235	3741	13618	470
45	                                         Towcester	247	19904	22757	494
46	                                            Tadley	761	13277	22808	1522
47	                                            Bushey	143	5137	11940	286
48	                                          Pershore	237	18276	20942	474
49	                                   Hemel_Hempstead	764	18266	21352	1528
50	                                         Kingswood	543	13173	26360	1086
