50

6350	3650

20	90

0	60040	63870	36520	89390	35540	42610	78350	42460	73180	97180	64840	63860	67770	65770	53390	48810	49700	35440	99460	51071	31990	77300	24360	56250	65950	67620	79170	91660	30660	73390	33800	80290	96040	49750	64850	50310	84850	77730	98030	94880	62180	80120	88550	83650	95470	88700	45560	30910	54920	87010	
60000	0	9930	26990	132860	75320	100043	48170	38560	15600	111770	31260	17590	89080	123902	46210	16270	25180	41660	96260	107833	74050	135432	42140	15460	61860	128540	69800	39910	59710	79240	93170	22710	137900	23280	126362	95490	146362	29010	53940	37770	10930	56111	146682	27250	64340	110540	38380	79290	116432	144634	
63270	9770	0	29680	138740	75970	102703	41020	47920	13070	107650	40780	27110	98440	126562	42950	25630	34540	41980	91620	110493	79930	138092	48020	11580	57220	131792	79320	44850	60360	88600	97900	20180	143780	32640	129022	101370	149022	20770	62360	35240	20450	51261	149342	27750	73860	119900	36970	82050	119092	147294	
36070	27120	29790	0	122670	50320	75563	50840	36810	40200	95470	45850	37600	82610	99422	29080	21440	29880	16900	83400	83353	60380	110952	30210	22170	46980	103060	74480	64380	34710	78110	69240	47310	127710	29240	100290	81850	120290	43790	76110	62370	33100	54120	122202	52820	81520	104070	21250	54520	90360	120154	
89400	130411	136341	120310	0	115330	79140	167890	98300	144781	176030	118260	128810	60950	92930	143720	117810	113640	123640	186260	75350	60240	90930	91320	132961	159930	45890	104960	155440	116350	87320	70870	147760	18430	115050	56830	40640	50940	151582	146010	161010	127870	171510	97220	149780	129050	62800	135890	102740	59370	71250	
35840	75110	75540	49970	115410	0	46640	75210	74930	86290	62120	90070	85400	96550	55490	44700	69240	74100	35120	67710	51950	60650	67900	56830	66820	48350	81190	112710	112370	16400	103600	51010	93400	123980	74150	73620	76330	94141	81520	123880	108460	81090	70200	79150	100090	125630	117360	44360	14500	67610	88540	
42750	100973	103373	76043	79190	46670	0	118590	83550	114053	100090	105950	105260	79160	31350	84700	90990	91100	71920	108150	11250	48100	41590	65450	95753	90520	36960	110760	133500	53000	100200	13530	121163	94410	91150	31710	44830	52460	117373	139190	136223	103970	113450	51610	126193	132090	98460	82240	33980	23380	48121	
77510	47440	40720	50040	169950	75050	117980	0	82130	47170	73180	78450	64780	129890	125390	31050	59310	68560	46810	54970	126950	104331	138000	77441	36280	32580	149113	114060	74820	62790	122810	115293	47710	174990	66940	146343	131400	166343	26360	96330	58000	58120	13580	149250	56770	110100	151350	33840	86530	136413	162360	
42940	38570	47790	37170	97920	75750	83880	81990	0	52200	128810	24360	31830	51300	107040	64840	24050	16100	50460	119160	90600	43430	118570	19770	47040	82740	97520	40360	58160	60770	41810	71530	51880	102960	19160	102580	64470	117020	66650	57420	65130	31990	88160	129820	53900	53530	72760	57010	72370	92650	125540	
84880	30380	23730	51290	160820	93990	124313	43700	66790	0	115170	56070	42400	117310	148172	57970	46550	53410	60000	96960	132103	102010	159702	70100	31620	68070	153402	94740	46530	78380	105680	119582	19420	165860	51510	150632	123450	170632	18080	68040	30110	35740	56100	170952	28480	81810	138770	53960	102120	140702	168904	
97390	111770	107560	95150	174640	61850	100210	73780	128270	118410	0	138840	127270	158670	91850	67300	114320	123740	81630	21000	105520	122200	104330	116030	97610	51810	134760	168120	148570	72440	165720	107230	120330	183210	122120	126000	133010	144320	98980	163620	130550	120610	61260	111700	129390	176540	180130	74230	70700	121180	130910	
65090	31300	40870	46520	126020	90710	106030	79110	24580	42040	139490	0	14900	68660	131030	73100	25170	17890	62010	125020	114491	67880	142560	41290	44690	90620	121970	39900	34320	75020	50960	95930	41030	123690	21230	127790	86590	141470	56980	34910	51500	21140	87051	153810	40270	37740	90120	65270	93840	117100	149990	
63760	17640	27210	38650	131400	86370	105990	65450	31290	28380	127750	14910	0	80780	130990	61360	16690	17700	54140	112300	114481	72550	142520	40640	31970	77900	127080	53640	31440	70680	64580	95890	27370	134090	17470	130070	94020	146580	43320	41890	37840	7480	73391	153770	26610	49050	102240	53530	89910	120140	152230	
65800	87980	97200	81271	60940	95051	79410	128851	50610	101610	157441	66710	80510	0	109630	105280	73460	65760	89940	159230	85030	36170	118920	52150	93922	123180	77940	43440	99410	93350	26590	65960	101290	56440	68570	87120	42020	91330	112543	84710	114540	81400	132010	127930	103310	67520	22920	97450	89370	82320	108210	
65810	124122	126522	99192	93090	55300	31660	125750	106610	137202	91780	129590	128900	109300	0	96921	114050	114160	88120	107210	25910	77900	14170	88510	118902	97760	47950	139310	157140	69200	129870	43710	144312	111140	114790	36740	74340	54480	139340	162830	159372	127610	119610	25700	149342	159800	128600	99180	48450	38910	41070	
53070	46030	43320	29120	143040	44720	84440	31440	64710	54170	67360	72810	61240	106640	96631	0	48290	57710	20570	55290	92650	80220	109241	53330	33370	18870	120690	102770	84330	32460	106010	86240	60200	148080	56090	114320	101690	136391	44120	97590	72500	54580	28360	120491	67230	107990	128100	8200	56200	107110	133601	
48600	16380	25590	23000	119930	70720	90580	59980	24610	31770	115430	25080	16760	75130	116322	49040	0	11040	38490	101890	99041	61080	127852	29170	25030	66940	115610	56540	45630	55030	65290	81770	34290	124970	9380	118600	82550	135110	44450	56970	47540	15260	66150	139102	36310	60750	96590	41210	74260	108610	137054	
49440	25200	34420	30140	115910	74330	91420	68940	15590	38830	124200	17800	17750	66360	114580	57810	11000	0	45630	110850	99881	57270	126110	26200	33990	75710	111590	46640	45020	58640	55390	81450	38510	119670	5790	113660	78540	131090	53280	51200	51760	18620	75110	137360	40530	53060	87820	49980	77460	102570	135820	
35520	42070	42210	17070	123300	35280	71650	46270	50140	52960	81610	61820	53930	91350	87950	20300	37770	45850	0	72510	79860	62750	100360	38040	33490	37790	102510	89990	79330	19670	91170	68690	60070	128590	45570	99740	84220	119740	48190	91060	74601	48050	47030	111610	66760	97490	112810	12470	43410	89810	119383	
99590	96270	91640	83130	183080	68120	108430	55370	118720	101380	21240	124870	112310	160650	107340	55280	101940	111190	72790	0	113740	127220	119820	107340	81790	38300	142980	157470	129030	70720	160590	115450	101920	191650	109570	135410	141230	156831	80570	148660	112020	105650	42850	127190	110980	160710	183290	62210	78920	129400	145180	
51161	108643	111043	83713	75310	52210	11720	127720	90880	121723	105550	114361	113671	84770	25940	93070	99401	99511	80290	113690	0	53710	33960	73861	103423	98890	29760	116370	141911	61370	105810	19140	128833	93360	99561	22280	48500	42950	125043	147601	143893	112381	122580	43390	133863	137700	104070	90610	42350	16180	39610	
32390	73371	79301	60280	60250	60850	48550	104951	42940	87741	122490	66720	72120	37460	78300	80320	60770	56680	62910	128080	54170	0	88060	32500	75921	95140	56570	63510	99620	59340	52950	35100	90720	65290	58010	62390	23880	76030	94542	96000	103970	70830	107050	97490	92740	86240	57320	72490	54140	54040	84550	
77420	135732	138132	110802	91290	67890	42040	138450	118220	148812	104250	141200	140510	118700	14170	109621	125660	125770	100710	119680	34000	87640	0	100120	130512	110460	46150	150300	168750	81790	139740	53070	155922	109340	126400	34940	80570	47310	152132	174440	170982	139220	132310	12080	160952	171410	135870	113101	61040	40450	32100	
24350	42481	48411	30110	91260	57160	65710	78111	18450	56851	116040	40850	41190	53660	88870	53480	29840	27030	38140	107800	74171	31910	100400	0	44150	71380	86070	56870	68990	45140	53480	55610	59790	96300	27080	86660	53380	105530	63652	74040	73040	39900	80210	111650	61810	71460	75120	45650	53780	76730	108820	
55710	15390	11520	22120	135480	67080	95143	36640	47550	22270	97730	44370	31810	95420	119002	33030	24730	33980	33090	81700	102933	75420	130532	43510	0	47300	124232	79480	53170	51470	88230	88880	29380	140520	32360	121462	96940	141462	23310	68160	44440	25150	44320	141782	36070	78560	116880	27050	74490	111532	139734	
66060	61880	57350	46690	159070	48680	90500	33000	82280	68200	52110	90380	77920	124210	97810	18840	65860	75280	37990	38400	98710	94090	110420	70900	47400	0	126750	120340	98360	38520	123580	94560	71920	164110	73660	120380	112410	141921	53830	114270	82210	71260	23180	121670	80500	124670	145670	25770	61130	113170	134780	
67820	128051	133180	105740	45840	81420	36960	150383	97620	142421	134760	121400	126800	77460	47860	120990	115450	111360	102690	142900	29760	55900	45860	85910	125552	126810	0	118560	154600	89290	103310	33990	145400	63890	112690	11760	39110	19770	147172	153810	158650	125510	150500	52150	147420	142450	92510	114780	70270	13780	30580	
78970	69870	79440	74970	104340	112590	110100	114190	40940	80070	168410	39900	54570	44480	139480	102640	56250	46760	90060	157260	115720	63350	149610	57920	79240	120540	118120	0	60500	100370	19150	96650	80150	101550	51200	123940	79750	133910	95010	41270	84160	60260	120360	159040	74030	24080	44030	94810	107800	115590	146140	
91630	40270	44730	64360	159150	112690	134100	74650	58260	41410	147420	34280	31380	101310	159100	85470	45620	44900	79030	127910	142591	100290	170630	68390	53620	98240	154830	60440	0	97080	79590	124000	27540	159890	45730	158180	121780	174330	49030	24670	26080	31950	87050	181880	19300	41400	105461	77860	116660	148250	182084	
30790	59840	60360	34700	115770	16830	52980	63230	60440	71110	72690	74800	70130	94270	69280	32720	53970	58830	19940	70560	61190	58370	81690	45390	51640	38540	89230	100290	97100	0	98240	56790	78220	122420	58880	82860	76690	104381	66340	108610	92751	65820	60150	92940	84910	110360	115080	30260	24740	75650	101770	
72850	78660	87880	77670	87110	102841	98950	122240	41840	89600	165231	49430	64100	27630	129170	105340	64300	54810	90930	160280	104570	52200	138460	53960	87290	123240	103670	18880	79380	97700	0	85500	89680	82610	59250	112790	66350	117060	104540	60150	100700	69790	128410	147890	89470	42960	49090	97510	98051	104440	133940	
34010	93480	97310	69960	70640	51160	13530	114521	71820	107990	107410	95600	95900	65710	43790	86830	82250	81740	68880	115470	19150	34650	53040	56090	89690	94580	33990	97310	124140	56880	86750	0	114940	81440	81790	31220	31860	51220	111310	127620	128190	94610	115950	62470	116960	118640	85010	79000	38040	21290	53380	
80600	22820	20330	47590	150450	93990	120643	47920	51800	17010	119390	41010	27340	102320	144502	59610	34350	38420	60000	101180	128433	91600	156032	59690	29600	71980	146130	79740	27680	78380	90680	115300	0	155490	36520	146962	113080	165630	22300	49190	16320	20680	60320	167282	9630	62960	123780	54100	99890	137032	165234	
96010	135501	141431	125400	18440	124110	94190	172980	103390	149871	184810	123350	133900	56490	111140	148810	122900	118730	128730	195040	93560	65330	109140	96410	138051	165020	64100	101800	160530	122960	82860	81220	152850	0	120140	75040	49370	69150	156672	143070	166100	132960	176600	115430	154870	125880	53080	140980	111520	77580	89460	
48770	23990	33210	29470	116290	73660	90750	67950	16530	37620	123290	18930	17650	67050	115880	56900	9950	3150	44960	109860	99211	57430	127410	25530	33000	74800	111970	48460	44920	57970	57210	80780	37300	120360	0	114960	78900	131470	52070	52740	50550	17410	74120	138660	39320	54600	88510	49070	76790	104960	137120	
65240	128192	130600	103160	56840	74010	31910	147803	103050	141272	126050	127560	130300	86960	36630	114870	115450	115560	100110	135490	22410	62060	34630	87320	122972	120690	11700	124720	158540	83170	112380	31410	148382	74890	116190	0	47800	20840	144592	159970	162590	129010	144380	41450	151360	148610	102010	112200	64150	10320	22640	
50100	95441	101371	81220	39900	76030	44820	129501	65010	109811	132780	86670	94050	41920	74330	101260	82700	78750	83850	140840	48460	23430	80200	53440	97991	112850	38940	80220	121990	77050	66480	31850	112790	49580	79940	47640	0	56670	116612	114360	126040	92760	129760	88300	114810	102950	56970	93430	63440	40300	69210	
85300	147611	150652	123220	51070	94291	52610	167863	117180	161332	144430	140960	146360	91000	54350	138960	135010	130920	120170	157700	42810	75460	47480	105470	143032	143210	19870	134310	174160	106660	116850	51470	164960	69120	132250	20920	57120	0	164660	173370	189146	145070	167260	49780	166980	158400	106050	132260	84431	30380	21850	
76980	28820	20640	43860	153881	82170	116883	26790	66760	24670	98260	56140	42470	113821	139590	43840	44470	53380	48180	80050	124673	95071	152272	63161	23440	53940	145972	94810	49230	66560	105750	112152	22120	158921	51480	143202	116511	163202	0	70740	32330	35810	39190	163522	31180	84510	135281	41660	90300	133272	161474	
98220	53910	62510	76110	145910	124200	139160	96520	57610	61030	164260	35110	41880	85770	164160	97860	56910	51210	90780	148620	147651	96140	175690	74420	68290	114220	153270	41290	24630	108510	60440	127570	49410	143120	54960	159090	114870	172770	70900	0	50000	43300	108920	186940	40550	22250	85320	90030	127330	150740	181290	
93981	36201	33711	60971	163400	107151	134024	56780	64740	30391	128270	50680	37010	115270	157883	71200	47410	51360	72921	110040	141814	104550	169413	72630	42981	81300	159080	83910	26030	91301	100350	128250	15800	168440	49460	160343	126030	186776	31160	49960	0	33620	69180	185255	15140	64870	136730	66881	113371	150413	181456	
62550	10610	20180	33120	130990	81450	105413	58420	32340	21160	120830	21550	7880	82860	129272	54870	15470	18960	47790	105320	113203	72140	140802	40230	24990	70920	126670	60280	32690	65840	71220	95480	19890	136030	17060	129660	93610	146170	36100	44230	33140	0	66361	152052	21910	54630	104320	47040	85420	119730	150004	
79860	56601	51461	53790	173310	70780	113710	14230	89090	60240	60840	87611	73941	133430	119910	28510	66270	75520	48120	42630	122680	107010	132520	80120	44430	23500	150720	121020	87890	60250	129770	115990	60780	178350	73900	144350	133690	166411	39430	109400	71070	67281	0	143770	69840	120691	154890	35150	83230	137140	156880	
88610	146922	149322	121992	97350	79080	52100	149640	129410	160002	111620	152390	151700	127390	25640	120811	136850	136960	111900	127050	43440	97080	12020	111310	141702	121650	52210	159740	179940	92980	149180	62510	167122	115400	137590	41510	88230	50010	163322	185630	187265	150410	143500	0	172142	182600	142440	124291	72230	48590	32960	
83150	26880	27560	52480	152050	100810	125533	56780	53400	24240	128270	39340	25670	103920	149392	68000	36070	40020	67150	110040	133323	93200	160922	61290	36830	80370	147730	74170	19120	85200	89010	116900	9670	157090	38120	151080	114680	167230	31160	40360	15400	22280	69180	172172	0	55130	125380	62320	104780	141150	170124	
96350	64620	74190	81910	128580	126060	132930	110540	54440	74100	178370	37760	48220	68440	161650	108220	60800	53110	97400	160020	138610	86180	173030	73180	78830	124760	141540	23960	42010	110370	43110	119480	63430	125790	56860	147360	102580	158150	84920	22780	65670	54190	120371	182460	55540	0	67990	100390	125780	139010	169560	
88800	111160	120380	104451	62470	117260	98510	152031	73790	124790	179720	89890	103690	23200	128730	128460	96640	88940	113120	183570	104130	57350	135800	75330	117102	146360	92730	44210	104710	115750	49770	85060	124470	52830	91750	101910	56810	106120	135723	85480	137720	104580	155190	142720	126490	68290	0	120630	110160	97110	123000	
45330	38290	37230	21380	135300	44920	82240	34450	56970	48080	74490	65070	53500	98900	99270	8100	40550	49970	13420	62420	90450	72480	113021	45590	27280	26000	113912	95030	77610	30260	98270	78500	54480	140340	48350	111142	93950	131142	41480	89850	68391	46840	34830	124271	62240	100250	120360	0	54000	101212	129414	
30730	79670	82110	54530	102770	14610	33850	86900	71670	92750	70710	93510	89960	90380	48500	56390	73800	77540	43610	78770	42060	53530	60910	53570	74490	61020	70100	107260	116930	24690	98090	37910	99860	111340	77590	63730	63690	84251	90010	127240	114960	85650	82870	72160	105370	124620	109930	53930	0	56520	78931	
55140	116130	118530	91090	59350	67860	23400	135741	92950	129210	121200	116730	118230	82260	39010	107430	103380	102870	90010	129340	16200	53570	40120	77220	110910	113250	13800	116230	146470	75730	104920	21310	136320	77400	104120	10150	40340	30150	132530	151060	150520	116940	136940	48220	139290	139700	97310	100130	56710	0	32310	
87312	144794	147194	119864	71410	87750	47901	162780	125980	157874	130900	149760	150402	107710	40820	133301	135552	135662	118753	145190	39550	84260	31850	109520	139574	134790	30560	146920	182064	101001	133560	53610	164984	89460	136292	22530	69360	22010	161194	182170	183246	149112	156640	32970	170014	170810	122760	128904	78531	32520	0	

0	                                          Thatcham	0	0	32400	0

1	                                            Woking	643	4275	18875	1286
2	                                        Addlestone	293	14800	27049	586
3	                                         Wokingham	413	16270	27507	826
4	                                       Shaftesbury	738	22931	27138	1476
5	                                          Abingdon	738	2472	9921	1476
6	                                         Wroughton	506	12480	23835	1012
7	                                           Watford	711	5545	18925	1422
8	                                             Alton	689	18271	24890	1378
9	                                             Esher	462	17104	28055	924
10	                                         Towcester	259	10783	24856	518
11	                                         Haslemere	449	13497	22839	898
12	                                         Godalming	589	15427	19542	1178
13	                                            Totton	658	14717	19058	1316
14	                                       Cirencester	614	11831	13872	1228
15	                                      High_Wycombe	331	6298	19792	662
16	                                       Farnborough	760	8844	16296	1520
17	                                           Farnham	512	2508	16150	1024
18	                                  Henley_on_Thames	461	19972	25656	922
19	                                     Milton_Keynes	544	5634	19240	1088
20	                                   Wootton_Bassett	807	12931	23038	1614
21	                                           Andover	639	19186	25769	1278
22	                                          Chalford	722	3908	17897	1444
23	                                       Basingstoke	386	1261	11727	772
24	                                             Egham	393	15820	19432	786
25	                                          Wendover	503	8656	19576	1006
26	                                          Melksham	504	9755	19380	1008
27	                                          Emsworth	710	9584	23938	1420
28	                                           Horsham	757	19443	22462	1514
29	                                       Wallingford	489	4075	11130	978
30	                                           Fareham	385	7264	13736	770
31	                                       Marlborough	286	24745	29566	572
32	                                       Leatherhead	425	5995	18166	850
33	                                   Blandford_Forum	381	4792	19417	762
34	                                              Hale	353	8562	10962	706
35	                                        Chippenham	476	3959	16765	952
36	                                          Amesbury	546	13682	22027	1092
37	                                              Bath	353	10261	24821	706
38	                                          Richmond	508	3559	14970	1016
39	                                       Storrington	141	15127	17128	282
40	                                           Redhill	457	12165	22137	914
41	                                         Guildford	157	23802	28569	314
42	                                   Hemel_Hempstead	320	5373	10616	640
43	                                        Stonehouse	818	4801	10199	1636
44	                                           Dorking	327	11236	21113	654
45	                                           Barnham	206	6810	9663	412
46	                                         Lymington	378	13614	23145	756
47	                                            Marlow	352	14840	21643	704
48	                                             Grove	231	27108	29774	462
49	                                             Calne	491	11797	14883	982
50	                                  Chipping_Sodbury	116	10015	23202	232
