50

6350	3650

20	90

0	93170	91810	79220	72500	61900	33620	75020	38060	58420	80880	99320	34270	95961	53580	75860	17350	87920	52930	71650	39800	10270	22220	67410	64720	36410	70860	21190	78100	96650	98610	71480	79660	72410	19990	83460	60000	47880	80490	86610	49810	76570	43550	96320	71020	54620	55440	14660	78310	97230	65530	
91790	0	94500	23820	36710	68801	101070	19230	56140	35810	14830	43840	84510	99120	46371	57070	76120	112152	44470	43860	113821	94810	87140	80600	44100	66760	116351	112280	31180	28980	153881	143831	18060	76980	111080	78360	72700	51480	64660	158961	46991	19640	86000	71480	116511	95071	81310	105750	22120	170241	81700	
90690	94000	0	107761	113340	130880	82230	87071	80910	86360	95221	134040	60190	172840	107380	132880	91810	177010	99970	118940	127141	81400	69860	24690	114600	104190	162000	107080	71460	119180	190541	158821	102001	145640	105880	17700	38520	99100	35400	174231	100670	97661	51540	29490	162160	143360	38520	100550	77760	184571	26550	
78640	23550	108291	0	17180	50280	93660	22670	48730	29510	12770	28930	82920	79930	31090	35600	63240	88680	28000	23550	98690	82750	79730	90180	24570	50820	100000	98030	40060	19830	138750	128400	5670	55510	96830	92151	77420	35630	76820	143830	30120	12070	84410	86901	100160	78690	84960	91500	32300	155110	89690	
71630	37420	112690	18560	0	34300	88190	30940	45340	27160	25200	29510	80570	68640	19670	22310	56230	75060	20820	8280	86950	75740	74260	89220	9160	41010	86940	88500	46880	30920	127010	116650	19540	41890	87300	96550	75070	28620	79970	132090	23110	20900	82060	95910	87100	65630	82610	81970	41280	143370	87340	
61810	68541	131170	50900	34330	0	86230	58220	50770	48500	56020	49270	81400	43070	26160	19630	48720	49490	35290	28170	61480	66810	72300	106510	27120	28390	56840	69840	70130	58351	95120	90620	51810	16320	68640	115700	92360	35680	99120	105750	32820	51600	90250	115620	57000	35530	97100	63310	68110	117030	104630	
32500	101690	82470	93760	88360	86110	0	83540	44710	65850	90170	115680	24270	125940	70540	97340	38190	119860	67750	88860	67690	23210	14270	58070	81680	58320	102800	48890	74880	112660	127830	99370	90810	100230	47690	74120	50660	63810	71150	114780	65380	85880	32030	86980	102960	86560	45400	42360	82770	125120	56190	
73630	18890	87330	22630	30050	58380	82910	0	37980	17650	11120	50570	67530	96850	35930	51030	57960	104910	28490	37090	99220	76650	68980	68480	34470	48700	106580	94120	18360	40260	144110	129230	17510	70100	92920	71190	58260	33420	54820	144360	31520	10940	69020	65970	106740	85300	66870	87590	10590	155640	69580	
36910	56980	81160	49050	45780	50970	44920	38830	0	21140	45460	73100	37740	90800	28200	55070	21240	95930	25170	46520	68660	39900	30990	56880	39340	24580	86430	57490	40270	67990	126020	100340	46100	65090	56290	67900	42730	21230	51480	115520	22800	41170	41280	70150	86590	67880	48050	50960	41030	126750	55000	
57260	36100	86940	29350	27520	49110	66480	17950	21550	0	24770	54870	54630	89300	23200	47060	41590	95480	15470	33120	82860	60280	52550	63280	28550	32340	93450	77750	21910	48290	130990	112870	25410	62550	76550	70800	49130	17060	54220	128000	16920	20480	56120	70720	93610	72140	56670	71220	19890	139280	61400	
80120	14880	95861	12850	24050	55980	90450	11110	45520	25190	0	40320	78190	91532	34670	45210	64720	99492	30010	31200	102120	84060	76520	78830	31050	52300	104610	99510	28240	30430	142180	132130	7090	64790	98310	79721	68920	37020	64390	147260	33400	5180	79680	74471	104770	83250	77530	92980	19870	158540	79930	
98660	44120	134590	29390	28850	49370	115660	50940	72810	54580	40680	0	107990	65020	46630	33160	83260	86240	48290	29120	106640	102770	101730	116640	36270	64710	101530	112540	67230	18540	143040	135880	33840	53070	111340	118450	102490	56090	104200	151780	50580	40340	109480	112420	101690	80220	110030	106010	60200	163060	114760	
33250	84920	60470	83190	80870	82230	24340	68020	37760	54190	78710	108220	0	122060	63590	90390	34500	119480	60800	81910	68440	23960	12490	36230	74730	54440	102420	49640	55540	102130	128580	100120	79420	96350	48440	52280	30860	56860	50860	115530	58430	74490	9270	65140	102580	86180	22640	43110	63430	125870	34350	
96330	98890	172610	80210	68472	43190	125800	96790	90820	88840	91862	65270	120970	0	66520	49312	87390	24260	75650	62752	81340	103490	111870	147310	64440	68420	51420	100850	110750	82640	93300	94060	84760	27550	99280	158440	133080	76020	139540	114400	73180	87562	130250	158640	54220	44660	137150	94320	107872	125680	145430	
53320	46641	107500	31230	19850	26230	70780	36010	27930	23170	34970	46410	63600	66420	0	28230	37920	72840	9380	18740	72210	57430	56850	83220	11350	21910	74350	69400	44220	48020	112270	101780	31670	39670	68200	91650	69070	12010	75070	117030	7620	30550	68110	91570	74510	53040	74880	62870	42200	128310	81340	
75330	57800	133240	36450	22560	19600	97580	51580	54840	47710	45950	33460	90400	49790	28510	0	61200	56210	35600	16590	79070	80330	83650	109770	21300	40480	71320	87130	67430	42870	109600	106830	40290	23040	85930	117100	95620	38920	100520	123340	35170	41650	95020	116460	71480	50010	101790	80600	61920	134620	107890	
16120	76270	91120	63140	56420	48810	38410	58120	21160	41520	64800	83240	33580	87750	37500	61180	0	85040	36850	55570	48340	20230	24480	66720	48640	21730	70400	36700	61200	80570	102340	80020	63580	62770	35500	82770	53640	31800	68660	95150	33730	60490	42860	87330	70560	53610	54750	30170	61410	105770	64840	
88760	111310	177720	89820	75700	49790	120660	104760	95600	94610	99090	86830	118640	24260	73120	56510	85060	0	82250	69960	65710	97310	108640	152560	71040	71820	30440	93280	116960	96240	70640	73640	93430	34010	90200	164650	138410	81790	145750	93980	79780	94790	127920	164850	31860	34650	140170	86750	114940	105250	150680	
52430	44450	99880	28330	21720	35160	67930	28540	25080	15260	29960	49040	60750	75350	9250	35840	37030	81770	0	23000	75130	56540	54000	76020	15820	24610	82390	71820	36310	45760	119930	105140	28650	48600	70620	83740	61870	9380	67160	120270	3670	25650	64020	83660	82550	61080	69410	65290	34290	131550	74140	
70370	43790	118630	24210	8140	28430	88700	36970	45850	33100	31570	29080	81520	62820	18290	16160	54970	69240	21440	0	82610	74480	74770	95160	7930	36810	81690	84640	52820	35290	122670	112310	25910	36070	83440	102490	81010	29240	85910	127560	23730	27270	84860	101850	81850	60380	88550	78110	47310	138840	93280	
38640	112543	125951	97222	85731	59750	66790	98400	66710	81400	101072	105280	67520	79970	70990	77360	47010	65960	73460	81271	0	43440	55390	101411	76551	50610	44930	32860	103310	113901	60940	33140	97662	65800	28900	117601	93250	68570	114210	48270	70340	96652	76760	130461	42020	36170	88690	26590	101290	58890	99531	
9290	95010	81620	82540	75820	66970	23350	76860	39900	60260	84030	102640	24080	103570	56900	80390	20470	96650	56250	74970	44480	0	11950	57220	68040	40940	79590	25680	74030	99970	104340	76160	82980	78970	24480	73270	49810	51200	70300	91290	53130	79740	33320	86130	79750	63350	45250	19150	80150	101910	55340	
21040	88280	70460	80350	74950	72700	14210	70130	31300	52440	76760	102270	12910	112530	57130	83930	24780	108210	54340	75450	56230	11750	0	46060	68270	44910	91150	37430	62870	99250	116370	87910	77400	86820	36230	62110	38650	50400	59140	103320	51970	72470	22190	74970	91310	74910	34090	30900	70760	113660	44180	
66350	79910	24480	90580	89580	106690	57890	68540	56920	62370	78490	116930	36050	147830	83390	109120	67530	152380	75980	95180	102531	57060	45520	0	90610	80200	137370	82740	52510	105090	162671	134211	85270	120810	81540	16790	14530	75110	17390	149621	76680	79050	27400	29650	137530	118730	14820	76210	60170	159961	2500	
64130	44050	113880	25190	9380	27140	81910	34390	39060	28160	31670	36150	74730	64400	11340	21070	48730	70820	14800	8480	78380	68240	67980	90220	0	32580	79530	80170	48510	37550	118440	108080	26170	37650	78970	97740	76070	22600	81160	123330	17090	27250	78220	97540	79690	58220	83610	73640	44730	134610	88340	
35360	66650	104250	50340	41230	28820	58360	48990	24360	31990	52160	64840	53530	68650	22020	40790	21230	71530	24050	37170	51300	40360	44430	79970	32450	0	64310	48340	53900	67770	97920	81310	50780	42940	47140	91740	65820	19160	75320	96440	20930	47850	62380	93990	64470	43430	70560	41810	51880	107720	78090	
69990	114932	161200	98630	85390	55290	101890	104901	84990	91080	103461	99580	101270	51450	72900	69500	68900	30450	81020	79540	43710	78540	89870	136040	77790	63330	0	72160	113130	109341	42830	44640	100051	48420	68200	152510	121890	78260	136910	64980	77520	99041	110550	155580	3220	21750	123650	65890	111110	76260	134160	
21530	111580	107540	97630	88850	69830	49270	93430	56470	76830	99290	112380	50000	100581	69640	87310	35760	92540	71340	84710	33800	25920	37870	83140	79990	48880	73240	0	96510	115060	93280	65480	98070	79890	5940	99190	75730	66290	96220	80610	68220	94980	59240	112050	72520	59240	71170	7790	96720	91230	81260	
75050	31160	71290	40360	46880	69710	75000	18160	39340	22280	27990	68000	55130	111280	43800	66420	59380	116900	36070	52480	103920	74170	62630	52140	48540	53400	114520	95540	0	55410	152050	133930	34770	83150	94340	55150	42320	38120	38620	149060	37980	28670	56620	52300	114680	93200	50930	89010	9670	160340	53240	
96300	28860	119330	19840	30070	58401	112480	40410	67550	48330	30300	18340	101740	82550	47970	42520	80900	95600	45660	34960	115250	100410	98550	105430	37460	68480	111080	115690	55530	0	152590	144911	24290	62430	114490	103190	96240	53290	89490	160390	47780	30790	103230	97160	111240	89251	103780	109160	46950	171670	106530	
98680	151582	190161	136261	124770	95270	128320	141551	118260	127870	140111	143720	129050	93100	110170	109480	102170	70870	117810	120310	60950	104960	116920	162941	115590	98300	42970	93590	149780	152940	0	33470	136701	89400	89630	181801	154780	115050	170240	39630	114310	135691	138290	205540	40640	60240	150220	87320	147760	56200	161061	
71620	143543	158931	128222	116731	90620	99770	129400	99590	112400	132072	136150	100500	93980	101860	106670	79890	73320	104460	112271	33200	76420	88370	134391	107551	81610	44380	65840	134310	144901	33410	0	128662	88110	61880	150581	126230	99570	147611	23500	101340	127652	109740	163441	41470	57430	121670	59570	132290	35290	132511	
78940	17870	102611	5760	18650	51820	90910	17250	45980	25650	7090	33380	79060	84700	31490	39810	63540	94092	28410	25800	98940	83050	76980	84760	26040	51120	100460	98330	34640	24060	139000	128810	0	59390	97130	86471	73560	35840	71140	144080	30530	6810	80550	81221	100620	79100	81100	91800	26620	155360	85830	
72790	77730	145720	56380	42260	16350	100300	69950	64840	62180	65650	53390	95470	27380	39680	23070	62790	33800	48810	36520	67770	79170	86370	120580	37600	42460	50150	79920	83650	62800	89390	88230	59990	0	78720	131780	106430	49750	113190	108570	46340	61350	104320	131980	50310	31990	111170	73390	80290	119850	118700	
20150	110200	106160	96250	87470	68450	47890	92050	55090	75450	97910	111000	48620	98811	68260	85930	34380	90060	69960	83330	29910	24540	36490	81760	78610	47500	69350	6220	95130	113680	89390	61590	96690	78390	0	97810	74350	64910	94840	76720	66840	93600	57860	110670	68630	57470	69790	6410	95340	87340	79880	
81930	77170	17560	90931	96510	115140	73470	70241	67410	69700	78391	117210	51630	158970	91100	116050	83110	164590	83370	102110	118381	72640	61100	16410	97940	91390	153180	98320	54630	102350	181781	150061	85171	131740	97120	0	30160	83360	18570	165471	84240	80831	42980	13500	153340	134540	31150	91790	60930	175811	18830	
59120	72620	38810	77530	75390	92500	50660	57910	42730	48180	68600	102740	30790	133570	69200	94930	53630	138190	61790	80990	94310	49830	38290	14530	76420	66010	123180	75510	42480	96470	155441	126981	73590	106620	74310	30580	0	60920	22310	142391	62490	68290	24170	40380	123340	104540	13610	68980	51130	152731	12650	
44350	52070	98500	36300	29580	34650	61780	34410	18930	17410	37580	56900	54600	75520	11150	38020	28950	80780	9950	29470	67050	48460	47850	74220	22290	16530	78740	63740	39320	53730	116290	97060	36630	48770	62540	83030	60070	0	66450	112190	6890	33270	59110	82950	78900	57430	65880	57210	37300	123470	72340	
79640	63840	35100	76520	80480	99110	71180	54720	51380	53670	63980	103880	51040	140050	75070	100020	68630	145670	67340	86080	116050	70350	58810	17350	81910	75360	138180	96030	38660	89020	176231	147771	70760	113230	94830	18960	22310	67330	0	163181	68210	65310	42390	20230	138340	119250	30770	89500	45660	173521	18450	
86820	158743	174131	143422	131931	105820	114970	144600	115100	127600	147272	151350	115700	114430	117060	123430	95090	93770	119660	127471	48400	91620	103570	149591	122751	96810	64830	81040	149510	160101	39540	23340	143862	108560	77080	165781	141430	114770	162811	0	116540	142852	124940	181991	61920	77120	136870	74770	147490	20390	147711	
49100	47491	100700	30320	23600	32830	65270	31000	22420	16010	33420	50920	58090	73020	7510	35130	33700	79440	3640	24430	71800	53210	51340	76420	17250	21280	78790	68490	37920	47750	116330	101810	30760	46270	67290	84670	62270	6090	68090	116940	0	29110	62600	84590	78950	57480	69370	61960	35900	128220	74540	
75680	19650	98030	12050	19990	51540	86030	11000	41100	20770	5160	39990	74180	87472	30230	41150	60280	95432	25570	27140	97680	79640	72100	78510	26610	47860	100170	95070	28390	30890	137740	127690	6940	60730	93870	81890	68210	32580	65360	142820	28960	0	75670	76720	100330	78810	75750	88540	21340	154100	79610	
42230	86100	52040	84830	82690	90480	31900	69200	41620	55480	79890	110040	8980	130310	68200	95070	43480	128460	64400	86360	77420	32940	21470	27800	79180	62690	111400	58620	56720	103770	137560	109100	80890	104600	57420	43850	22430	61470	42430	124510	63040	75960	0	56710	111560	95160	14210	52090	64610	134850	25920	
95410	72070	29410	86281	95291	115530	86950	65591	69930	70090	73741	112560	65110	159640	91490	115690	87180	165260	83760	101750	131861	86120	74580	29890	97810	93910	156730	111800	52310	97700	203670	163541	80521	132410	110600	13480	40340	83750	20230	182551	84630	76181	56460	0	156890	138040	44630	105270	56280	189291	32310	
71670	116612	162880	100310	87070	56970	103570	106581	86670	92760	105141	101260	102950	53800	74580	71180	70580	31850	82700	81220	41920	80220	91550	137720	79470	65010	3100	72750	114810	111021	39900	41770	101731	50100	68790	154190	123570	79940	138590	62110	79200	100721	112230	157260	0	23430	125330	66480	112790	73390	135840	
54960	94542	143710	79221	66130	36030	86860	84511	66720	70830	83071	80320	86240	45080	53130	50240	53440	35100	60770	60280	37460	63510	74840	118550	58530	42940	23720	59480	92740	89401	60250	57480	79661	32390	57910	135020	104400	58010	118980	77250	57270	78651	95520	137890	23880	0	107410	52950	90720	88530	116670	
54040	81620	38300	85070	82930	97320	45540	66700	48330	55720	77390	110280	22620	137150	74910	101780	55220	140630	69330	88530	89230	44750	33210	14830	83960	70830	125620	70430	51270	104010	149370	120910	81130	111440	69230	31450	11300	68180	30600	136320	69750	75830	13970	44310	125780	106900	0	63900	60130	146660	12510	
14490	104540	100500	90590	81810	62790	42230	86390	49430	69790	92250	105340	42960	93541	62600	80270	28720	85500	64300	77670	27630	18880	30830	76100	72950	41840	67070	8280	89470	108020	87110	59310	91030	72850	7080	92150	68690	59250	89180	74440	61180	87940	52200	105010	66350	52200	64130	0	89680	85060	74220	
76720	22300	78000	32140	40550	67990	82830	10850	41010	20680	19600	59610	62960	107952	42080	61530	61050	115300	34350	47590	102320	79740	70460	60220	44970	51800	112920	97210	9630	47020	150450	132330	26380	80600	96010	61860	51150	36520	45780	147460	36290	21440	64450	56640	113080	91600	59760	90680	0	158740	61320	
96690	170323	184001	155002	143511	117400	124840	156180	124970	139180	158852	162930	125570	126010	128640	135010	105060	105350	131240	139051	58070	101490	113440	159461	134331	108390	76410	90910	161090	171681	56190	35450	155442	120140	86950	175651	151300	126350	172681	20380	128120	154432	134810	188511	73500	88700	146740	84640	159070	0	157581	
64640	81350	26760	89610	87470	104580	56180	69980	54810	60260	79930	114820	34090	145720	81280	107010	65710	150270	73870	93070	100821	55350	43810	2930	88500	78090	135260	81030	53950	106530	160961	132501	85670	118700	79830	19640	12420	73000	18830	147911	74570	80370	25440	32500	135420	116620	12420	74500	61610	158251	0	

0	                                     Waterlooville	0	0	32400	0

1	                                          Richmond	429	7000	21600	858
2	                                           Seaford	167	7291	19540	334
3	                                       Old_Windsor	453	10456	21693	906
4	                                         Bracknell	417	5144	9351	834
5	                                            Tadley	628	16691	24140	1256
6	                                            Selsey	262	7308	18663	524
7	                                            Cobham	137	10700	24080	274
8	                                         Haslemere	552	9077	15696	1104
9	                                         Guildford	503	9800	20751	1006
10	                                        Shepperton	115	6400	20473	230
11	                                      High_Wycombe	241	17884	27226	482
12	                                           Barnham	660	17181	21296	1320
13	                                         Hartshill	788	7625	11966	1576
14	                                             Fleet	276	10627	12668	552
15	                                           Reading	201	15285	28779	402
16	                                       Petersfield	558	7075	14527	1116
17	                                       Marlborough	638	9132	22774	1276
18	                                       Farnborough	177	10755	16439	354
19	                                         Wokingham	506	13659	27265	1012
20	                                            Totton	743	13984	24091	1486
21	                                          Emsworth	180	1229	7812	360
22	                                        Chichester	134	14778	28767	268
23	                                              Hove	214	9292	19758	428
24	                                        Crowthorne	334	23686	27298	668
25	                                             Alton	147	7692	18612	294
26	                                           Bulford	447	2874	12499	894
27	                                           Gosport	371	1287	15641	742
28	                                           Dorking	472	15870	18889	944
29	                              Chalfont_Saint_Peter	191	10210	17265	382
30	                                       Shaftesbury	513	16671	23143	1026
31	                                           Verwood	428	10809	15630	856
32	                                           Staines	265	13131	25302	530
33	                                          Thatcham	822	11658	26283	1644
34	                                 Lee-on-the-Solent	683	7381	9781	1366
35	                                             Lewes	165	4751	17557	330
36	                                          Steyning	641	12284	20629	1282
37	                                              Hale	391	11160	25720	782
38	                                      Burgess_Hill	489	14310	25721	978
39	                                             Poole	464	16535	18536	928
40	                                         Aldershot	297	13879	23851	594
41	                                          Chertsey	426	4207	8974	852
42	                                     Littlehampton	262	12800	18043	524
43	                                          Uckfield	480	17706	23104	960
44	                                          Amesbury	307	16682	26559	614
45	                                           Andover	651	24792	27645	1302
46	                                          Worthing	687	17993	27524	1374
47	                                           Fareham	761	21346	28149	1522
48	                                       Leatherhead	372	20830	23496	744
49	                                           Swanage	750	11981	15067	1500
50	                                         Portslade	111	8142	21329	222
