50

6350	3650

20	90

0	56420	6740	81140	50230	79690	63150	44500	64950	80490	42100	83680	66760	86730	47560	60700	27930	37800	67120	83360	71700	13370	46500	47000	68280	61760	42440	94150	49580	95690	68060	75310	6000	98960	33730	96790	30060	23090	67220	51950	63770	59270	82970	36800	20050	23330	68440	66870	73580	76880	57600	
55780	0	55330	74290	57040	129640	24770	92940	17040	26110	24260	32860	25420	78390	39810	39330	38210	86240	27860	53870	64470	43700	92840	10670	40850	59191	35460	39770	21490	117550	116500	35290	60920	55300	25630	118540	78500	40930	16150	25100	24300	11590	75690	85240	37500	51170	64180	45860	61060	25270	50370	
6940	55530	0	85620	54710	85810	64040	50620	64060	79600	44580	78630	67440	91210	51440	55650	31810	43920	62070	87240	66650	16710	52620	45650	72160	66240	37390	93260	50700	101810	74180	70260	11200	99850	31440	102910	36180	18090	66330	55830	58720	58380	87450	42920	20920	27810	72920	70750	78060	71900	52550	
79430	74030	84670	0	35950	120640	59270	84570	68520	91810	57951	104690	63130	9620	38450	111300	55800	77870	99830	40390	125051	70730	64390	76041	38730	20550	92711	103160	59651	46290	108790	107260	79430	87430	71281	44730	67120	80970	76120	53840	96270	68210	5250	72650	69990	59460	13630	34390	16480	97100	110951	
49010	57850	54250	35790	0	92380	50980	57000	55350	76780	36160	88510	56430	42740	23170	85550	28250	50300	81600	51780	99050	40780	48610	54980	37820	17870	66800	90260	40210	64580	80560	90540	50310	85220	45370	65680	39550	53030	62950	37340	77480	53180	38890	46280	42050	28980	24550	35290	32220	80920	84950	
79940	127990	85650	121920	92830	0	126541	36020	131031	149650	105840	156750	132111	130220	105060	139700	92120	42380	146850	141020	150700	92310	61780	119470	125940	107500	121350	164940	111600	124150	12250	155390	77550	163051	109240	126140	54260	102000	136000	113021	142730	127390	126090	49220	98230	83700	115170	124530	123070	149160	136510	
61960	23970	63540	59630	50080	127251	0	90551	12360	36090	24400	51320	9100	62650	31690	61240	38960	83851	49450	34910	83410	50750	90471	28050	22780	46800	52180	46830	17060	104950	114111	56880	67910	39060	38080	103880	76111	53380	20240	16390	45890	15440	60380	82851	45450	51460	49620	27790	45860	44580	69310	
44380	92340	50090	84490	56640	35890	90891	0	95381	114000	70190	121100	96461	92790	69410	104050	56560	6730	110470	104630	115050	56750	33710	83820	89060	71290	85790	129290	75950	92580	24260	118660	41990	125091	73680	94570	19640	66440	100350	77371	107080	91740	88660	17110	62670	48140	77880	87640	85640	113510	100950	
64480	16990	64290	68900	54670	131841	10500	95141	0	23850	27630	39060	8780	71930	37440	53710	42240	88441	39480	41980	79440	52400	95061	25640	32060	55300	50430	35150	20770	114220	118701	46910	69620	38360	37740	113150	80701	53040	8000	22730	35920	5990	69660	87441	46200	55220	58790	37070	55140	32320	65340	
79850	26090	79400	91990	76070	151410	34250	114710	23850	0	45680	21420	31270	95680	58840	42800	59980	108010	29150	64390	73330	67770	114610	34740	55810	78221	49890	17970	42170	136580	138270	31210	84990	47290	49700	136240	100270	65000	15940	44130	27550	24330	93390	107010	61570	72960	81880	60820	78760	14950	59230	
41320	24230	44660	57791	36270	107180	24900	70480	27040	45670	0	54620	28510	63381	20840	55080	15750	63780	46430	52390	74601	30080	70380	19810	37280	39861	42190	59330	10040	97990	94040	55370	47270	60710	23060	99090	56040	36060	32020	16720	42310	22540	59621	62780	26570	29140	45091	39580	48880	47030	60501	
83380	32750	78290	104810	87560	158310	49410	121610	39010	21440	54780	0	47690	108910	70330	31430	66360	114910	19970	80890	64670	71530	121510	37880	70970	89711	42810	31561	52010	148070	145170	17890	87940	60881	53460	149060	107170	65510	34580	55620	20330	39060	106210	113910	65330	79310	94700	75980	91580	7620	50570	
66110	25500	67380	63130	55210	132381	6740	95681	8980	31320	28550	47950	0	66150	37260	62390	43110	88981	48160	34100	87250	54900	95601	31890	26280	52020	56020	41360	21310	108450	119241	55590	72060	33990	41920	107380	81241	57220	15470	22280	44600	14490	63880	87981	49290	56070	53120	31290	49360	41210	73150	
85140	78220	90380	9410	42590	128720	62360	92650	72320	96000	63661	108880	66220	0	44160	115490	61510	85950	104020	37760	130761	76440	72570	80680	41750	26260	98421	106250	64320	48260	116870	111450	87510	84800	76991	46700	75200	86680	80200	58030	100460	72400	5080	80830	75700	65170	19340	36050	18660	101290	116661	
46470	39590	51380	38520	22130	105370	31770	69220	37090	58520	20630	70250	37150	44110	0	73630	20300	62520	64980	35940	89720	35230	63070	38360	20860	21670	57380	72000	21970	80480	92780	72820	52420	65010	35950	81580	52510	45470	44690	18340	60860	34920	40350	59240	34490	31090	26660	19450	28620	62660	75620	
60120	39080	55030	111331	85560	140800	61820	104100	53730	42870	55620	31590	62410	115440	74380	0	59090	97400	16390	90920	35680	54490	106100	36290	77900	93401	22510	59260	53450	145600	127660	15520	64680	88580	40500	146700	89660	46520	49580	59670	18930	48630	112740	96400	50870	65790	98631	82910	98110	28210	24080	
27150	37930	32060	56040	28470	92440	39690	57250	41830	59590	15780	66310	43300	61630	20660	59070	0	50550	56410	56460	72570	15910	57150	29030	41380	37240	40320	73250	23260	88510	80810	65350	33100	74830	18890	89610	42810	26150	45940	25630	52290	37330	57870	49550	15170	14970	43651	39970	48420	58720	58470	
38450	86410	44160	78560	50710	42670	84961	7130	89451	108070	64260	115170	90531	86860	63480	98120	50630	0	104540	98700	109120	50820	30900	77890	83120	65360	79860	123360	70020	89400	31040	112730	36060	119161	67750	91390	15540	60510	94420	71441	101150	85810	82730	13930	56740	42210	71950	81710	79710	107580	95020	
66910	27940	61820	100130	82530	148510	49250	110890	39470	29430	47090	19920	48150	104230	65650	16400	56560	104190	0	79710	47830	55760	111710	27760	66690	85031	26340	45820	44920	143070	135370	11730	71470	75140	39160	144170	96450	49040	35320	50940	8030	35340	101530	103190	51760	66430	90020	71700	86900	15310	33730	
82140	53790	87050	40410	51550	140730	33820	104660	42200	64430	52280	81100	34090	37670	35800	91060	55970	97960	79590	0	112990	70900	95230	57630	17090	39690	81760	72890	43610	83870	128880	87020	88090	47980	67390	82310	87210	81140	48580	38790	76030	46820	37970	93940	70160	66710	37910	17750	30000	74360	98890	
72010	64290	66920	125441	99670	152690	84030	115990	79290	73530	75450	64890	87350	131031	89800	35331	73200	109290	47860	112950	0	68600	117990	56540	99930	107511	35580	90250	73331	159710	139550	49661	76570	117990	54610	160810	101550	58410	76690	79551	46580	73840	127271	108290	64980	79900	112741	104421	117840	59410	17540	
12470	43590	16760	70860	41210	92110	51110	56920	52120	67660	30020	71640	54720	76450	35480	54880	15850	50220	55870	71280	68380	0	58920	34170	56200	52060	36410	81320	37500	97570	80480	64100	18420	86920	21080	98670	42480	13940	54390	39870	52520	46440	72690	49220	7060	14310	58471	54790	63240	64050	54280	
47000	93170	52710	64460	48570	61610	90970	33900	95340	114830	71020	121930	96420	72920	63380	106670	57390	30070	112030	95250	117670	59370	0	84650	83020	55430	88410	129360	76540	64060	51200	120970	44610	125740	74510	66050	17980	69060	101180	77330	107910	92570	68630	17310	63770	49260	59210	81590	70800	114340	103570	
46310	10730	45860	76501	55400	121010	28590	84310	25730	34800	20430	38050	31990	81120	39190	36290	29060	77610	27640	57510	56380	34230	84210	0	44490	58571	25050	48460	18260	115570	107870	36580	51450	63990	16160	116670	69870	31460	24840	24480	23520	20270	78331	76610	28030	42010	63801	49350	63790	30460	42280	
67290	40810	72200	38620	37840	125650	22410	89150	32370	56100	37370	71340	26270	41490	20950	78080	41120	82440	66610	17100	99871	56050	82690	44650	0	29950	67920	66300	28720	83940	113800	74040	73240	53410	52610	82870	72130	65410	40250	22490	63050	33840	39220	78860	54910	51860	28610	6630	24700	63880	85771	
60200	59371	65440	20620	17650	106820	46730	71410	54960	78250	40051	90031	52110	26210	21710	93411	36970	64710	84761	39810	107151	51900	55560	58141	30090	0	74811	89870	41751	60270	94970	92601	64410	79670	53381	61370	53960	62140	62560	38861	80641	54650	22450	60690	51160	40230	7250	26160	17830	82441	93051	
42180	35340	37090	92651	67010	121350	52820	86160	50340	49260	42600	42890	56220	98241	57010	22200	40540	79460	26330	81740	35370	36190	88160	24940	68280	74721	0	66670	40990	127050	109720	34550	46740	88600	21500	128150	71720	26350	49450	47210	22980	44830	94481	78460	32570	47490	79951	72080	85050	36160	21270	
93560	39800	93110	103060	89070	165120	44850	128420	35240	17970	59390	31561	41390	106080	71840	59190	73690	121720	45540	72800	90070	81480	128320	48450	66210	89700	66530	0	55170	148380	151980	47500	99690	38990	63410	147310	113980	78710	29280	57130	43940	38040	103810	120720	75280	86670	93050	71220	89290	31340	75620	
48510	21330	50380	59431	39350	113120	17520	76420	20470	41900	9660	51990	21550	64410	22120	52880	23260	69720	44230	43600	72401	37300	75970	17610	28840	41501	40450	55380	0	99860	99980	53170	54460	53330	25140	100960	61980	40440	28070	7770	40110	18300	61261	68720	32290	35250	46731	32640	47080	44400	58301	
95790	117350	101500	46220	64460	123990	104490	92860	113740	136280	97680	148010	108350	48190	80480	145320	88020	88810	142660	83790	158820	97380	64080	115280	83950	60040	126570	148380	99730	0	112850	150580	93400	130830	105140	3230	76200	109630	121340	96840	138540	112680	47780	75900	98650	84140	56680	80020	62160	140420	144720	
68070	116030	73780	109400	80330	11910	114581	24120	119071	137690	93880	144790	120151	117700	93100	127740	80250	30480	134890	129060	138740	80440	51520	107510	113980	94980	109480	152980	99640	112820	0	143430	65680	148781	97370	114810	42390	90130	124040	101061	130770	115430	113570	37350	86360	71830	102650	112570	110550	137200	124640	
74730	35260	69640	107450	90200	157060	56570	118710	46790	31540	55910	18200	55470	111550	72970	15530	65380	112010	11710	87030	50010	63990	120530	36580	74010	92351	34570	47440	53740	150710	143920	0	79290	77171	47390	151700	104270	57270	42640	58260	16090	42660	108850	111010	59990	74660	97340	79020	94220	16740	38690	
6400	60660	10980	79660	49830	77670	68550	42480	69190	84730	47500	87920	72160	87960	52960	64940	33330	35780	71360	88760	75940	18770	44480	51240	73680	64480	46680	98390	54980	93670	66040	79550	0	104360	37970	94770	28040	27330	71460	57350	68010	63510	83830	34780	25450	28730	71160	72270	78620	81120	61840	
98400	55150	100010	87510	84800	162221	36450	125261	38300	47220	60840	60811	33990	84770	65050	88440	74520	118561	74790	48000	117680	87190	125181	63800	53430	79600	88590	39100	53500	130970	148821	76781	104350	0	74520	129410	110821	89950	40760	52340	72290	44150	85070	117561	81890	86510	80320	58490	76560	60590	103010	
33230	25770	31140	71141	45500	109470	38690	74280	38320	49840	23010	53820	42090	76731	35500	40520	19030	67580	39210	67470	54300	21150	74180	16350	52870	53211	21430	63500	25580	105540	97840	47440	38370	74500	0	106640	59840	16740	39880	31800	35860	32640	72971	66580	14950	29350	58441	54810	63540	46230	40200	
97190	118150	102900	44660	65860	126130	103390	95000	112640	135930	99080	148810	107250	46630	81880	146720	89420	90950	143950	82230	160220	98780	66220	116680	82850	61090	127970	147280	101130	3230	114990	151380	94800	129270	106540	0	78340	111030	120240	97960	139940	112330	46220	78040	100050	85540	56540	78510	60600	141220	146120	
30460	78280	36170	67150	39300	53720	76831	19910	81321	99940	56130	107040	82401	75450	52380	90130	42500	14860	96550	87100	101130	42830	17880	69760	72020	53950	71870	114470	61890	76000	42090	104740	28070	111031	59620	77990	0	52520	86290	63311	93020	77680	71320	8780	48610	34080	60540	70610	68300	99450	87030	
22650	42120	17560	81250	53680	101820	55180	66630	54670	66190	35940	66120	58580	86840	45870	46800	26240	59930	49560	80900	57990	13940	68630	32220	64550	62450	26480	79850	42060	110260	90190	57790	27210	90990	18010	111360	52190	0	56230	47290	46210	48990	83080	58930	12300	27000	68821	65180	73630	59390	43890	
67550	16160	67360	76450	62060	138120	18390	101420	7990	15930	32390	34530	15410	79820	44830	49600	46690	94720	35370	48530	76630	55470	101320	24810	39950	62850	49600	29220	28160	121770	124980	42800	72690	40780	39770	120700	86980	55070	0	30120	31810	11130	77550	93720	49270	59670	66340	44960	63030	27790	62530	
51190	25000	56100	53940	36450	113621	16420	76921	22500	43930	16340	55660	22340	58040	18330	59320	25620	70221	50670	38820	78841	39950	76841	24050	22470	38601	46890	57410	7690	96960	100481	58230	57140	52100	31580	98060	62481	46880	30100	0	46550	20330	55340	69221	37380	37610	43830	26270	40710	48070	64741	
63680	24500	58590	96690	78330	144310	45810	107610	36030	27560	42890	20350	44710	100790	61650	18740	52360	100910	7950	76270	46570	52530	107510	23560	63250	81031	23110	43950	40720	138870	131170	16170	68240	72470	35930	139970	93170	45810	31880	46940	0	31900	98090	99910	48530	63200	86261	68260	83460	13440	32470	
58940	11420	58750	68250	52330	128940	14400	92240	6090	24170	22640	38830	14470	72350	35100	48730	37510	85540	35290	46750	73870	46860	92140	20070	33730	54481	44860	37830	18430	112840	115800	42720	64080	44350	32200	112500	77800	47500	10640	20390	31730	0	69650	84540	40660	50490	58140	38740	55020	32090	59770	
81270	75290	86510	4940	38440	124310	59840	88240	69780	93070	59791	105950	63700	5710	40290	112560	57640	81540	101090	38290	126891	72570	68160	77750	39230	22390	94551	103730	61390	48130	112460	108520	83100	85330	73121	46570	70790	82810	77380	55100	97530	69470	0	76420	71830	61300	15470	33530	15730	98360	112791	
37070	84890	42780	72570	46170	48920	83441	17300	87931	106550	62740	113650	89011	81030	59250	96740	49110	13250	103160	94160	107740	49440	17350	76370	78890	60820	78480	121840	68500	75810	37290	111350	34680	117641	66230	77800	8760	59130	92900	69921	99630	84290	76740	0	55220	40690	67320	77480	75170	106060	93640	
19460	37450	21290	70200	42630	99090	45960	63900	45980	61520	26500	65500	49360	75790	34530	51190	15190	57200	51870	70330	64690	7380	64250	28030	54600	51400	32720	75180	32620	99210	87460	60100	25410	81770	14940	100310	49460	12700	48250	37340	48520	40300	72030	56200	0	15950	57521	53840	62570	57910	50590	
22750	51280	27990	60180	28720	83970	51680	48780	55220	72950	29450	79490	56300	65770	31020	66050	15360	42080	66460	66820	79550	14520	49130	42210	51740	40800	47580	86610	35210	84090	72340	74690	28700	86450	29530	85190	34340	26770	59300	37580	63110	50770	62010	41080	15790	0	47480	50330	52620	71900	65450	
66790	63930	72030	13690	24240	114070	49270	78000	58420	81710	45311	94590	53130	19280	26650	98671	43161	71300	89730	38170	112411	58091	59230	63401	28730	7240	80071	93160	47011	56770	102220	97160	71000	80350	58641	56670	60550	68331	66020	43740	85901	58110	15520	67280	57351	46820	0	24800	12020	87000	98311	
65670	45670	70580	34560	35080	124030	27270	87520	37230	60960	39810	76200	31130	35820	19330	82940	39500	80820	71470	17760	103511	54430	81070	48720	6660	26050	71560	71160	32360	80040	112180	78900	71620	58350	55150	78810	70510	64670	45110	26130	67910	38700	33550	77240	53690	50240	24710	0	19030	68740	89411	
72350	60690	77590	16660	32220	122050	45350	85980	55180	78470	48950	91350	49210	18460	28460	97960	48290	79280	86490	30020	117850	63220	70840	63150	24740	17800	85510	89240	46790	62470	110200	93920	78300	76430	64080	60910	68530	73460	62780	40500	82930	54870	15760	75260	62480	52380	12040	19040	0	83760	103750	
76060	25200	71450	97260	80010	150760	42640	114060	32240	14950	47230	7670	40920	101360	62780	28080	58810	107360	15090	74120	59160	63980	113960	30330	63820	82161	35970	31340	44460	140520	137620	16490	81100	60660	45910	141510	99620	58670	27810	48070	13490	32290	98660	106360	57780	71760	87150	68830	84030	0	45060	
57840	50120	52750	111271	85500	137010	69860	101820	65120	59360	61280	50720	73180	116861	75630	24080	59030	95120	33690	98780	17370	54430	103820	42370	85760	93341	21410	75750	59161	145540	125380	38690	62400	103110	40440	146640	87380	44240	62520	65381	32410	59670	113101	94120	50810	65730	98571	90251	103670	45240	0	

0	                                         Liverpool	0	0	32400	0

1	                                              Bury	718	13172	27772	1436
2	                                        Litherland	328	18293	30542	656
3	                              Newcastle_under_Lyme	335	4129	15366	670
4	                                          Winsford	541	17717	21924	1082
5	                                        Colwyn_Bay	168	12738	20187	336
6	                                            Denton	123	16830	28185	246
7	                                          Holywell	723	10818	24198	1446
8	                                            Oldham	622	11029	17648	1244
9	                                         Todmorden	188	9543	20494	376
10	                                             Irlam	807	13102	27175	1614
11	                                            Nelson	369	12661	22003	738
12	                                       Stalybridge	279	14713	18828	558
13	                                           Longton	782	5692	10033	1564
14	                                         Knutsford	197	22846	24887	394
15	                                         Longridge	356	2766	16260	712
16	                                        Warrington	632	17895	25347	1264
17	                                             Flint	672	15752	29394	1344
18	                                     Great_Harwood	784	21829	27513	1568
19	                                            Buxton	128	6030	19636	256
20	                                         Blackpool	390	12815	22922	780
21	                                           Prescot	390	11874	18457	780
22	                                            Brymbo	304	4821	18810	608
23	                                            Bolton	263	7102	17568	526
24	                                        Bollington	558	19266	22878	1116
25	                                          Sandbach	631	10192	21112	1262
26	                                           Leyland	122	11048	20673	244
27	                                        Queensbury	543	3847	18201	1086
28	                                           Urmston	441	17662	20681	882
29	                                        Wellington	383	7131	14186	766
30	                                          Abergele	372	3393	9865	744
31	                                         Clitheroe	568	3879	8700	1136
32	                                        Birkenhead	746	10832	23003	1492
33	                                         Penistone	825	12037	26662	1650
34	                                Ince-in-Makerfield	425	15852	18252	850
35	                                            Hadley	603	3878	16684	1206
36	                                          Hawarden	503	9728	18073	1006
37	                                      Skelmersdale	149	14040	28600	298
38	                                           Milnrow	164	4094	15505	328
39	                                              Sale	341	6517	8518	682
40	                                           Rishton	459	9897	19869	918
41	                                         Middleton	611	15305	20072	1222
42	                                    Stoke-on-Trent	222	9008	14251	444
43	                                       Yr_Wyddgrug	315	9451	14849	630
44	                                      Saint_Helens	534	18274	28151	1068
45	                                           Runcorn	246	17554	20407	492
46	                                           Alsager	129	9965	19496	258
47	                                      Macclesfield	715	10960	17763	1430
48	                                          Biddulph	809	9995	12661	1618
49	                                           Burnley	786	22947	26033	1572
50	                                        Freckleton	675	10385	23572	1350
