50

6350	3650

20	90

0	90980	45570	44570	77910	86330	71551	47040	40860	53220	84430	92640	34890	69261	10570	75240	79090	70550	55060	51860	38420	54400	92960	34170	91980	70690	83100	44920	95490	67770	70821	62140	63520	54030	50820	60231	59860	74980	29950	90800	95010	25320	18490	85991	28740	98371	19610	94490	76751	59651	80650	
91020	0	91590	51230	100580	32660	82890	44650	55620	51330	50030	20690	60020	80600	90790	38800	94210	53530	104970	51860	129380	64350	111930	113260	180592	105070	61430	53770	185632	90170	72070	95180	59450	78330	44500	75030	63670	29460	82520	177112	18090	82170	72210	90440	76200	101620	80110	108740	73780	68730	90110	
45570	91560	0	64380	32340	101880	33610	60860	61000	73570	55810	106100	56750	31320	35880	93610	111260	43020	18130	72210	72390	29210	49890	31590	121440	27550	51420	66950	118470	23590	34720	16570	34680	15030	70630	24330	29790	90010	21270	127180	108470	24330	44210	50180	26950	61570	53970	50560	42170	27280	41650	
44800	51150	64230	0	92760	42380	78330	11320	5910	10140	69090	49620	11510	76040	45730	31290	55290	58990	79101	8780	79350	54080	109360	68420	130362	90200	73780	3980	135402	80060	69500	80800	54600	65650	6870	65100	57150	31480	43610	126882	52230	41850	25990	90250	37760	102630	29880	106170	74240	62080	87540	
77490	100670	31920	92830	0	123600	23670	85660	89450	102020	57470	119090	86710	22800	67800	118690	143420	49520	24680	100660	94380	42020	20320	49860	131400	9270	49550	95400	126670	16080	30710	15540	43600	28440	96430	28200	39290	111870	52880	145800	118510	56250	76130	34670	57081	41910	85890	21080	31870	34860	21840	
86270	32510	102750	42550	123510	0	104430	43090	47440	39090	75830	14270	53540	102140	87200	14370	67160	75070	117621	40280	118860	85450	135160	109890	169872	126170	85140	45050	174912	111660	93610	116280	80990	99430	35580	96130	84770	13940	82940	166392	19160	82290	67460	113680	76430	127730	70590	131970	95320	89830	113040	
71641	82930	33560	78540	23630	104500	0	70910	75160	87730	39730	101350	72420	2990	63090	102420	130850	31780	37210	86370	102570	27730	34450	63360	145210	31950	31830	81110	142240	15920	12340	22600	25950	19280	81680	13680	23210	95600	43600	156940	100770	47071	67411	20320	45291	32700	78271	31260	15660	19140	13680	
47470	44970	60810	11320	85630	43330	70910	0	12040	19330	59550	47560	16310	68620	47540	33540	65520	49990	75681	18550	85830	46950	100360	70010	138262	85880	64780	14390	142900	73360	60500	75990	45600	58950	11090	57970	48150	31470	41000	134782	49930	40460	28660	81250	34490	93630	37370	97170	65240	53210	78540	
41130	55950	60880	5870	89410	47630	74980	12060	0	14630	70600	54420	6520	72690	42060	36540	56150	57320	75751	13270	76890	50730	106320	65070	127902	86850	72110	7510	132942	76710	67830	77450	52930	62300	12120	61750	55480	36280	40260	124422	57030	38500	22320	88580	34410	100960	27420	103130	72570	58730	85450	
53600	50990	73470	10190	102000	39030	87570	19340	14760	0	73470	46850	20020	85280	54580	25450	47010	67960	88341	3250	83650	63320	118330	77660	134662	99440	82640	9490	139702	89300	78470	90040	63570	74890	9290	74340	66120	28710	52850	131182	49030	51090	34840	99220	47000	111600	35380	115140	83210	71180	96510	
83760	50020	56100	68850	57430	75770	39740	58820	70460	73570	0	70390	70600	37450	78430	76150	120660	16200	67810	74100	118250	30100	67920	86680	172190	63050	12190	71920	173210	47020	28920	53200	21220	41410	66040	33840	26160	67860	58030	172100	67860	60640	74320	41200	55660	54910	86140	64730	28720	30310	46100	
92880	20760	106950	49440	118860	14250	101170	47850	54050	47390	70400	0	60150	98880	92650	26790	80230	71810	121821	48010	127660	82630	130510	115120	179002	123350	81800	51980	184042	108450	90350	113460	77730	96610	42710	93310	81950	20330	87140	175522	5580	86600	74070	109030	80630	122830	78520	127320	92060	87010	108390	
35190	60510	56400	11540	86241	53810	71990	16490	6550	19930	70740	60600	0	69700	36120	42720	60270	55560	71271	18570	72100	47740	103300	60540	123112	82370	70350	11630	128152	72711	66070	72970	51170	58151	18300	58760	53200	42460	35780	119632	63210	34020	16380	86590	29930	99200	21960	99831	70810	55740	82460	
69351	80730	31270	76250	22800	102300	2990	68620	72870	85440	37530	99150	70130	0	60800	100130	128560	29580	34920	84080	100280	25440	35000	61070	142920	29660	30400	78820	139950	13630	12110	20310	23660	16990	79390	11390	20920	93310	41310	154650	98570	44781	65121	20870	43001	33250	75981	31810	16210	16850	14230	
10730	91490	35990	45800	68330	87560	63110	47850	42150	54510	78160	92940	36180	60820	0	76470	84930	64770	45370	53150	45550	48130	83270	28060	99110	61000	76770	46210	102620	58270	63280	52560	57250	44530	52050	52941	53590	76210	22090	98470	95310	17680	19870	78701	22960	91070	24300	84800	69210	52110	71150	
75170	38720	93870	31720	118580	14310	102310	33440	37000	25450	76250	26730	43100	100020	76760	0	56140	75490	108741	28440	105220	80010	133420	99450	156232	119350	85560	34140	161272	106440	91900	109050	77000	92010	24750	90910	79550	11040	74060	152752	31620	72640	57020	112650	67550	126690	56950	130230	95740	84610	109940	
79620	94020	111580	55490	144230	66680	129980	65630	56260	47400	122540	79770	60390	127690	85060	56360	0	112290	126611	50390	106940	105700	161580	112140	147720	137860	127080	53210	160530	131490	122800	128310	107900	117270	56020	116720	110450	66670	92570	142790	84660	89460	67990	143550	89160	155930	61400	158390	127540	113700	140710	
70270	53560	43210	58950	49380	75130	31690	50080	57270	67950	16170	71980	55420	29400	64990	75510	112120	0	55230	66780	105350	17200	60730	73780	158910	55000	17060	61980	159890	38970	20870	45150	8400	28590	60850	24940	13340	67220	45130	158820	71400	47740	59140	39960	42130	53670	70960	57540	22820	18760	38910	
54710	104810	18110	79241	24740	116741	37190	75721	75861	88431	67640	120961	71611	34900	45020	108471	126121	54850	0	87071	71010	43310	39220	26490	108340	16740	60650	81811	105370	21820	42360	15560	46510	26610	85491	35730	41620	104871	36131	122430	122650	39191	59071	52610	41811	61740	68690	40750	48420	39110	41820	
52130	51520	71950	8670	100480	40150	86050	18490	13240	3250	74000	47880	18500	83760	53060	28120	50000	66710	86821	0	82500	61800	117080	76140	133512	97920	81500	7970	138552	87780	77220	88520	62320	73370	9670	72820	64870	29740	51330	130032	50180	49570	33320	97970	45480	110350	34200	113890	81960	69800	95260	
38500	129340	72270	79120	94680	118610	102590	85400	76700	83810	118270	127710	72020	100300	45440	105030	106350	105310	70930	83000	0	88240	108830	48990	55640	86560	116740	78240	60180	92370	103250	86110	97360	84010	85880	92690	93700	109350	62200	56480	130140	57790	56850	118450	63530	130560	50710	110360	109180	92080	110630	
53750	64320	29490	54040	42050	85450	27620	46870	50660	63230	30170	82740	47920	25330	48420	79620	105510	17210	43540	61870	88240	0	58830	57920	141800	43740	29140	56610	144800	29910	20140	33850	9260	16900	57640	14390	6990	73580	28020	141710	82160	30630	45890	40900	25650	53270	57900	55640	25290	11370	38090	
92130	111920	49260	109350	20260	135150	34410	100480	106550	118350	68280	130640	103711	34960	82440	133230	161570	60770	39390	117180	108430	58710	0	63910	143020	22980	58670	112380	136281	35560	41330	32880	55030	45130	111250	44830	53680	125880	69570	161830	130060	73030	92910	35150	73771	32570	104040	6690	40990	50350	22980	
34470	113140	31580	68080	50270	109840	63330	70130	64700	77270	86600	115220	60450	61040	27470	98750	111590	73640	26520	75910	49160	57850	64420	0	96330	42150	83000	70500	93360	47960	66300	41700	65640	46610	74330	55910	60780	98490	32370	102650	117590	31330	44160	78750	37410	87880	50530	65950	73750	58460	67960	
92120	180870	121330	130280	131250	169770	144870	138190	127860	134970	172270	179270	123180	142580	99060	156190	147870	158930	108060	134160	55460	141860	143230	96310	0	123130	168950	129400	27590	129500	150040	123240	150980	134030	137040	143150	147320	160510	115820	21410	181700	111410	110300	160290	117150	169790	101870	144760	156100	145700	149500	
69940	105220	27560	90360	9300	125660	32180	86040	86980	99630	63250	123640	82730	29890	60250	119200	137480	55200	16670	98270	86240	43780	23110	41720	123260	0	56120	92930	119690	17190	37830	12830	46860	27350	96610	31900	41970	113790	47250	137660	123060	50310	70190	43520	52930	48530	79950	24640	40720	38520	30690	
82560	61400	51210	73740	49070	85170	31960	64870	72060	82720	12130	81770	70210	30070	76900	85550	126910	17070	60430	81570	116720	28990	58230	82800	168920	55670	0	76770	165950	39640	21060	45820	20110	36530	75190	27610	23890	77260	55950	170570	79240	59110	73930	30920	54460	44630	85750	55040	19030	25080	36410	
45650	53610	66850	3950	95380	44840	80950	14350	7890	9270	72120	52080	12020	78660	46580	33620	53030	61990	81721	7910	78890	56700	112290	71000	129902	92820	76780	0	134942	82680	72500	83420	57600	68270	9330	67720	60150	33940	46230	126422	54690	44470	26840	93250	40380	105630	29420	109100	77240	64700	90540	
95920	186240	118420	135650	126560	175140	141960	142820	133230	140340	173010	184640	128550	139670	102860	161560	160530	159360	105150	139530	60340	144690	136591	93400	27580	119570	166040	134770	0	126590	147130	120330	151020	131120	142410	140240	146130	165880	119100	47970	187070	114690	114270	157380	120430	163750	107240	139771	153190	143620	146590	
67770	90240	23650	80090	16090	111370	15930	73290	76710	89280	47070	108660	73501	13640	58320	106240	131050	39120	21920	87920	92590	29650	36000	48070	129920	16970	39940	82660	126950	0	21650	7310	31810	14710	84060	15830	26920	99500	38950	144010	108080	43440	63920	30970	43561	40100	74780	33170	27600	22490	20180	
69450	70590	33860	68020	31050	92160	12770	59150	66340	77020	27390	89010	64490	11400	62080	90660	121190	19440	41760	75850	101900	18810	41500	65450	149760	37000	20000	71050	146790	20970	0	27150	13700	19220	69920	10230	12350	83840	41130	155770	88430	44290	62720	22390	41440	34770	74730	38310	8690	10640	19680	
62120	94950	16550	80930	15770	115390	22390	75770	77550	90120	52980	113370	73300	20100	52430	108520	127810	44930	15680	88760	86350	33510	33320	41830	123680	12670	45850	83500	120710	7020	27560	0	36590	17080	86540	21630	31700	103520	37820	137770	112790	40880	60760	37810	43500	46940	70520	33990	33620	28250	27020	
62610	59980	34960	54620	43880	81550	26190	45750	52940	63620	21700	78400	51090	23900	57280	77260	107790	8910	47040	62450	97100	8950	55470	65530	150660	46980	20670	57650	151700	32400	15610	37090	0	20400	56520	16820	5150	70440	36880	150570	77820	39490	54750	36360	34510	48740	66630	52280	20350	10570	33650	
54080	78200	15100	65610	28460	98540	19320	58920	62230	74800	41030	96620	58911	17030	44630	91670	117280	28240	26640	73440	84110	16700	45240	46690	134270	27230	36720	68180	131300	14710	20130	17300	19900	0	69690	9690	15010	86670	25260	137580	96040	29750	50230	35590	28971	47280	61090	42050	27530	12500	27360	
51070	44280	70500	6960	96970	35510	82100	11740	12240	9190	66120	42750	18340	79810	52000	24420	55630	61180	85371	9720	86180	58290	111550	74690	137192	96470	75290	9460	142232	84700	71690	87070	56790	70290	0	69310	59340	24610	49880	133712	45360	48120	32260	92440	44030	104820	36710	108360	76430	64400	89730	
60631	75050	24170	65270	28080	96180	13680	58100	61890	74460	33730	93470	59150	11390	53260	90850	117370	24790	35540	73100	92740	14460	44860	55760	143170	31730	27680	67840	140200	15940	11110	21840	16450	9490	68870	0	11730	84310	32590	146590	92890	36061	55680	28280	34281	40660	67261	41670	18430	7110	24150	
59490	63790	30160	57230	39610	84920	23440	48360	55550	66230	26020	82210	53660	21150	54160	79870	110400	13230	42110	65060	93980	7090	53610	61280	147540	42050	23720	60260	146770	27470	13750	32160	4890	15470	59130	11940	0	73050	33760	147450	81630	36370	51630	34500	31390	46880	63640	50420	18900	5640	31790	
74750	29430	90890	31310	111940	13940	95670	31570	35920	29170	67910	20350	42020	93380	75680	11000	66410	67150	105761	29880	109300	73590	125850	98370	160312	114310	77220	33850	165352	99800	85260	104420	70360	87570	24580	84270	72910	0	71080	156832	25240	70540	55940	104370	64570	118420	60390	122660	87400	77970	103300	
29960	81360	20910	43470	52900	80870	43760	39850	40090	52660	58070	85090	35840	41470	22340	72600	92320	45110	35781	51300	62160	28040	69470	32540	115720	46880	55830	46040	118750	38920	42340	37480	37160	25180	49720	32570	33490	69000	0	115630	87460	4800	25270	58330	5940	70710	36130	66490	48270	31170	51800	
92090	178600	128220	128010	146570	167500	158210	135810	125590	132700	173530	177000	120910	155920	99670	153920	143100	160190	122820	131890	57640	143120	161820	103690	21450	138450	172000	127130	48030	144260	158530	138000	152240	138890	134770	147950	148580	158240	117080	0	179430	112670	107920	174300	118410	186330	99600	163350	164800	146960	164260	
94580	18060	108640	51400	118380	19770	100690	49540	56010	48940	67830	6210	62110	98400	94340	32310	85750	71330	122770	50190	129910	82150	130030	116810	180962	122870	79230	53940	186002	107970	89870	112980	77250	96130	44670	92830	81470	25210	88830	177482	0	88290	75770	108240	82320	120130	80480	126840	91580	86530	107910	
25300	82340	24360	41720	56700	81370	46901	40350	38340	50910	60620	85590	34090	44611	17930	72390	89170	47660	39231	49550	57750	30590	72920	32030	111310	50330	59230	44290	114340	43430	45740	40930	39710	29690	47970	35581	36050	69500	4770	111220	87960	0	22120	61341	6340	73721	32450	71000	51670	34570	56310	
18860	72660	44130	26250	76470	68010	67241	28720	22540	34900	74320	74320	16570	64951	19790	56920	67690	59140	59001	33540	57220	45930	92690	44210	110222	70100	73930	26600	114290	63810	63680	60700	54750	50070	32500	55430	51390	56660	25120	106742	76690	22010	0	81681	22420	94061	12140	91380	69610	52510	76690	
85971	90230	49630	90220	34660	113350	20400	81350	88540	99220	40960	108840	86690	20950	78600	112860	143390	39680	52620	98050	118080	41010	35070	78770	160620	43480	30690	93250	157650	30920	22200	38010	35900	34990	92120	28030	34550	104080	57930	172490	108070	61401	81741	0	59621	17150	92601	30260	18850	32660	14260	
28440	76420	27260	37570	56601	75450	45201	34430	34190	46760	56170	79670	29940	42911	23160	67180	88850	42440	42131	45400	63420	26140	73381	37900	116980	53230	54840	40140	120010	43071	43060	43830	35260	28511	43820	33881	31600	63580	6940	116890	82040	6270	22330	59641	0	72021	34310	70191	48990	31890	55501	
98241	102540	61520	102490	41750	127410	32670	93620	100810	111490	54600	122900	98960	33220	90870	126370	155660	53320	61840	110320	130350	53280	32720	87990	170020	48520	44330	105520	163910	40140	34470	47230	48170	47240	104390	40300	46820	118140	70200	184760	121090	73671	94011	17130	71891	0	104871	27910	32620	44930	20510	
19850	80500	53580	29910	85920	70820	78101	37600	27490	35690	86160	78970	22090	75811	24140	57240	60910	70980	68240	34330	50850	58000	104280	50210	101862	79550	85770	29030	106902	74530	75750	70150	66590	60790	36670	66781	63460	60830	35980	98382	81580	32080	12200	92541	34040	104921	0	102540	81680	64580	87410	
93680	108770	50450	106200	21450	132000	31260	97330	103400	115200	65130	127490	100561	31810	83990	130080	159270	57620	40940	114030	109980	55560	6660	65460	144870	24530	55520	109230	139831	33140	38180	34070	51880	41980	108100	41680	50530	122730	66420	163410	126910	70910	91390	30310	70621	27730	102690	0	37840	47200	19830	
76820	73780	41900	74050	31290	95350	15640	65180	72370	83050	28840	92200	70520	16190	69450	95730	127220	22660	48330	81880	109270	25470	40450	73490	156330	40110	19230	77080	153360	27060	8870	33720	19730	27220	75950	18300	19010	87440	48500	163710	91620	51660	70010	18550	48810	32290	82020	37260	0	18010	18630	
59730	68690	27050	62130	34930	89820	19150	53260	59040	71130	30290	87110	56300	16860	52360	84770	114520	18600	38970	69960	92180	11170	50670	58640	145740	38360	25180	64990	143630	22790	12070	28470	10260	12330	64030	7020	5370	77950	31410	145650	86530	34570	53000	32670	31720	45050	65010	47480	18000	0	29570	
80420	90060	41440	87490	21890	112990	13740	78620	85720	96490	46420	108480	82980	14290	70970	110130	140660	38910	41760	95320	110450	38280	22940	67910	149760	30710	36810	90520	146790	20060	19470	27150	33170	27160	89390	24240	31820	103310	51600	163850	107900	56090	76570	14210	55801	20500	87430	19750	19130	29890	0	

0	                                   Chapel_Allerton	0	0	32400	0

1	                                           Matlock	622	9137	23737	1244
2	                                         Todmorden	569	3341	15590	1138
3	                                  Wath_upon_Dearne	621	11210	22447	1242
4	                                            Darwen	449	5048	9255	898
5	                                            Warsop	626	7849	15298	1252
6	                                      Little_Lever	173	6396	17751	346
7	                                        Chapletown	627	10055	23435	1254
8	                                          Darfield	490	20106	26725	980
9	                                       Conisbrough	586	11041	21992	1172
10	                                        Bollington	609	4855	18928	1218
11	                                Sutton_in_Ashfield	533	16002	25344	1066
12	                                          Cudworth	126	9640	13755	252
13	                                         Radcliffe	749	15547	19888	1498
14	                                            Pudsey	546	9557	11598	1092
15	                                           Worksop	191	15425	28919	382
16	                                        Scunthorpe	614	9906	17358	1228
17	                                            Marple	472	10927	24569	944
18	                                        Brierfield	463	14163	19847	926
19	                                        Mexborough	745	15126	28732	1490
20	                                             Ripon	585	16203	26310	1170
21	                                           Mossley	771	3541	10124	1542
22	                                           Leyland	571	12519	26508	1142
23	                                           Silsden	328	8411	18877	656
24	                                        Darlington	633	8501	12113	1266
25	                                           Rishton	655	16347	27267	1310
26	                                          Wilmslow	681	7267	16892	1362
27	                                Bolton_upon_Dearne	523	6175	20529	1046
28	                                    Barnard_Castle	139	4528	7547	278
29	                                        Ramsbottom	770	3683	10738	1540
30	                                           Salford	398	20633	27105	796
31	                                       Rawtenstall	235	6234	11055	470
32	                                              Hyde	382	14640	26811	764
33	                                          Rochdale	270	4108	18733	540
34	                                          Rawmarsh	112	21044	23444	224
35	                                         Middleton	258	16267	29073	516
36	                                 Ashton-under-Lyne	195	6627	14972	390
37	                                            Clowne	304	10256	24816	608
38	                                            Elland	497	16180	27591	994
39	                                  Thornaby_on_Tees	742	20758	22759	1484
40	                                           Pinxton	178	4803	14775	356
41	                                         Brighouse	662	19171	23938	1324
42	                                         Wakefield	243	853	6096	486
43	                                          Culcheth	406	18152	23550	812
44	                                      Huddersfield	650	6036	15913	1300
45	                                      Saint_Helens	496	10738	13591	992
46	                                        Castleford	766	3931	13462	1532
47	                                            Euxton	514	19587	26390	1028
48	                                           Urmston	534	6700	9366	1068
49	                                        Failsworth	460	12086	15172	920
50	                                      Westhoughton	321	10205	23392	642
