50

6350	3650

20	90

0	49700	54110	49230	27280	40850	31270	74820	31070	34740	93190	96010	47750	35950	31590	57590	78221	46590	34720	36410	50560	39350	79320	76070	66950	83380	30590	82890	95201	80850	43450	32340	35000	23800	49160	31510	47180	15940	35880	60310	24280	41580	32120	99970	49540	9780	29790	73690	41130	58840	72210	
49840	0	97760	47870	37660	87740	42090	34390	70260	16350	52760	49390	11040	19940	76310	97050	53211	3500	27200	74480	16620	82840	96050	45500	98250	56490	72460	106270	96300	125040	10120	28920	17140	40000	26440	63290	57400	39880	79370	91830	74120	39430	60970	143340	3410	42170	39550	46800	85130	35500	103050	
54040	97560	0	83830	66910	27940	65910	118861	28270	82190	137231	141041	95610	80791	46420	24430	116530	94450	78080	52300	104230	20060	64470	117910	37790	123900	25280	63230	121610	31740	90241	86380	82031	76260	91380	64580	70270	60761	21000	37520	41080	78250	44220	67842	96731	63820	66620	115530	37230	100680	42550	
49490	47800	84050	0	23700	81530	19660	48501	56860	38040	64050	77691	49150	32110	80070	70530	35530	44550	22310	84890	58980	75290	54620	41440	70630	42900	59650	66010	132381	112290	38810	50820	33350	53400	26680	74680	27260	33640	71820	64210	72760	9260	41490	139220	45090	46920	19550	34910	84160	21220	75430	
27050	37620	67290	23710	0	61520	8110	52501	39530	26000	70871	78630	38230	20270	58640	61950	52150	34430	12070	62920	47480	55830	62960	51900	64990	59210	42320	70830	114341	94960	28690	34930	21510	35320	25370	52350	24310	11200	52360	58350	51330	15020	26060	119760	35180	24450	5370	49520	64150	34670	69960	
40790	87660	27800	81630	61160	0	62930	112170	31260	72700	130540	134350	84740	73910	21230	45740	112790	84550	72330	24830	83200	10300	80850	112160	58320	119470	26660	82020	93900	46320	81410	67520	72960	56340	85630	38400	70680	53530	16160	53900	17160	75270	42550	59260	87500	50570	63480	109780	10390	94930	65260	
31320	41920	66120	19700	8190	63030	0	55811	38360	31890	74181	82270	43000	25960	61740	57640	52020	38670	16160	66560	52830	56790	55540	55210	57740	59390	41150	63410	120301	93790	32930	42160	27200	41560	28680	58040	16890	15470	53320	51320	54430	13640	22990	120720	39420	30140	3090	51260	65660	37260	62540	
75080	34760	119651	49261	54051	112710	57591	0	92481	44900	20200	30170	45450	44730	104670	109881	36390	35000	44310	102840	51000	107520	102031	22440	109981	34760	94681	113421	130060	146691	35610	59340	42900	69810	28930	92000	69121	61430	104050	103561	99360	45651	78251	171150	33270	70530	55051	28920	113490	30670	114781	
31130	70130	28330	56800	39100	31260	38100	90701	0	55170	109291	113891	68180	53641	37370	28410	88820	67020	50270	45240	76770	23660	54440	90100	37250	96190	5750	56830	113490	58290	63091	63180	54881	53350	63570	49250	43890	33611	18080	30610	30940	50440	16410	88810	69581	40910	38810	87720	35120	72870	42510	
34800	16160	82310	37910	25790	72700	31990	44420	55220	0	62790	62470	13270	7860	60540	82171	58571	13050	17100	58710	21860	67800	85930	55400	87480	63730	57420	93820	95361	109300	10190	14700	5630	25680	24950	47870	47300	24840	64330	80840	59080	29470	46760	127570	16180	26400	29450	54040	69360	39190	92740	
93410	53090	137981	64050	72381	131040	75921	20160	110811	63230	0	19450	63780	63060	123000	128211	45270	53330	62640	121170	68510	125850	115330	30620	128311	41950	113011	126720	142070	165021	53940	77670	61230	88140	47260	110330	87451	79760	122380	121891	117690	63981	96581	189480	51600	88860	73381	37800	131820	43700	133111	
95940	49180	140891	77831	78290	133840	82240	30150	113721	62450	19490	0	57180	64890	120440	138090	62950	49600	67740	118320	56540	128760	130981	48300	138190	59630	115921	142371	130040	168491	55210	75060	63060	83360	57200	106650	97340	82670	125290	131770	120220	74221	102900	188520	48130	88270	79700	55480	130640	59030	142990	
47690	11070	95610	49170	38550	84250	43250	45030	68110	13220	63400	58080	0	20420	67060	95061	63851	10610	28360	65230	10350	80690	97210	56140	99410	67130	70310	107430	86931	122890	15110	19810	17630	30270	34710	53560	58560	37730	77220	92990	67630	40730	59650	134090	14050	38280	40710	57440	75880	45880	104210	
35890	19520	81041	31870	20520	73790	25950	44230	53871	7740	62600	64930	20270	0	65040	79260	54341	16410	11060	63210	29050	68890	79890	52190	82110	59500	56071	87780	102081	108081	12090	21420	3050	30180	21070	52370	41260	22820	65420	75660	60170	23430	43200	132070	18640	30900	23410	49810	73860	34960	86910	
31580	76010	46380	80020	58460	21190	61780	104270	37420	60430	122640	120710	67490	64980	0	57920	109801	72900	66300	11300	65950	26990	89610	107650	70500	114960	33310	91280	80110	67510	70040	50270	62750	39090	80740	22750	74070	47520	27470	64010	7440	72890	45540	75390	76030	40530	60780	105270	12820	90420	75910	
57490	96291	24310	70750	61860	46070	57840	109241	28280	81331	127611	138410	94341	78951	58060	0	103450	93181	72610	65930	102931	36710	41440	108650	13460	110820	27210	38900	134420	50620	88401	89341	80191	79710	84360	73500	57190	58430	33640	13580	52290	65280	38870	88862	94891	67270	59320	102830	53880	88900	20400	
78250	53381	116840	35570	52120	113100	52110	35840	89220	58141	45290	62950	64071	54421	109840	103320	0	53621	45271	110691	70001	107410	76720	17650	99880	7370	92010	89890	149682	145060	52181	71821	53041	78571	36241	99851	60050	62560	103940	96450	102530	39410	73850	171510	51891	75100	50850	8300	115730	21710	100650	
46540	3510	94460	44570	34360	84440	38790	34620	66960	13050	52990	49620	10650	16640	73010	93750	53441	0	23900	71180	18300	79540	92590	45730	94950	56720	69160	102970	97061	121740	6820	27330	13840	38150	25600	60340	54100	36580	76070	88530	70820	36130	57670	140040	3640	38870	36250	47030	81830	35730	99750	
33860	27400	77010	20810	10640	71240	14890	43191	49250	17370	61561	68260	28480	11440	65450	70950	44741	24150	0	66080	38310	65550	68830	42590	71050	49900	52040	76720	111711	104720	18410	31050	12680	33960	16060	55240	30200	20520	62080	64630	58140	12370	35550	129480	24900	30710	12350	40210	73870	25360	75850	
36380	74160	51990	84820	63140	24610	66580	102420	44750	58580	120790	118830	65640	63130	11360	65680	110411	71050	66650	0	64100	32710	96460	108260	78260	115570	41070	99040	69220	67390	68190	48420	60900	37240	79400	13800	80920	52320	34970	71770	14520	77050	52390	68860	74180	38680	65580	105880	16240	91030	83670	
50450	16660	104210	58990	47200	82650	53070	51060	76680	21790	68530	56580	10340	29060	65460	103631	69881	18280	38180	63630	0	86990	107030	62170	109230	73160	78880	117250	81530	130170	24600	21450	26830	28670	43110	51960	68380	46300	83990	102710	66030	50550	68220	132540	20080	40730	50530	63470	74280	52170	114030	
39570	82780	20000	75160	55690	10260	56460	107101	23580	67820	125471	129281	80830	69030	27000	36830	107180	79670	66860	32990	87480	0	71940	106690	49410	114000	18980	73040	102060	44270	76530	71800	68080	60620	80160	45990	64210	48650	7070	44990	22430	68800	36080	67170	82620	49350	57170	104310	17810	89460	56350	
79210	96060	64670	54700	63010	81070	55530	101171	54410	86030	115270	130450	97140	80100	89950	41330	76650	92650	70300	97350	106970	71670	0	87770	31760	83030	56960	14460	166160	91850	86910	96980	81340	96310	77110	100840	41980	70020	67480	30470	82910	57360	49390	130092	93190	84730	57950	80850	87030	72020	31600	
76780	45370	119260	41460	52890	113490	56430	22520	91500	54980	30880	48540	56060	51640	108370	108870	17870	45610	43750	109170	61990	107800	87840	0	107830	15020	94290	100080	141330	147280	46220	68660	49880	77050	32350	98330	65940	62950	104330	102550	101060	44600	77090	171900	43880	73630	53890	10400	116120	23170	110010	
66850	98260	38160	70640	64700	59010	57730	109131	37460	87370	127501	138300	99340	82120	71000	13950	99850	95010	72500	78870	109100	49650	31620	107860	0	107220	38050	27580	147360	63460	89270	95380	83360	89070	84250	85820	54720	63670	46580	6820	64680	65170	41710	102712	95760	76630	60150	100940	66820	88790	7910	
83390	56380	124150	42880	59430	120100	59420	34770	96530	63230	42100	59760	67070	59510	114980	110630	7300	56620	50360	115780	73000	114410	82990	15060	107190	0	99320	97160	152591	152370	56920	76910	58130	83660	40980	104940	67360	69560	110940	103760	107670	46720	81160	178510	54890	80240	58160	10790	122730	26650	107960	
30520	72090	25420	59640	41940	26620	40940	93541	5500	57130	112041	115851	70140	55601	33300	27440	91660	68980	53110	41170	78730	19020	57870	92940	38280	99030	0	58910	109420	53770	65051	62860	56841	52740	66410	48010	47430	35571	13390	31640	26870	53280	19440	84170	71541	40300	41650	90560	30480	75710	43540	
83760	107240	62770	66330	70840	81750	63360	112801	56540	93860	126920	142100	108320	87930	91160	38560	89750	103990	78130	99030	118150	72390	14400	100160	27490	97120	58170	0	167520	85520	94900	104810	89170	104140	88740	105090	49810	75960	68690	27790	84800	68990	54000	127322	104740	92560	65780	93240	88240	84410	25160	
94991	96130	121190	131731	114231	93560	119801	129930	112470	94921	141900	129950	86761	101681	79920	134060	149361	96851	110921	69130	81320	101660	165470	141190	146640	152510	109200	167420	0	136130	100552	84261	99451	79241	118771	66900	135871	106691	103100	140150	82650	123291	120110	98660	99550	90091	117061	142490	85190	131320	152280	
81090	125980	31650	112750	95050	46280	94050	147031	58220	110320	165401	169251	124030	108961	67510	50900	144990	122870	106380	67350	131500	44630	92240	146630	63890	152360	54030	86090	136440	0	118411	114560	110201	102770	119740	80780	100540	88051	48050	64380	63350	106390	72550	49700	124901	90870	94760	143890	56670	129040	65100	
43480	10060	90101	38770	28560	81380	32990	35130	62931	10230	53500	55290	15090	12080	70000	88320	52011	6810	18100	68170	24610	76480	86790	46240	89150	56940	65131	94820	100572	117141	0	24670	9900	35140	21940	57330	48300	31880	73010	82730	67760	30330	52260	137030	7620	35860	30450	47250	78820	32990	93950	
31920	28950	86030	50890	34860	67050	42030	58870	62990	14710	77240	75810	19810	21470	49860	89510	72181	27260	30710	48030	21080	71270	96880	69480	95400	77340	62510	104750	84861	113010	24640	0	19240	12410	38560	36360	58230	32760	67800	88760	50430	42450	54680	116890	30390	22200	39290	67650	58680	52800	100660	
34940	16720	82281	33110	21760	72840	27190	42400	55111	5450	60770	63030	17470	3060	62750	80500	53221	13610	12300	60920	26760	67940	81130	50520	83350	58380	57311	89020	99791	109321	9810	19130	0	27890	19600	50080	42500	24060	64470	76900	59220	24670	44440	129780	15900	28610	24650	48690	71570	33840	88150	
23840	40090	76370	53490	35340	56100	41530	69560	53330	25720	87930	83530	30340	30270	38910	79850	78411	38190	34650	37080	28800	60440	96310	76260	89210	83570	52850	103490	79391	102510	35330	12410	28040	0	47360	25480	57660	28700	57440	82570	39480	45050	50950	105940	41320	16220	38790	73880	47730	59030	94470	
48830	26420	91770	26390	25400	86000	28940	28320	64010	24240	46690	57130	34060	20900	80420	83950	36081	25550	16260	79280	43040	80310	76970	32490	84050	41010	66800	88360	118581	119790	21950	37920	19140	46680	0	68440	43200	35460	76840	77630	73110	20890	49600	144410	24180	45680	26400	31320	88630	17060	88850	
31520	63320	63680	74470	52520	38440	57770	91720	48160	47880	110090	106760	53570	52430	22690	73510	99711	60350	55950	13870	52030	45950	99870	97560	84790	104870	47220	103440	67110	80800	57490	36350	50200	25710	68700	0	73840	44660	43560	78150	24290	66350	54441	82560	63480	28060	55030	95180	30070	80330	90050	
47230	57420	70510	27260	24370	70480	16890	68291	43990	47390	86661	97460	58500	41460	74310	56990	59960	54170	31660	80940	68330	64240	41980	65870	54510	67330	47880	49850	136251	100520	48430	58340	42700	57670	43410	73990	0	31380	60100	50670	66750	24340	29470	128170	54920	46090	19310	59340	73110	45650	57010	
15930	39770	60361	33370	11420	53420	15410	61530	33191	24810	79900	83710	37820	23460	47520	58610	62850	36660	21880	52340	46410	48230	69970	62060	63610	69370	35391	74980	106881	87401	32910	32820	24700	28770	35530	44620	31320	0	44760	56970	40210	25720	22440	111820	39400	16720	13930	59680	56050	44830	68870	
35990	79200	21110	71580	52110	16170	52880	103341	18040	64240	121711	125521	77250	65271	28060	33630	103600	76090	63280	35570	84800	7120	67960	103110	46210	110420	13420	69000	103820	47850	72950	68330	64500	57940	76580	43970	59860	45070	0	41730	21930	65220	31870	73130	79040	45770	53590	100730	22100	85880	53150	
60060	91800	37590	64180	57910	53990	51270	102671	30670	80580	121041	131840	92880	75330	64250	13560	96310	88550	66040	72120	102310	44630	30530	102080	6760	103680	31260	28240	140610	64080	82810	88590	76570	82280	77790	79030	50620	56880	41560	0	57890	58710	34920	102322	89300	69840	53690	96260	61330	82330	12020	
24250	73950	41110	72690	51130	17200	54450	99070	30450	58990	117440	121220	68000	60200	7560	52250	102471	70840	58970	14440	66460	22490	82160	100320	64780	107630	26940	85410	82690	63430	67700	50780	59250	39600	73410	24200	66620	40190	21540	58140	0	65560	38090	76320	73790	34030	53450	97940	17100	83090	70040	
41170	39660	78060	9280	14880	74970	13320	45181	50300	29630	63551	74371	40740	23700	72760	64830	39400	36410	13900	77040	50570	68730	57300	44590	64930	46770	53090	68690	123971	105730	30670	42410	24940	44990	21250	66270	24080	25320	65260	58510	65450	0	34930	132660	37080	38570	11930	38610	77600	24610	69730	
32040	60360	44350	41580	25690	42350	22880	76641	16490	46560	95011	103100	59570	43010	45660	38590	73600	57250	36860	52290	68160	36110	49430	76040	41630	80970	19750	53000	120290	72390	52460	54570	44250	50830	49510	54201	29470	22340	31970	34990	38100	35220	0	100040	58950	38980	23590	72840	44980	58410	46890	
99850	143010	67950	139270	119660	59200	120570	171260	88740	127430	189630	188240	134490	131980	75320	89010	171470	139900	130830	68850	133000	67160	130350	171080	102370	178380	84140	127810	98700	49850	137040	117270	129750	106090	144540	82500	128320	112130	73020	102490	76220	132910	100190	0	143030	107530	121280	168690	67530	153750	107130	
49430	3410	96571	45010	35030	87330	39460	32900	69401	16180	51270	48160	14100	18650	75950	94810	51721	3650	24570	74120	20030	82430	93030	44010	95620	55000	71601	103640	99710	123611	7610	30460	15850	41090	24230	63280	54770	38350	78960	89200	73710	36570	58730	142980	0	41810	36920	45310	84770	34010	100420	
9780	41860	63890	46470	24520	50630	29770	70120	40850	26280	88490	88170	38210	30830	40400	67370	75031	38750	31530	38570	40780	49130	84490	72880	76730	80190	40370	91560	90261	90630	35890	22560	28600	16190	45970	28000	45840	16660	45660	70090	34060	38820	39020	107430	41880	0	27030	70500	49220	55650	81990	
30160	39510	66960	19440	5640	63870	3200	53401	39200	29480	71771	79860	40590	23550	61280	59310	50490	36260	13750	66060	50420	57630	58060	52800	60260	57860	41990	65930	117751	94630	30520	39610	24790	39010	26270	55490	19410	14310	54160	53840	53970	12110	23830	121560	37010	27590	0	49730	66500	35170	65060	
73700	46690	115950	34900	49810	110410	51080	28440	88190	53540	37890	55550	57380	49820	105290	102590	8370	46930	40670	106090	63310	104720	80870	10250	100860	10790	90980	93110	142650	144030	47230	67220	48440	73970	31290	95250	59380	59870	101250	96270	97980	38320	72820	168820	45200	70550	49810	0	113040	16960	103040	
41120	84850	37100	84250	63780	10350	65550	113110	34960	69270	131480	129550	76330	73820	12820	53930	115410	81740	74950	16420	74790	17710	87290	114780	66510	122090	30360	88330	85490	56670	78880	59110	71590	47930	88250	29990	73300	56150	22060	61060	16980	77890	45170	67580	84870	49370	66100	112400	0	97550	72960	
58520	35950	101000	21250	34630	95230	37150	29650	73240	38360	43840	58710	45590	34640	90110	88660	21670	36190	25490	90910	52570	89540	72000	22130	88760	26730	76030	84240	131072	129020	32760	52040	33260	58790	16820	80070	45730	44690	86070	82340	82800	24390	58370	153630	34460	55370	35170	17040	97860	0	93560	
71950	102980	42390	75360	69800	65490	62450	113851	42560	92470	132221	143020	104060	87020	76140	20430	100490	99730	77220	84010	113890	56130	31460	109740	7970	107860	43150	25030	152560	64670	93990	100480	88260	94170	88970	90920	57150	68770	53060	11920	69780	69890	46810	106322	100480	81730	64870	102820	73220	93510	0	

0	                                         Todmorden	0	0	32400	0

1	                                Ince-in-Makerfield	309	12110	26710	618
2	                                          Garforth	747	7288	19537	1494
3	                                           Poynton	551	2487	13724	1102
4	                                        Failsworth	140	7466	11673	280
5	                                             Otley	302	7306	14755	604
6	                                       Stalybridge	155	15230	26585	310
7	                                          Frodsham	252	12450	25830	504
8	                                          Mirfield	369	21020	27639	738
9	                                            Bolton	458	10557	21508	916
10	                                            Blacon	435	11887	25960	870
11	                                           Heswall	415	11188	20530	830
12	                                         Adlington	165	13218	17333	330
13	                                          Kearsley	194	21416	25757	388
14	                                           Silsden	215	12459	14500	430
15	                                         Hemsworth	125	8634	22128	250
16	                                          Sandbach	182	13837	21289	364
17	                                           Hindley	404	7831	21473	808
18	                                           Salford	174	10247	15931	348
19	                                           Skipton	819	4110	17716	1638
20	                                            Euxton	665	16097	26204	1330
21	                                         Horsforth	777	8329	14912	1554
22	                                         Dronfield	480	4789	18778	960
23	                                          Winsford	405	7215	17681	810
24	                                Bolton_upon_Dearne	281	9624	13236	562
25	                                             Crewe	260	16601	27521	520
26	                                      Heckmondwike	678	2838	12463	1356
27	                                        Killamarsh	805	4692	19046	1610
28	                                            Kendal	171	11198	14217	342
29	                                              York	555	20544	27599	1110
30	                                          Atherton	641	2743	9215	1282
31	                                            Darwen	104	10938	15759	208
32	                                         Farnworth	305	5062	17233	610
33	                                        Accrington	432	13058	27683	864
34	                                        Partington	627	23304	25704	1254
35	                                      Barnoldswick	622	6905	19711	1244
36	                                           Glossop	313	20621	28966	626
37	                                           Milnrow	791	1391	15951	1582
38	                                            Pudsey	442	1597	13008	884
39	                                          Wombwell	572	19091	21092	1144
40	                                          Keighley	616	10912	20884	1232
41	                                         Stockport	373	14653	19420	746
42	                                           Meltham	696	3882	9125	1392
43	                                     Northallerton	188	13483	18881	376
44	                                             Abram	827	16801	26678	1654
45	                                             Bacup	229	12315	15168	458
46	                                 Ashton-under-Lyne	609	4963	14494	1218
47	                                        Middlewich	704	7541	14344	1408
48	                                            Ilkley	396	26269	28935	792
49	                                         Knutsford	489	11684	14770	978
50	                                        Mexborough	357	4623	17810	714
