15

6350	3650

20	90

0	86040	50540	67720	86261	44710	33650	84410	45530	78470	30820	30800	37860	99630	47410	33490	
85880	0	67090	97131	85690	45730	54090	33020	88620	75870	60970	69430	57650	19330	72250	77270	
50990	67180	0	113110	117670	65550	59500	46910	92450	109160	53880	74300	71430	74320	88250	78880	
68160	98071	113490	0	43070	57591	58650	118031	28340	45930	64470	40230	45941	115951	28930	35610	
85901	85160	117630	42430	0	53130	61300	112150	54261	10930	71100	55311	49740	98480	41501	57441	
44600	45840	65660	55811	53120	0	11860	64330	44280	44610	22510	25090	12950	63710	28680	32930	
33460	54050	59650	57831	61510	11860	0	63070	41640	53400	11110	22270	13880	70130	30700	30290	
83940	32810	46610	116871	111800	63940	62600	0	102681	103290	62030	83311	73700	29730	90520	91331	
45510	88840	92550	28490	54611	44580	41590	103211	0	54880	46510	21190	32320	106710	22850	16010	
77940	75090	109070	45740	10890	44570	53070	103590	54820	0	62870	50070	41510	88410	40160	56100	
30740	60860	53830	64270	71330	22230	11050	62410	46750	63220	0	27160	22410	74860	38610	32900	
30590	69880	74210	40120	55931	25620	22890	84591	21370	50930	26970	0	13360	87750	17080	9240	
37920	57440	71830	44511	49710	12820	13940	74470	32470	41600	22330	13280	0	75310	17380	21120	
99440	19340	74740	115101	98180	63700	70190	29810	106590	88360	75130	87400	75620	0	90220	95240	
46740	72150	88630	28320	41311	28940	30740	90940	23160	40270	38220	16150	17290	90020	0	21950	
33490	77250	78820	35130	57241	32990	30000	91621	15840	56200	32870	8760	20730	95120	21940	0	

0	                                           Rishton	0	0	32400	0

1	                                        Chapletown	285	22031	25436	570
2	                                            Ilkley	781	22118	26030	1562
3	                                          Frodsham	188	12464	16597	376
4	                                           Alsager	653	8367	10894	1306
5	                                       Stalybridge	498	25555	27993	996
6	                                            Royton	539	6005	9005	1078
7	                                        Pontefract	207	13060	16085	414
8	                                           Haydock	332	24858	27203	664
9	                                         Congleton	470	23951	28054	940
10	                                            Wardle	192	3410	5927	384
11	                                           Walkden	295	25473	28572	590
12	                                        Manchester	702	6247	10933	1404
13	                                       Conisbrough	417	22292	26222	834
14	                                        Partington	402	6862	11535	804
15	                                          Atherton	779	15968	18806	1558
