15

6350	3650

20	90

0	66730	79600	73390	31670	25390	86180	74630	26380	77990	81670	63930	91240	89290	94550	95690	
66750	0	23800	67840	38120	44920	144380	139220	85131	12800	85670	128520	150590	23130	46720	88360	
79870	23900	0	91260	52030	58240	163021	147790	101711	29290	109090	137090	151121	32690	70220	111780	
73200	67800	91180	0	66670	71140	110760	132610	71170	70990	19600	128620	162370	83380	49850	24880	
31370	38140	51840	65620	0	9100	113930	103400	52711	49400	83040	92700	115710	60700	67170	88620	
25230	44860	57880	69930	9220	0	109530	95220	47640	56120	86430	84520	107530	67420	73890	92930	
86280	144750	163171	110890	114020	109630	0	64491	63890	153170	99820	70570	112890	166600	156970	113420	
74760	139250	147580	132890	103610	95320	64781	0	63520	150510	132231	13670	51170	161810	167920	147461	
26380	85021	101800	71220	53360	47590	63420	63180	0	95180	74171	60250	94950	107581	106960	88431	
78000	12840	29140	71060	49370	56170	153040	150470	95270	0	88890	139770	163070	14140	46110	90210	
81700	85940	109320	19950	83630	87080	100010	132381	74681	89130	0	129451	166071	101520	67990	15470	
63930	128420	136750	128970	92780	84490	70350	13710	60130	139680	128841	0	43650	150980	158571	144071	
91150	148550	151921	161490	115920	107630	112710	51650	94850	160730	165071	43890	0	170940	185220	186262	
89860	23400	32530	83540	61230	68030	166390	162330	108241	14270	101370	151630	173100	0	49890	96870	
94500	46680	69900	49890	67280	74080	156690	167390	106940	46140	67720	158931	185140	49900	0	60490	
95110	88520	111900	24880	89650	94120	113450	146951	88091	90300	15520	144021	185711	96910	60700	0	

0	                                    West_Bridgford	0	0	32400	0

1	                                         Rotherham	610	7660	11065	1220
2	                                      Kirk_Sandall	794	15613	19525	1588
3	                                              Leek	637	4337	8470	1274
4	                               Mansfield_Woodhouse	521	11790	14317	1042
5	                                         Rainworth	601	12971	15409	1202
6	                                        Leamington	157	15531	18531	314
7	                                         Kettering	602	19966	22991	1204
8	                                          Shepshed	225	2814	5159	450
9	                                    Hoyland_Nether	468	10044	14147	936
10	                                    Stoke-on-Trent	785	17370	19887	1570
11	                                             Corby	519	23725	26824	1038
12	                                        Whittlesey	826	21698	26384	1652
13	                                           Royston	504	11084	15014	1008
14	                                           Glossop	587	4886	9559	1174
15	                                           Alsager	318	21528	24366	636
