15

6350	3650

20	90

0	83220	96000	99300	74750	73550	91580	49990	39370	91600	90810	10620	73680	41440	47540	82800	
83350	0	29540	25820	135070	33250	27790	66580	79360	91612	27700	91190	38240	74650	72800	14130	
96120	29620	0	17670	154750	57390	55980	63220	80100	116971	8240	103960	62380	74150	71410	16750	
99300	25900	17640	0	157270	56200	47250	74480	89150	111302	24300	108500	61030	84440	82590	18100	
75370	135370	154790	157260	0	106280	119191	125160	113750	69410	151940	67700	102770	115820	121920	141590	
73560	33150	57010	56100	106000	0	18960	82760	88190	60830	55070	80160	6140	86730	88980	43500	
91550	28100	56080	47230	118771	18960	0	89910	100860	69111	54240	98150	22850	97980	96130	40670	
50010	66520	63110	74610	124570	82770	89940	0	19360	126840	55011	60440	87520	13410	9160	58600	
39320	79300	80070	89270	113220	88440	100940	19570	0	121460	72340	49090	90100	7890	12020	72500	
91650	91950	116850	111591	69170	60670	69040	126600	121890	0	114910	89650	57030	121800	125630	103340	
90830	27890	8580	24590	151790	55430	54250	55440	72320	115011	0	98670	60420	66370	63630	15110	
10750	91120	103900	108590	66870	79110	97140	60540	49130	89910	98710	0	79030	51200	57300	90700	
74010	38140	62000	61080	102300	6150	22870	87400	90110	56810	60060	80080	0	88650	91760	48490	
41660	74630	74100	84600	115560	86920	98050	13600	7510	121790	66370	51430	88830	0	6520	67830	
47840	72870	70931	82610	121740	89120	96290	9120	11630	125820	62811	57610	91850	6550	0	66070	
81340	13850	16070	18410	139970	42610	40210	57190	71050	102191	14230	89180	47600	66340	64490	0	

0	                                          Bolsover	0	0	32400	0

1	                                        Altrincham	430	9302	12707	860
2	                                        Tottington	136	12801	16713	272
3	                                          Atherton	174	4525	8658	348
4	                                         Leicester	234	15543	18070	468
5	                                         Congleton	718	17209	19647	1436
6	                                        Middlewich	655	16987	19987	1310
7	                                            Darton	685	5460	8485	1370
8	                                Bolton_upon_Dearne	204	26727	29072	408
9	                                           Cannock	823	4627	8730	1646
10	                                           Heywood	420	18162	20679	840
11	                               Mansfield_Woodhouse	781	1390	4489	1562
12	                                          Biddulph	680	7700	12386	1360
13	                                          Darfield	482	6410	10340	964
14	                                          Cudworth	438	18466	23139	876
15	                                           Salford	375	18605	21443	750
