15

6350	3650

20	90

0	68090	78060	62040	80200	78900	79450	44580	58890	46590	42650	96620	89331	74031	34890	38220	
67650	0	45840	32720	29610	145110	21790	33170	119610	67620	99890	163090	144590	52190	99470	38210	
77930	45790	0	74190	22990	143773	33550	41770	113352	98020	94232	161523	131661	8430	105821	69690	
62100	32690	75010	0	60260	139560	50940	45760	119270	43100	101880	160540	150861	77480	93470	24950	
80450	29550	22770	60220	0	155302	12050	38110	124881	88030	105220	173052	144800	28240	112270	59700	
79470	145990	144054	140070	155083	0	157350	118292	46070	115690	58010	33370	89870	136734	53500	116250	
80060	21390	33480	51070	12000	157471	0	39930	126760	86450	107040	175500	151020	38950	111880	57040	
44730	33090	41850	45810	38350	118291	40230	0	87420	58840	67860	136041	110870	40980	76210	31660	
59100	119850	113863	119540	124892	46220	127210	87320	0	96960	20960	57550	49710	106553	35820	94780	
46560	67700	97920	42850	87960	115090	86060	58850	96860	0	85300	132680	140641	98960	64640	30410	
42700	99680	94204	101990	105160	57440	107040	67530	20720	85240	0	74540	49431	86884	35080	77230	
98830	165350	163394	161030	174423	35340	176710	137632	59340	134780	76390	0	95760	156084	72590	136010	
89172	144790	131601	150363	144330	89600	151400	110570	49330	139502	49291	93900	0	124291	83601	125292	
74622	52140	8440	76560	28490	137013	39050	40910	106592	98910	87472	154763	124901	0	99061	72060	
34920	99940	106011	93770	112050	52820	111300	76260	35650	64600	35220	70410	83911	98701	0	69950	
38470	38280	69460	24950	59500	115930	56640	31850	94980	30390	77590	134260	125841	71930	69840	0	

0	                                             Chard	0	0	32400	0

1	                                             Frome	499	14467	17872	998
2	                                           Nailsea	178	8381	12293	356
3	                                       Shaftesbury	141	7498	11631	282
4	                                          Keynsham	368	8049	10576	736
5	                                           Torquay	812	7433	9871	1624
6	                                              Bath	804	18006	21006	1608
7	                                       Glastonbury	304	25445	28470	608
8	                                          Crediton	462	24067	26412	924
9	                                        Dorchester	583	7851	11954	1166
10	                                          Tiverton	302	8201	10718	604
11	                                         Ivybridge	314	23425	26524	628
12	                                        Barnstaple	347	7360	12046	694
13	                                          Clevedon	791	17487	21417	1582
14	                                          Sidmouth	561	20751	25424	1122
15	                                         Sherborne	111	12129	14967	222
