   ID  Type     x     y demand ReadyTime DueDate ServiceTime 
    0     0    40    50      0         0    1236           0 
    1     1    65    85     40       475     518          90 
    2     1    60    85     30       561     622          90 
    3     1    30    50     10        10      73          90 
    4     1    23    55     20       546     593          90 
    5     1    85    35     30        47     124          90 
    6     1    28    52     20       812     883          90 
    7     1    50    40     50       171     218          90 
    8     1    48    40     10        76     129          90 
    9     1    15    75     20       179     254          90 
   10     1    30    52     20         0    1135          90 
   11     1    70    58     20       458     523          90 
   12     1    20    55     10       449     504          90 
   13     1    10    40     30        31     100          90 
   14     1    15    80     10       278     345          90 
   15     1    67    85     20       368     441          90 
   16     1    35    30     10       264     321          90 
   17     1    47    35     10       826     875          90 
   18     1    25    55     10         0    1130          90 
   19     1    88    30     10       574     643          90 
   20     1     5    35     10       283     344          90 
   21     1    95    35     20       293     360          90 
   22     1    48    30     10       632     693          90 
   23     1     0    45     20       567     624          90 
   24     1    25    35     10         0    1124          90 
   25     1    60    80     10         0    1109          90 
   26     2    40    50      0         0    1236           0 
   27     2    73    52      0         0    1236           0 
   28     2    90    55      0         0    1236           0 
   29     2    55    79      0         0    1236           0 
   30     2    69    89      0         0    1236           0 
   31     2    32    80      0         0    1236           0 
   32     2    39    96      0         0    1236           0 
   33     2    23    80      0         0    1236           0 
   34     2     4    83      0         0    1236           0 
   35     2    18    58      0         0    1236           0 
   36     2     1    56      0         0    1236           0 
   37     2    13    31      0         0    1236           0 
   38     2    -5    38      0         0    1236           0 
   39     2    26    37      0         0    1236           0 
   40     2    28    13      0         0    1236           0 
   41     2    39    31      0         0    1236           0 
   42     2    48    11      0         0    1236           0 
   43     2    59    17      0         0    1236           0 
   44     2    73    23      0         0    1236           0 
   45     2    74    32      0         0    1236           0 
   46     2    90    44      0         0    1236           0 

ECV fuel tank capacity /79.69/
BSV fuel tank capacity /159.38/
ECV load capacity /200/
BSV load capacity /5/
ECV consumption rate /1/
BSV consumption rate /1/
ECV inverse refueling rate /10.17/
Swapping service time /3.00/
Velocity /1/
