   ID  Type     x     y demand ReadyTime DueDate ServiceTime 
    0     0    40    50      0         0    1236           0 
    1     1    45    68     10         0    1127          90 
    2     1    30    50     10         0    1136          90 
    3     1    35    32     10       166     235          90 
    4     1     0    45     20       567     624          90 
    5     1    38    70     10       534     605          90 
    6     1     8    45     20         0    1113          90 
    7     1    55    80     10       743     820          90 
    8     1    25    52     40       169     224          90 
    9     1    45    70     30         0    1125          90 
   10     1    50    35     20       262     317          90 
   11     1    40    66     20         0    1130          90 
   12     1    75    55     20         0    1110          90 
   13     1    33    35     10         0    1129          90 
   14     1    65    60     30       645     708          90 
   15     1    30    32     30         0    1125          90 
   16     1    28    35     10      1001    1066          90 
   17     1    70    58     20       458     523          90 
   18     1    33    32     20        68     149          90 
   19     1    66    55     10         0    1119          90 
   20     1    72    55     10         0    1113          90 
   21     1    30    30     10       541     600          90 
   22     1    45    30     10       734     777          90 
   23     1     5    35     10       283     344          90 
   24     1    15    75     20         0    1110          90 
   25     1    60    60     10         0    1123          90 
   26     2    40    50      0         0    1236           0 
   27     2    73    52      0         0    1236           0 
   28     2    90    55      0         0    1236           0 
   29     2    55    79      0         0    1236           0 
   30     2    69    89      0         0    1236           0 
   31     2    32    80      0         0    1236           0 
   32     2    39    96      0         0    1236           0 
   33     2    23    80      0         0    1236           0 
   34     2     4    83      0         0    1236           0 
   35     2    18    58      0         0    1236           0 
   36     2     1    56      0         0    1236           0 
   37     2    13    31      0         0    1236           0 
   38     2    -5    38      0         0    1236           0 
   39     2    26    37      0         0    1236           0 
   40     2    28    13      0         0    1236           0 
   41     2    39    31      0         0    1236           0 
   42     2    48    11      0         0    1236           0 
   43     2    59    17      0         0    1236           0 
   44     2    73    23      0         0    1236           0 
   45     2    74    32      0         0    1236           0 
   46     2    90    44      0         0    1236           0 

ECV fuel tank capacity /79.69/
BSV fuel tank capacity /159.38/
ECV load capacity /200/
BSV load capacity /5/
ECV consumption rate /1/
BSV consumption rate /1/
ECV inverse refueling rate /10.17/
Swapping service time /3.00/
Velocity /1/
