   ID  Type     x     y demand ReadyTime DueDate ServiceTime 
    0     0    40    50      0         0    1236           0 
    1     1    18    75     20        75     172          90 
    2     1    48    30     10       601     724          90 
    3     1    40    15     40        35     140          90 
    4     1    90    35     10       175     288          90 
    5     1    38     5     30       439     566          90 
    6     1    25    55     10       582     741          90 
    7     1    30    32     30       417     540          90 
    8     1    22    85     10       541     646          90 
    9     1    25    50     10        25     184          90 
   10     1    22    75     30        30     155          90 
   11     1    35    69     10       420     533          90 
   12     1    32    30     10       332     439          90 
   13     1    63    58     10       705     834          90 
   14     1    30    50     10        10     137          90 
   15     1    72    55     10       228     375          90 
   16     1    45    30     10       712     799          90 
   17     1    35     5     20       529     662          90 
   18     1    50    30     10       491     650          90 
   19     1    67    85     20       331     478          90 
   20     1    40    69     20       580     743          90 
   21     1    60    55     10        20     148          90 
   22     1    60    80     10        64     187          90 
   23     1    28    35     10       969    1098          90 
   24     1    50    35     20       235     344          90 
   25     1    42    65     10        15     120          90 
   26     2    40    50      0         0    1236           0 
   27     2    73    52      0         0    1236           0 
   28     2    90    55      0         0    1236           0 
   29     2    55    79      0         0    1236           0 
   30     2    69    89      0         0    1236           0 
   31     2    32    80      0         0    1236           0 
   32     2    39    96      0         0    1236           0 
   33     2    23    80      0         0    1236           0 
   34     2     4    83      0         0    1236           0 
   35     2    18    58      0         0    1236           0 
   36     2     1    56      0         0    1236           0 
   37     2    13    31      0         0    1236           0 
   38     2    -5    38      0         0    1236           0 
   39     2    26    37      0         0    1236           0 
   40     2    28    13      0         0    1236           0 
   41     2    39    31      0         0    1236           0 
   42     2    48    11      0         0    1236           0 
   43     2    59    17      0         0    1236           0 
   44     2    73    23      0         0    1236           0 
   45     2    74    32      0         0    1236           0 
   46     2    90    44      0         0    1236           0 

ECV fuel tank capacity /79.69/
BSV fuel tank capacity /159.38/
ECV load capacity /200/
BSV load capacity /5/
ECV consumption rate /1/
BSV consumption rate /1/
ECV inverse refueling rate /10.17/
Swapping service time /3.00/
Velocity /1/
