   ID  Type     x     y demand ReadyTime DueDate ServiceTime 
    0     0    40    50      0         0    1236           0 
    1     1    65    60     30       546     807          90 
    2     1    28    35     10       917    1126          90 
    3     1     2    40     20       365     452          90 
    4     1    38    68     20       250     329          90 
    5     1    20    85     40       478     525          90 
    6     1    55    80     10       595     968          90 
    7     1    63    58     10       630     909          90 
    8     1     8    45     20       715     852          90 
    9     1     5    35     10       251     376          90 
   10     1    30    35     10       872    1127          90 
   11     1    95    35     20       181     472          90 
   12     1    10    35     20       204     233          90 
   13     1    33    32     20        19     225          90 
   14     1    23    52     10       264     313          90 
   15     1    35    66     10       361     406          90 
   16     1    35    30     10       240     345          90 
   17     1    58    75     20        30     227          90 
   18     1    92    30     10       345     684          90 
   19     1    44     5     20       221     412          90 
   20     1    26    32     10       779     916          90 
   21     1    20    55     10       452     501          90 
   22     1    38     5     30       403     602          90 
   23     1     0    45     20       541     650          90 
   24     1    60    55     10        20     293          90 
   25     1    68    60     30       476     691          90 
   26     2    40    50      0         0    1236           0 
   27     2    73    52      0         0    1236           0 
   28     2    90    55      0         0    1236           0 
   29     2    55    79      0         0    1236           0 
   30     2    69    89      0         0    1236           0 
   31     2    32    80      0         0    1236           0 
   32     2    39    96      0         0    1236           0 
   33     2    23    80      0         0    1236           0 
   34     2     4    83      0         0    1236           0 
   35     2    18    58      0         0    1236           0 
   36     2     1    56      0         0    1236           0 
   37     2    13    31      0         0    1236           0 
   38     2    -5    38      0         0    1236           0 
   39     2    26    37      0         0    1236           0 
   40     2    28    13      0         0    1236           0 
   41     2    39    31      0         0    1236           0 
   42     2    48    11      0         0    1236           0 
   43     2    59    17      0         0    1236           0 
   44     2    73    23      0         0    1236           0 
   45     2    74    32      0         0    1236           0 
   46     2    90    44      0         0    1236           0 

ECV fuel tank capacity /79.69/
BSV fuel tank capacity /159.38/
ECV load capacity /200/
BSV load capacity /5/
ECV consumption rate /1/
BSV consumption rate /1/
ECV inverse refueling rate /10.17/
Swapping service time /3.00/
Velocity /1/
