   ID  Type     x     y demand ReadyTime DueDate ServiceTime 
    0     0    40    50      0         0    1236           0 
    1     1    87    30     10       573     826          90 
    2     1    68    60     30       470     697          90 
    3     1    35    32     10        63     338          90 
    4     1    72    55     10       154     449          90 
    5     1    65    60     30       551     802          90 
    6     1    48    30     10       539     786          90 
    7     1     8    45     20       655     912          90 
    8     1    25    52     40        88     305          90 
    9     1    30    52     20       836    1043          90 
   10     1    25    85     20       547     826          90 
   11     1    45    70     30       756     939          90 
   12     1    28    55     10       664     845          90 
   13     1    42    66     10        16     336          90 
   14     1     0    45     20       481     710          90 
   15     1    88    30     10       469     748          90 
   16     1    58    75     20        30     248          90 
   17     1    38    68     20       150     429          90 
   18     1    22    75     30        30     280          90 
   19     1    35     5     20       463     728          90 
   20     1    26    32     10       719     976          90 
   21     1    45    30     10       669     842          90 
   22     1    23    55     20       476     663          90 
   23     1    25    50     10        15     333          90 
   24     1    66    55     10        76     335          90 
   25     1    23    52     10       179     398          90 
   26     2    40    50      0         0    1236           0 
   27     2    73    52      0         0    1236           0 
   28     2    90    55      0         0    1236           0 
   29     2    55    79      0         0    1236           0 
   30     2    69    89      0         0    1236           0 
   31     2    32    80      0         0    1236           0 
   32     2    39    96      0         0    1236           0 
   33     2    23    80      0         0    1236           0 
   34     2     4    83      0         0    1236           0 
   35     2    18    58      0         0    1236           0 
   36     2     1    56      0         0    1236           0 
   37     2    13    31      0         0    1236           0 
   38     2    -5    38      0         0    1236           0 
   39     2    26    37      0         0    1236           0 
   40     2    28    13      0         0    1236           0 
   41     2    39    31      0         0    1236           0 
   42     2    48    11      0         0    1236           0 
   43     2    59    17      0         0    1236           0 
   44     2    73    23      0         0    1236           0 
   45     2    74    32      0         0    1236           0 
   46     2    90    44      0         0    1236           0 

ECV fuel tank capacity /79.69/
BSV fuel tank capacity /159.38/
ECV load capacity /200/
BSV load capacity /5/
ECV consumption rate /1/
BSV consumption rate /1/
ECV inverse refueling rate /10.17/
Swapping service time /3.00/
Velocity /1/
