   ID  Type     x     y demand ReadyTime DueDate ServiceTime 
    0     0    40    50      0         0    3390           0 
    1     1    14    66     10      1643    1803          90 
    2     1    50    30     10         0    3277          90 
    3     1    58    70     20         0    3273          90 
    4     1     8    45     20         0    3267          90 
    5     1     8    62     10         0    3265          90 
    6     1    36    40     10         0    3289          90 
    7     1     5    35     10       876    1036          90 
    8     1    62    69     10         0    3270          90 
    9     1    22    66     40      2504    2664          90 
   10     1    16    42     20       497     657          90 
   11     1    38    10     10         0    3259          90 
   12     1    15    80     10         0    3260          90 
   13     1    65    82     10         0    3259          90 
   14     1    50    35     20       120     280          90 
   15     1    67    85     20       694     854          90 
   16     1    35    32     10      2758    2918          90 
   17     1    35    69     10      2698    2858          90 
   18     1    78    40     20      2802    2962          90 
   19     1    85    25     10      2513    2673          90 
   20     1    20    55     10       303     463          90 
   21     1    25    30     10         0    3275          90 
   22     1    30    56     20         0    3288          90 
   23     1    55    85     20       502     662          90 
   24     1     8    40     40       685     845          90 
   25     1    38    15     40         0    3264          90 
   26     2    40    50      0         0    3390           0 
   27     2    73    52      0         0    3390           0 
   28     2    90    55      0         0    3390           0 
   29     2    55    79      0         0    3390           0 
   30     2    69    89      0         0    3390           0 
   31     2    32    80      0         0    3390           0 
   32     2    39    96      0         0    3390           0 
   33     2    23    80      0         0    3390           0 
   34     2     4    83      0         0    3390           0 
   35     2    18    58      0         0    3390           0 
   36     2     1    56      0         0    3390           0 
   37     2    13    31      0         0    3390           0 
   38     2    -5    38      0         0    3390           0 
   39     2    26    37      0         0    3390           0 
   40     2    28    13      0         0    3390           0 
   41     2    39    31      0         0    3390           0 
   42     2    48    11      0         0    3390           0 
   43     2    59    17      0         0    3390           0 
   44     2    73    23      0         0    3390           0 
   45     2    74    32      0         0    3390           0 
   46     2    90    44      0         0    3390           0 

ECV fuel tank capacity /118.23/
BSV fuel tank capacity /236.46/
ECV load capacity /700/
BSV load capacity /5/
ECV consumption rate /1/
BSV consumption rate /1/
ECV inverse refueling rate /6.84/
Swapping service time /3.00/
Velocity /1/
