   ID  Type     x     y demand ReadyTime DueDate ServiceTime 
    0     0    40    50      0         0    3390           0 
    1     1    18    75     20         0    3266          90 
    2     1    20    80     40      2216    2376          90 
    3     1    44     5     20      1256    1416          90 
    4     1    15    75     20         0    3264          90 
    5     1    36    40     10         0    3289          90 
    6     1    62    69     10         0    3270          90 
    7     1    42    30     10         0    3279          90 
    8     1    30    50     10         0    3290          90 
    9     1    42    10     40         0    3259          90 
   10     1     8    40     40         0    3266          90 
   11     1    66    55     10         0    3273          90 
   12     1    55    80     10       407     567          90 
   13     1    50    30     10         0    3277          90 
   14     1    53    30     10         0    3276          90 
   15     1    78    40     20         0    3260          90 
   16     1    58    70     20         0    3273          90 
   17     1    30    56     20         0    3288          90 
   18     1    23    52     10         0    3282          90 
   19     1    44    25     10         0    3274          90 
   20     1    35    66     10         0    3283          90 
   21     1     2    40     20         0    3260          90 
   22     1    22    66     40      2504    2664          90 
   23     1     0    45     20         0    3259          90 
   24     1    25    35     10         0    3278          90 
   25     1    15    80     10         0    3260          90 
   26     2    40    50      0         0    3390           0 
   27     2    73    52      0         0    3390           0 
   28     2    90    55      0         0    3390           0 
   29     2    55    79      0         0    3390           0 
   30     2    69    89      0         0    3390           0 
   31     2    32    80      0         0    3390           0 
   32     2    39    96      0         0    3390           0 
   33     2    23    80      0         0    3390           0 
   34     2     4    83      0         0    3390           0 
   35     2    18    58      0         0    3390           0 
   36     2     1    56      0         0    3390           0 
   37     2    13    31      0         0    3390           0 
   38     2    -5    38      0         0    3390           0 
   39     2    26    37      0         0    3390           0 
   40     2    28    13      0         0    3390           0 
   41     2    39    31      0         0    3390           0 
   42     2    48    11      0         0    3390           0 
   43     2    59    17      0         0    3390           0 
   44     2    73    23      0         0    3390           0 
   45     2    74    32      0         0    3390           0 
   46     2    90    44      0         0    3390           0 

ECV fuel tank capacity /118.12/
BSV fuel tank capacity /236.24/
ECV load capacity /700/
BSV load capacity /5/
ECV consumption rate /1/
BSV consumption rate /1/
ECV inverse refueling rate /6.87/
Swapping service time /3.00/
Velocity /1/
