   ID  Type     x     y demand ReadyTime DueDate ServiceTime 
    0     0    40    50      0         0    3390           0 
    1     1    25    50     10        36     356          90 
    2     1    42    65     10        15     335          90 
    3     1    72    55     10      1752    2072          90 
    4     1    62    40     10      2921    3241          90 
    5     1    45    70     30       133     453          90 
    6     1    47    35     10       508     828          90 
    7     1    30    56     20      2903    3223          90 
    8     1    20    50     10       318     638          90 
    9     1    72    45     10      2820    3140          90 
   10     1    25    30     10      2120    2440          90 
   11     1    52    75     10       231     551          90 
   12     1    47    40     10        12     332          90 
   13     1    38    10     10      1550    1870          90 
   14     1    44    25     10       791    1111          90 
   15     1    70    58     20      1561    1881          90 
   16     1    40     5     30      1270    1590          90 
   17     1    78    40     20      2722    3042          90 
   18     1    50    35     20        40     360          90 
   19     1    10    40     30       513     833          90 
   20     1    90    35     10      2051    2371          90 
   21     1    56    64     10      1275    1595          90 
   22     1    36    18     10      1739    2059          90 
   23     1    22    66     40      2424    2744          90 
   24     1    22    85     10      1946    2266          90 
   25     1    30    50     10        10     330          90 
   26     2    40    50      0         0    3390           0 
   27     2    73    52      0         0    3390           0 
   28     2    90    55      0         0    3390           0 
   29     2    55    79      0         0    3390           0 
   30     2    69    89      0         0    3390           0 
   31     2    32    80      0         0    3390           0 
   32     2    39    96      0         0    3390           0 
   33     2    23    80      0         0    3390           0 
   34     2     4    83      0         0    3390           0 
   35     2    18    58      0         0    3390           0 
   36     2     1    56      0         0    3390           0 
   37     2    13    31      0         0    3390           0 
   38     2    -5    38      0         0    3390           0 
   39     2    26    37      0         0    3390           0 
   40     2    28    13      0         0    3390           0 
   41     2    39    31      0         0    3390           0 
   42     2    48    11      0         0    3390           0 
   43     2    59    17      0         0    3390           0 
   44     2    73    23      0         0    3390           0 
   45     2    74    32      0         0    3390           0 
   46     2    90    44      0         0    3390           0 

ECV fuel tank capacity /117.78/
BSV fuel tank capacity /235.56/
ECV load capacity /700/
BSV load capacity /5/
ECV consumption rate /1/
BSV consumption rate /1/
ECV inverse refueling rate /6.87/
Swapping service time /3.00/
Velocity /1/
