   ID  Type     x     y demand ReadyTime DueDate ServiceTime 
    0     0    40    50      0         0    3390           0 
    1     1    30    35     10      2348    2771          90 
    2     1     0    45     20      1036    1439          90 
    3     1    62    69     10      1030    1463          90 
    4     1    48    20     10       812    1281          90 
    5     1    60    66     10      1154    1527          90 
    6     1    23    52     10        93     484          90 
    7     1    14    66     10      1519    1926          90 
    8     1    40     5     30      1199    1660          90 
    9     1    95    30     30      2119    2682          90 
   10     1    85    25     10      2369    2816          90 
   11     1    20    85     40      1763    2264          90 
   12     1    28    70     10      2385    2976          90 
   13     1    42    15     10       897    1392          90 
   14     1     5    45     10      1076    1589          90 
   15     1    38    15     40      1552    2057          90 
   16     1    86    46     30      1829    2388          90 
   17     1    42    10     40       998    1481          90 
   18     1    90    35     10      2002    2419          90 
   19     1    42    58     40         8     509          90 
   20     1    30    50     10        10     645          90 
   21     1    34    60     20      2653    3280          90 
   22     1     2    40     20       772    1329          90 
   23     1     8    40     40       499    1030          90 
   24     1    20    55     10       170     595          90 
   25     1    42    30     10       641    1070          90 
   26     2    40    50      0         0    3390           0 
   27     2    73    52      0         0    3390           0 
   28     2    90    55      0         0    3390           0 
   29     2    55    79      0         0    3390           0 
   30     2    69    89      0         0    3390           0 
   31     2    32    80      0         0    3390           0 
   32     2    39    96      0         0    3390           0 
   33     2    23    80      0         0    3390           0 
   34     2     4    83      0         0    3390           0 
   35     2    18    58      0         0    3390           0 
   36     2     1    56      0         0    3390           0 
   37     2    13    31      0         0    3390           0 
   38     2    -5    38      0         0    3390           0 
   39     2    26    37      0         0    3390           0 
   40     2    28    13      0         0    3390           0 
   41     2    39    31      0         0    3390           0 
   42     2    48    11      0         0    3390           0 
   43     2    59    17      0         0    3390           0 
   44     2    73    23      0         0    3390           0 
   45     2    74    32      0         0    3390           0 
   46     2    90    44      0         0    3390           0 

ECV fuel tank capacity /117.70/
BSV fuel tank capacity /235.40/
ECV load capacity /700/
BSV load capacity /5/
ECV consumption rate /1/
BSV consumption rate /1/
ECV inverse refueling rate /6.87/
Swapping service time /3.00/
Velocity /1/
