   ID  Type     x     y demand ReadyTime DueDate ServiceTime 
    0     0    40    50      0         0    3390           0 
    1     1    36    40     10      2616    3256          90 
    2     1    45    35     10       440    1080          90 
    3     1    62    69     10       927    1567          90 
    4     1     8    62     10      1305    1945          90 
    5     1     5    35     10       636    1276          90 
    6     1    60    66     10      1021    1661          90 
    7     1    25    35     10      2145    2785          90 
    8     1    38    10     10      1390    2030          90 
    9     1    58    75     20       738    1378          90 
   10     1    40     5     30      1110    1750          90 
   11     1    32    20     10      1673    2313          90 
   12     1    20    85     40      1694    2334          90 
   13     1    35    69     10      2458    3098          90 
   14     1    45    70     30        20     660          90 
   15     1    50    40     50        14     654          90 
   16     1    20    55     10        63     703          90 
   17     1     4    55     20      1207    1847          90 
   18     1    42    30     10       536    1176          90 
   19     1     5    45     10      1013    1653          90 
   20     1    16    42     20       257     897          90 
   21     1    87    30     10      2368    3008          90 
   22     1    47    40     10        12     652          90 
   23     1    44     5     20      1016    1656          90 
   24     1    85    25     10      2273    2913          90 
   25     1    48    30     10       253     893          90 
   26     2    40    50      0         0    3390           0 
   27     2    73    52      0         0    3390           0 
   28     2    90    55      0         0    3390           0 
   29     2    55    79      0         0    3390           0 
   30     2    69    89      0         0    3390           0 
   31     2    32    80      0         0    3390           0 
   32     2    39    96      0         0    3390           0 
   33     2    23    80      0         0    3390           0 
   34     2     4    83      0         0    3390           0 
   35     2    18    58      0         0    3390           0 
   36     2     1    56      0         0    3390           0 
   37     2    13    31      0         0    3390           0 
   38     2    -5    38      0         0    3390           0 
   39     2    26    37      0         0    3390           0 
   40     2    28    13      0         0    3390           0 
   41     2    39    31      0         0    3390           0 
   42     2    48    11      0         0    3390           0 
   43     2    59    17      0         0    3390           0 
   44     2    73    23      0         0    3390           0 
   45     2    74    32      0         0    3390           0 
   46     2    90    44      0         0    3390           0 

ECV fuel tank capacity /117.66/
BSV fuel tank capacity /235.32/
ECV load capacity /700/
BSV load capacity /5/
ECV consumption rate /1/
BSV consumption rate /1/
ECV inverse refueling rate /6.87/
Swapping service time /3.00/
Velocity /1/
