   ID  Type     x     y demand ReadyTime DueDate ServiceTime 
    0     0    35    35      0         0     230           0 
    1     1    55    45     13         0     197          10 
    2     1    55    20     19       149     159          10 
    3     1    41    49     10         0     204          10 
    4     1    15    19      1         0     194          10 
    5     1    19    21     10         0     198          10 
    6     1    50    35     19         0     205          10 
    7     1    40    60     21        71      81          10 
    8     1    55    54     26        94     104          10 
    9     1    12     9      9        73      83          10 
   10     1    15    47     16         0     196          10 
   11     1    11    31      7       101     111          10 
   12     1    45    10     18        97     107          10 
   13     1    10    20     19        75      85          10 
   14     1    65    35      3       153     163          10 
   15     1    45    20     11         0     201          10 
   16     1    67     5     25        83      93          10 
   17     1    49    53     20        51      61          10 
   18     1    18    18     17       185     195          10 
   19     1    45    30     17         0     208          10 
   20     1    15    10     20        32      42          10 
   21     1    17    34      3       162     172          10 
   22     1    37    47      6        50      60          10 
   23     1    20    40     12        87      97          10 
   24     1    11    14     18        69      79          10 
   25     1    15    60     17        76      86          10 
   26     2    35    35      0         0     230           0 
   27     2    61    37      0         0     230           0 
   28     2    74    39      0         0     230           0 
   29     2    47    57      0         0     230           0 
   30     2    57    65      0         0     230           0 
   31     2    29    59      0         0     230           0 
   32     2    34    71      0         0     230           0 
   33     2    22    58      0         0     230           0 
   34     2     7    61      0         0     230           0 
   35     2    18    41      0         0     230           0 
   36     2     5    39      0         0     230           0 
   37     2    14    20      0         0     230           0 
   38     2     0    26      0         0     230           0 
   39     2    24    25      0         0     230           0 
   40     2    26     6      0         0     230           0 
   41     2    34    20      0         0     230           0 
   42     2    41     5      0         0     230           0 
   43     2    50     9      0         0     230           0 
   44     2    61    14      0         0     230           0 
   45     2    62    21      0         0     230           0 
   46     2    74    30      0         0     230           0 

ECV fuel tank capacity /62.14/
BSV fuel tank capacity /124.28/
ECV load capacity /200/
BSV load capacity /5/
ECV consumption rate /1/
BSV consumption rate /1/
ECV inverse refueling rate /1.44/
Swapping service time /3.00/
Velocity /1/
