   ID  Type     x     y demand ReadyTime DueDate ServiceTime 
    0     0    35    35      0         0     230           0 
    1     1     6    38     16        29      59          10 
    2     1    16    22     41         0     196          10 
    3     1    14    37     11         0     198          10 
    4     1    49    42     13        63      93          10 
    5     1    13    52     36         0     192          10 
    6     1    25    24     20         0     205          10 
    7     1    57    68     15         0     180          10 
    8     1    41    37     16         0     213          10 
    9     1    22    27     11         0     204          10 
   10     1    26    27     27         0     207          10 
   11     1    53    12      6       120     150          10 
   12     1     8    56     27         0     185          10 
   13     1    35    40     16        27      57          10 
   14     1    56    39     36       132     162          10 
   15     1    20    40     12         0     204          10 
   16     1    64    42      9         0     190          10 
   17     1    25    21     12         0     202          10 
   18     1    62    77     20        49      79          10 
   19     1    32    12      7         0     196          10 
   20     1    56    37      6       168     198          10 
   21     1    15    30     26         0     199          10 
   22     1    15    47     16         0     196          10 
   23     1    17    34      3         0     201          10 
   24     1    67     5     25        73     103          10 
   25     1    20    20      8         0     198          10 
   26     2    35    35      0         0     230           0 
   27     2    61    37      0         0     230           0 
   28     2    74    39      0         0     230           0 
   29     2    47    57      0         0     230           0 
   30     2    57    65      0         0     230           0 
   31     2    29    59      0         0     230           0 
   32     2    34    71      0         0     230           0 
   33     2    22    58      0         0     230           0 
   34     2     7    61      0         0     230           0 
   35     2    18    41      0         0     230           0 
   36     2     5    39      0         0     230           0 
   37     2    14    20      0         0     230           0 
   38     2     0    26      0         0     230           0 
   39     2    24    25      0         0     230           0 
   40     2    26     6      0         0     230           0 
   41     2    34    20      0         0     230           0 
   42     2    41     5      0         0     230           0 
   43     2    50     9      0         0     230           0 
   44     2    61    14      0         0     230           0 
   45     2    62    21      0         0     230           0 
   46     2    74    30      0         0     230           0 

ECV fuel tank capacity /66.28/
BSV fuel tank capacity /132.56/
ECV load capacity /200/
BSV load capacity /5/
ECV consumption rate /1/
BSV consumption rate /1/
ECV inverse refueling rate /1.35/
Swapping service time /3.00/
Velocity /1/
