   ID  Type     x     y demand ReadyTime DueDate ServiceTime 
    0     0    35    35      0         0     230           0 
    1     1    20    26      9        73     103          10 
    2     1    63    65      8         0     178          10 
    3     1    15    19      1         0     194          10 
    4     1    57    29     18         0     197          10 
    5     1    65    35      3         0     190          10 
    6     1    37    47      6        40      70          10 
    7     1    31    67      3         0     187          10 
    8     1    47    16     25         0     197          10 
    9     1    30    60     16         0     194          10 
   10     1    55    54     26         0     192          10 
   11     1    35    40     16         0     215          10 
   12     1    30     5      8        51      81          10 
   13     1     8    56     27         0     185          10 
   14     1    26    35     15         0     211          10 
   15     1     2    48      1         0     184          10 
   16     1     6    68     30         0     176          10 
   17     1    53    12      6         0     190          10 
   18     1    16    22     41         0     196          10 
   19     1    40    25      9         0     208          10 
   20     1    30    25     23       149     179          10 
   21     1    57    68     15         0     180          10 
   22     1    64    42      9         0     190          10 
   23     1    13    52     36         0     192          10 
   24     1    67     5     25        73     103          10 
   25     1    15    30     26         0     199          10 
   26     2    35    35      0         0     230           0 
   27     2    61    37      0         0     230           0 
   28     2    74    39      0         0     230           0 
   29     2    47    57      0         0     230           0 
   30     2    57    65      0         0     230           0 
   31     2    29    59      0         0     230           0 
   32     2    34    71      0         0     230           0 
   33     2    22    58      0         0     230           0 
   34     2     7    61      0         0     230           0 
   35     2    18    41      0         0     230           0 
   36     2     5    39      0         0     230           0 
   37     2    14    20      0         0     230           0 
   38     2     0    26      0         0     230           0 
   39     2    24    25      0         0     230           0 
   40     2    26     6      0         0     230           0 
   41     2    34    20      0         0     230           0 
   42     2    41     5      0         0     230           0 
   43     2    50     9      0         0     230           0 
   44     2    61    14      0         0     230           0 
   45     2    62    21      0         0     230           0 
   46     2    74    30      0         0     230           0 

ECV fuel tank capacity /64.06/
BSV fuel tank capacity /128.12/
ECV load capacity /200/
BSV load capacity /5/
ECV consumption rate /1/
BSV consumption rate /1/
ECV inverse refueling rate /1.41/
Swapping service time /3.00/
Velocity /1/
