   ID  Type     x     y demand ReadyTime DueDate ServiceTime 
    0     0    35    35      0         0     230           0 
    1     1    53    52     11        24      92          10 
    2     1    24    58     19        30      95          10 
    3     1    64    42      9        37      98          10 
    4     1    41    49     10       133     198          10 
    5     1     2    48      1        92     151          10 
    6     1    14    37     11        21      89          10 
    7     1     8    56     27        34     105          10 
    8     1    44    17      9        56     109          10 
    9     1    20    40     12        69     114          10 
   10     1    49    58     10        64     121          10 
   11     1     6    38     16        29      99          10 
   12     1    20    50      5        61     110          10 
   13     1    56    39     36       117     176          10 
   14     1    35    69     23       116     175          10 
   15     1    37    47      6        23      86          10 
   16     1    15    10     20        32     114          10 
   17     1    20    20      8       113     164          10 
   18     1    15    47     16        29      90          10 
   19     1    32    12      7        77     134          10 
   20     1    10    20     19        52     107          10 
   21     1    65    20      6       121     186          10 
   22     1    28    18     26        79     116          10 
   23     1    46    13      8       123     184          10 
   24     1    15    19      1       132     194          10 
   25     1    25    30      3        76     131          10 
   26     2    35    35      0         0     230           0 
   27     2    61    37      0         0     230           0 
   28     2    74    39      0         0     230           0 
   29     2    47    57      0         0     230           0 
   30     2    57    65      0         0     230           0 
   31     2    29    59      0         0     230           0 
   32     2    34    71      0         0     230           0 
   33     2    22    58      0         0     230           0 
   34     2     7    61      0         0     230           0 
   35     2    18    41      0         0     230           0 
   36     2     5    39      0         0     230           0 
   37     2    14    20      0         0     230           0 
   38     2     0    26      0         0     230           0 
   39     2    24    25      0         0     230           0 
   40     2    26     6      0         0     230           0 
   41     2    34    20      0         0     230           0 
   42     2    41     5      0         0     230           0 
   43     2    50     9      0         0     230           0 
   44     2    61    14      0         0     230           0 
   45     2    62    21      0         0     230           0 
   46     2    74    30      0         0     230           0 

ECV fuel tank capacity /65.17/
BSV fuel tank capacity /130.34/
ECV load capacity /200/
BSV load capacity /5/
ECV consumption rate /1/
BSV consumption rate /1/
ECV inverse refueling rate /1.38/
Swapping service time /3.00/
Velocity /1/
