   ID  Type     x     y demand ReadyTime DueDate ServiceTime 
    0     0    35    35      0         0     230           0 
    1     1    10    20     19        29     139          10 
    2     1    49    11     18        27     192          10 
    3     1     6    38     16        29      99          10 
    4     1    30    60     16       107     150          10 
    5     1    16    22     41        23     177          10 
    6     1     6    68     30        93     132          10 
    7     1    27    69     10        34     172          10 
    8     1    57    68     15        39     148          10 
    9     1    61    52      3        71     130          10 
   10     1    45    20     11        18     195          10 
   11     1    12    24     13        29     132          10 
   12     1    13    52     36        27     192          10 
   13     1    55    60     16        88     115          10 
   14     1    20    20      8        42     198          10 
   15     1    45    10     18        76     127          10 
   16     1    53    52     11        24      92          10 
   17     1    25    21     12        92     183          10 
   18     1    11    14     18        59      88          10 
   19     1    30    25     23       147     180          10 
   20     1    25    30      3        76     131          10 
   21     1    15    19      1        25     194          10 
   22     1    11    31      7        93     118          10 
   23     1    45    30     17        58     208          10 
   24     1    23     3      7        82     185          10 
   25     1    55    45     13        54     187          10 
   26     2    35    35      0         0     230           0 
   27     2    61    37      0         0     230           0 
   28     2    74    39      0         0     230           0 
   29     2    47    57      0         0     230           0 
   30     2    57    65      0         0     230           0 
   31     2    29    59      0         0     230           0 
   32     2    34    71      0         0     230           0 
   33     2    22    58      0         0     230           0 
   34     2     7    61      0         0     230           0 
   35     2    18    41      0         0     230           0 
   36     2     5    39      0         0     230           0 
   37     2    14    20      0         0     230           0 
   38     2     0    26      0         0     230           0 
   39     2    24    25      0         0     230           0 
   40     2    26     6      0         0     230           0 
   41     2    34    20      0         0     230           0 
   42     2    41     5      0         0     230           0 
   43     2    50     9      0         0     230           0 
   44     2    61    14      0         0     230           0 
   45     2    62    21      0         0     230           0 
   46     2    74    30      0         0     230           0 

ECV fuel tank capacity /65.80/
BSV fuel tank capacity /131.60/
ECV load capacity /200/
BSV load capacity /5/
ECV consumption rate /1/
BSV consumption rate /1/
ECV inverse refueling rate /1.38/
Swapping service time /3.00/
Velocity /1/
