   ID  Type     x     y demand ReadyTime DueDate ServiceTime 
    0     0    35    35      0         0     230           0 
    1     1    31    67      3        46     153          10 
    2     1    37    56      5        48     198          10 
    3     1    23     3      7        82     185          10 
    4     1    18    24     22        60     199          10 
    5     1    30     5      8        30     152          10 
    6     1    55    20     19        73     195          10 
    7     1    30    60     16        85     172          10 
    8     1    15    30     26        20     167          10 
    9     1    60    12     31        33     186          10 
   10     1    65    35      3        58     190          10 
   11     1    15    10     20        32     187          10 
   12     1    14    37     11        21     157          10 
   13     1    24    58     19        25     154          10 
   14     1    61    52      3        42     159          10 
   15     1    40    25      9        40     139          10 
   16     1    26    52      9        21     136          10 
   17     1    45    30     17        87     186          10 
   18     1    64    42      9        29     150          10 
   19     1    25    21     12        92     183          10 
   20     1    65    20      6        56     186          10 
   21     1    27    43      9        11     133          10 
   22     1    49    73     25        68     179          10 
   23     1    35    17      7        18     147          10 
   24     1     5    30      2        60     189          10 
   25     1    37    47      6        12     137          10 
   26     2    35    35      0         0     230           0 
   27     2    61    37      0         0     230           0 
   28     2    74    39      0         0     230           0 
   29     2    47    57      0         0     230           0 
   30     2    57    65      0         0     230           0 
   31     2    29    59      0         0     230           0 
   32     2    34    71      0         0     230           0 
   33     2    22    58      0         0     230           0 
   34     2     7    61      0         0     230           0 
   35     2    18    41      0         0     230           0 
   36     2     5    39      0         0     230           0 
   37     2    14    20      0         0     230           0 
   38     2     0    26      0         0     230           0 
   39     2    24    25      0         0     230           0 
   40     2    26     6      0         0     230           0 
   41     2    34    20      0         0     230           0 
   42     2    41     5      0         0     230           0 
   43     2    50     9      0         0     230           0 
   44     2    61    14      0         0     230           0 
   45     2    62    21      0         0     230           0 
   46     2    74    30      0         0     230           0 

ECV fuel tank capacity /65.48/
BSV fuel tank capacity /130.96/
ECV load capacity /200/
BSV load capacity /5/
ECV consumption rate /1/
BSV consumption rate /1/
ECV inverse refueling rate /1.38/
Swapping service time /3.00/
Velocity /1/
