   ID  Type     x     y demand ReadyTime DueDate ServiceTime 
    0     0    35    35      0         0    1000           0 
    1     1    31    52     27       152     275          10 
    2     1    25    24     20        92     231          10 
    3     1    61    52      3       384     499          10 
    4     1    55    20     19       678     801          10 
    5     1    53    12      6       585     692          10 
    6     1    67     5     25       294     401          10 
    7     1    57    29     18       641     734          10 
    8     1    21    24     28        17     229          10 
    9     1    17    34      3       721     862          10 
   10     1    55    54     26       411     456          10 
   11     1    46    13      8       681     802          10 
   12     1    65    55     14       529     614          10 
   13     1    47    47     13       547     642          10 
   14     1    22    22      2        18     181          10 
   15     1    15    10     20        32     243          10 
   16     1    36    26     18       849     980          10 
   17     1    42     7      5       396     511          10 
   18     1    18    24     22       811     969          10 
   19     1    41    49     10       707     848          10 
   20     1    23     3      7       620     705          10 
   21     1    14    37     11        96     249          10 
   22     1    28    18     26       420     447          10 
   23     1    49    42     13       290     373          10 
   24     1    10    20     19       272     373          10 
   25     1    40    60     21       259     354          10 
   26     2    35    35      0         0    1000           0 
   27     2    61    37      0         0    1000           0 
   28     2    74    39      0         0    1000           0 
   29     2    47    57      0         0    1000           0 
   30     2    57    65      0         0    1000           0 
   31     2    29    59      0         0    1000           0 
   32     2    34    71      0         0    1000           0 
   33     2    22    58      0         0    1000           0 
   34     2     7    61      0         0    1000           0 
   35     2    18    41      0         0    1000           0 
   36     2     5    39      0         0    1000           0 
   37     2    14    20      0         0    1000           0 
   38     2     0    26      0         0    1000           0 
   39     2    24    25      0         0    1000           0 
   40     2    26     6      0         0    1000           0 
   41     2    34    20      0         0    1000           0 
   42     2    41     5      0         0    1000           0 
   43     2    50     9      0         0    1000           0 
   44     2    61    14      0         0    1000           0 
   45     2    62    21      0         0    1000           0 
   46     2    74    30      0         0    1000           0 

ECV fuel tank capacity /187.86/
BSV fuel tank capacity /375.72/
ECV load capacity /1000/
BSV load capacity /5/
ECV consumption rate /1/
BSV consumption rate /1/
ECV inverse refueling rate /0.48/
Swapping service time /3.00/
Velocity /1/
