   ID  Type     x     y demand ReadyTime DueDate ServiceTime 
    0     0    35    35      0         0    1000           0 
    1     1    30    60     16         0     964          10 
    2     1    12    24     13         0     964          10 
    3     1    40    25      9         0     978          10 
    4     1    25    30      3         0     978          10 
    5     1    26    52      9         0     970          10 
    6     1    13    52     36         0     962          10 
    7     1    30     5      8       175     300          10 
    8     1    27    43      9         0     978          10 
    9     1    11    14     18       233     340          10 
   10     1    49    11     18         0     962          10 
   11     1    37    47      6       162     293          10 
   12     1    10    20     19         0     960          10 
   13     1    45    30     17         0     978          10 
   14     1    22    22      2        18     181          10 
   15     1    49    73     25         0     949          10 
   16     1    25    24     20         0     975          10 
   17     1    57    68     15         0     950          10 
   18     1    15    30     26         0     969          10 
   19     1    14    37     11         0     968          10 
   20     1    64    42      9         0     960          10 
   21     1    15    60     17         0     957          10 
   22     1    35    17      7         0     972          10 
   23     1    26    27     27         0     977          10 
   24     1     4    18     35         0     954          10 
   25     1    45    20     11         0     971          10 
   26     2    35    35      0         0    1000           0 
   27     2    61    37      0         0    1000           0 
   28     2    74    39      0         0    1000           0 
   29     2    47    57      0         0    1000           0 
   30     2    57    65      0         0    1000           0 
   31     2    29    59      0         0    1000           0 
   32     2    34    71      0         0    1000           0 
   33     2    22    58      0         0    1000           0 
   34     2     7    61      0         0    1000           0 
   35     2    18    41      0         0    1000           0 
   36     2     5    39      0         0    1000           0 
   37     2    14    20      0         0    1000           0 
   38     2     0    26      0         0    1000           0 
   39     2    24    25      0         0    1000           0 
   40     2    26     6      0         0    1000           0 
   41     2    34    20      0         0    1000           0 
   42     2    41     5      0         0    1000           0 
   43     2    50     9      0         0    1000           0 
   44     2    61    14      0         0    1000           0 
   45     2    62    21      0         0    1000           0 
   46     2    74    30      0         0    1000           0 

ECV fuel tank capacity /247.66/
BSV fuel tank capacity /495.32/
ECV load capacity /1000/
BSV load capacity /5/
ECV consumption rate /1/
BSV consumption rate /1/
ECV inverse refueling rate /0.36/
Swapping service time /3.00/
Velocity /1/
