   ID  Type     x     y demand ReadyTime DueDate ServiceTime 
    0     0    35    35      0         0    1000           0 
    1     1     6    68     30       401     641          10 
    2     1    36    26     18       740     980          10 
    3     1    13    52     36       720     960          10 
    4     1    53    52     11        24     264          10 
    5     1    49    42     13       212     452          10 
    6     1    57    48     23       307     547          10 
    7     1    10    20     19       203     443          10 
    8     1    55    45     13       436     676          10 
    9     1    47    47     13       475     715          10 
   10     1    22    22      2        18     258          10 
   11     1    15    30     26        20     260          10 
   12     1    18    24     22       729     969          10 
   13     1    15    47     16       106     346          10 
   14     1    63    65      8       630     870          10 
   15     1    17    34      3       672     912          10 
   16     1    62    77     20        49     289          10 
   17     1    25    30      3       345     585          10 
   18     1    24    12      5        25     265          10 
   19     1    30    25     23       639     879          10 
   20     1    56    37      6       728     968          10 
   21     1    19    21     10       125     365          10 
   22     1     5    30      2       682     922          10 
   23     1    21    24     28        17     257          10 
   24     1    64    42      9       132     372          10 
   25     1    26    52      9       214     454          10 
   26     2    35    35      0         0    1000           0 
   27     2    61    37      0         0    1000           0 
   28     2    74    39      0         0    1000           0 
   29     2    47    57      0         0    1000           0 
   30     2    57    65      0         0    1000           0 
   31     2    29    59      0         0    1000           0 
   32     2    34    71      0         0    1000           0 
   33     2    22    58      0         0    1000           0 
   34     2     7    61      0         0    1000           0 
   35     2    18    41      0         0    1000           0 
   36     2     5    39      0         0    1000           0 
   37     2    14    20      0         0    1000           0 
   38     2     0    26      0         0    1000           0 
   39     2    24    25      0         0    1000           0 
   40     2    26     6      0         0    1000           0 
   41     2    34    20      0         0    1000           0 
   42     2    41     5      0         0    1000           0 
   43     2    50     9      0         0    1000           0 
   44     2    61    14      0         0    1000           0 
   45     2    62    21      0         0    1000           0 
   46     2    74    30      0         0    1000           0 

ECV fuel tank capacity /198.88/
BSV fuel tank capacity /397.76/
ECV load capacity /1000/
BSV load capacity /5/
ECV consumption rate /1/
BSV consumption rate /1/
ECV inverse refueling rate /0.45/
Swapping service time /3.00/
Velocity /1/
