   ID  Type     x     y demand ReadyTime DueDate ServiceTime 
    0     0    35    35      0         0    1000           0 
    1     1    15    47     16         0     966          10 
    2     1    31    52     27         0     972          10 
    3     1    15    60     17       204     444          10 
    4     1    28    18     26       314     554          10 
    5     1    65    55     14         0     953          10 
    6     1    65    20      6       716     956          10 
    7     1    31    67      3       320     560          10 
    8     1    53    52     11        24     264          10 
    9     1    61    52      3       322     562          10 
   10     1    56    37      6       728     968          10 
   11     1    65    35      3       656     896          10 
   12     1    30     5      8       118     358          10 
   13     1    20    40     12       286     526          10 
   14     1    30    25     23       639     879          10 
   15     1    12    24     13       214     454          10 
   16     1    32    12      7       356     596          10 
   17     1     5     5     16       234     474          10 
   18     1    16    22     41         0     966          10 
   19     1    57    68     15       198     438          10 
   20     1    55    60     16       329     569          10 
   21     1    64    42      9       132     372          10 
   22     1    15    10     20        32     272          10 
   23     1    42     7      5       334     574          10 
   24     1     2    48      1       452     692          10 
   25     1     4    18     35       307     547          10 
   26     2    35    35      0         0    1000           0 
   27     2    61    37      0         0    1000           0 
   28     2    74    39      0         0    1000           0 
   29     2    47    57      0         0    1000           0 
   30     2    57    65      0         0    1000           0 
   31     2    29    59      0         0    1000           0 
   32     2    34    71      0         0    1000           0 
   33     2    22    58      0         0    1000           0 
   34     2     7    61      0         0    1000           0 
   35     2    18    41      0         0    1000           0 
   36     2     5    39      0         0    1000           0 
   37     2    14    20      0         0    1000           0 
   38     2     0    26      0         0    1000           0 
   39     2    24    25      0         0    1000           0 
   40     2    26     6      0         0    1000           0 
   41     2    34    20      0         0    1000           0 
   42     2    41     5      0         0    1000           0 
   43     2    50     9      0         0    1000           0 
   44     2    61    14      0         0    1000           0 
   45     2    62    21      0         0    1000           0 
   46     2    74    30      0         0    1000           0 

ECV fuel tank capacity /181.23/
BSV fuel tank capacity /362.46/
ECV load capacity /1000/
BSV load capacity /5/
ECV consumption rate /1/
BSV consumption rate /1/
ECV inverse refueling rate /0.51/
Swapping service time /3.00/
Velocity /1/
