   ID  Type     x     y demand ReadyTime DueDate ServiceTime 
    0     0    40    50      0         0     240           0 
    1     1    55    20     19        83     113          10 
    2     1    53    43     14        14      44          10 
    3     1    55    82     10        64      94          10 
    4     1    25    85     20       145     175          10 
    5     1    15    10     20       152     182          10 
    6     1    37    31     14        35      65          10 
    7     1    30    60     16       140     170          10 
    8     1    40     5     10        67      97          10 
    9     1    64    42      9        70     100          10 
   10     1     1    65     16        74     104          10 
   11     1     5    35     10       142     172          10 
   12     1    62    80     30        75     105          10 
   13     1    65    20      6        39      69          10 
   14     1    45    65      9        66      96          10 
   15     1    22    85     10       109     139          10 
   16     1    63    65      8        30      60          10 
   17     1    95    30     30       115     145          10 
   18     1    41    37     16       133     163          10 
   19     1    20    20      8       141     171          10 
   20     1    63    23      2        87     117          10 
   21     1     2    45     10        45      75          10 
   22     1    15    60     17       155     185          10 
   23     1     8    56     27        90     120          10 
   24     1    55    85     20       128     158          10 
   25     1    35    69     23       180     210          10 
   26     2    40    50      0         0     240           0 
   27     2    73    52      0         0     240           0 
   28     2    90    55      0         0     240           0 
   29     2    55    79      0         0     240           0 
   30     2    69    89      0         0     240           0 
   31     2    32    80      0         0     240           0 
   32     2    39    96      0         0     240           0 
   33     2    23    80      0         0     240           0 
   34     2     4    83      0         0     240           0 
   35     2    18    58      0         0     240           0 
   36     2     1    56      0         0     240           0 
   37     2    13    31      0         0     240           0 
   38     2    -5    38      0         0     240           0 
   39     2    26    37      0         0     240           0 
   40     2    28    13      0         0     240           0 
   41     2    39    31      0         0     240           0 
   42     2    48    11      0         0     240           0 
   43     2    59    17      0         0     240           0 
   44     2    73    23      0         0     240           0 
   45     2    74    32      0         0     240           0 
   46     2    90    44      0         0     240           0 

ECV fuel tank capacity /79.69/
BSV fuel tank capacity /159.38/
ECV load capacity /200/
BSV load capacity /5/
ECV consumption rate /1/
BSV consumption rate /1/
ECV inverse refueling rate /1.14/
Swapping service time /3.00/
Velocity /1/
