   ID  Type     x     y demand ReadyTime DueDate ServiceTime 
    0     0    40    50      0         0     240           0 
    1     1    88    30     10        59     119          10 
    2     1    20    80     40       126     186          10 
    3     1    20    50      5        76     136          10 
    4     1    20    82     10        37      97          10 
    5     1    60    80     10        36      96          10 
    6     1    55    85     20       113     173          10 
    7     1    41    37     16       118     178          10 
    8     1    30    25     23        81     141          10 
    9     1    18    80     10        98     158          10 
   10     1    31    52     27        26      86          10 
   11     1     4    18     35       105     165          10 
   12     1    25    85     20       130     190          10 
   13     1    63    23      2        72     132          10 
   14     1    18    75     20        80     140          10 
   15     1    27    43      9        27      87          10 
   16     1    55    20     19        68     128          10 
   17     1    49    58     10        71     131          10 
   18     1    60    85     30        70     130          10 
   19     1    57    29     18        81     141          10 
   20     1    15    60     17       140     200          10 
   21     1    21    24     28        72     132          10 
   22     1    72    35     30       101     161          10 
   23     1    63    65      8        27      87          10 
   24     1    42    15     10       107     167          10 
   25     1    55    80     10        33      93          10 
   26     2    40    50      0         0     240           0 
   27     2    73    52      0         0     240           0 
   28     2    90    55      0         0     240           0 
   29     2    55    79      0         0     240           0 
   30     2    69    89      0         0     240           0 
   31     2    32    80      0         0     240           0 
   32     2    39    96      0         0     240           0 
   33     2    23    80      0         0     240           0 
   34     2     4    83      0         0     240           0 
   35     2    18    58      0         0     240           0 
   36     2     1    56      0         0     240           0 
   37     2    13    31      0         0     240           0 
   38     2    -5    38      0         0     240           0 
   39     2    26    37      0         0     240           0 
   40     2    28    13      0         0     240           0 
   41     2    39    31      0         0     240           0 
   42     2    48    11      0         0     240           0 
   43     2    59    17      0         0     240           0 
   44     2    73    23      0         0     240           0 
   45     2    74    32      0         0     240           0 
   46     2    90    44      0         0     240           0 

ECV fuel tank capacity /79.69/
BSV fuel tank capacity /159.38/
ECV load capacity /200/
BSV load capacity /5/
ECV consumption rate /1/
BSV consumption rate /1/
ECV inverse refueling rate /1.14/
Swapping service time /3.00/
Velocity /1/
