   ID  Type     x     y demand ReadyTime DueDate ServiceTime 
    0     0    40    50      0         0     960           0 
    1     1    38    15     10       389     914          10 
    2     1    67    85     20       410     905          10 
    3     1    55    60     16       448     873          10 
    4     1    65    82     10       410     823          10 
    5     1    40     5     10        45     517          10 
    6     1    23     3      7       390     900          10 
    7     1    20    80     40       425     913          10 
    8     1    15    80     10       229     624          10 
    9     1     5    35     10       395     911          10 
   10     1    37    47      6       204     633          10 
   11     1    55    85     20       429     838          10 
   12     1     5    45     10        35     697          10 
   13     1    22    75     30        30     546          10 
   14     1    95    30     30       389     788          10 
   15     1    20    50      5       239     630          10 
   16     1    10    20     19        42     706          10 
   17     1    49    42     13       442     937          10 
   18     1    65    20      6        39     593          10 
   19     1    61    52      3       373     928          10 
   20     1    65    55     14        81     520          10 
   21     1    24    58     19        90     549          10 
   22     1    35    69     23       330     930          10 
   23     1    31    52     27         9     510          10 
   24     1    67     5     25       325     897          10 
   25     1    88    35     20        50     534          10 
   26     2    40    50      0         0     960           0 
   27     2    73    52      0         0     960           0 
   28     2    90    55      0         0     960           0 
   29     2    55    79      0         0     960           0 
   30     2    69    89      0         0     960           0 
   31     2    32    80      0         0     960           0 
   32     2    39    96      0         0     960           0 
   33     2    23    80      0         0     960           0 
   34     2     4    83      0         0     960           0 
   35     2    18    58      0         0     960           0 
   36     2     1    56      0         0     960           0 
   37     2    13    31      0         0     960           0 
   38     2    -5    38      0         0     960           0 
   39     2    26    37      0         0     960           0 
   40     2    28    13      0         0     960           0 
   41     2    39    31      0         0     960           0 
   42     2    48    11      0         0     960           0 
   43     2    59    17      0         0     960           0 
   44     2    73    23      0         0     960           0 
   45     2    74    32      0         0     960           0 
   46     2    90    44      0         0     960           0 

ECV fuel tank capacity /165.63/
BSV fuel tank capacity /331.26/
ECV load capacity /1000/
BSV load capacity /5/
ECV consumption rate /1/
BSV consumption rate /1/
ECV inverse refueling rate /0.54/
Swapping service time /3.00/
Velocity /1/
