   ID  Type     x     y demand ReadyTime DueDate ServiceTime 
    0     0    40    50      0         0     960           0 
    1     1    35    69     23       690     930          10 
    2     1    65    82     10       497     737          10 
    3     1    92    30     10        89     329          10 
    4     1    95    35     20        86     326          10 
    5     1    55    20     19       266     506          10 
    6     1    35    40     16        11     251          10 
    7     1    45    65      9       198     438          10 
    8     1    56    37      6        40     280          10 
    9     1    49    58     10       295     535          10 
   10     1    88    30     10       186     426          10 
   11     1    24    58     19       200     440          10 
   12     1     0    40     20       195     435          10 
   13     1    60    80     10        36     276          10 
   14     1    20    85     20        40     280          10 
   15     1    20    20      8       585     825          10 
   16     1    21    24     28       289     529          10 
   17     1    55    60     16       541     781          10 
   18     1    31    52     27        97     337          10 
   19     1     8    56     27       305     545          10 
   20     1    42    10     40       194     434          10 
   21     1     0    45     20       643     883          10 
   22     1     5     5     16       172     412          10 
   23     1    44     5     20       275     515          10 
   24     1    22    85     10       411     651          10 
   25     1    18    75     20       328     568          10 
   26     2    40    50      0         0     960           0 
   27     2    73    52      0         0     960           0 
   28     2    90    55      0         0     960           0 
   29     2    55    79      0         0     960           0 
   30     2    69    89      0         0     960           0 
   31     2    32    80      0         0     960           0 
   32     2    39    96      0         0     960           0 
   33     2    23    80      0         0     960           0 
   34     2     4    83      0         0     960           0 
   35     2    18    58      0         0     960           0 
   36     2     1    56      0         0     960           0 
   37     2    13    31      0         0     960           0 
   38     2    -5    38      0         0     960           0 
   39     2    26    37      0         0     960           0 
   40     2    28    13      0         0     960           0 
   41     2    39    31      0         0     960           0 
   42     2    48    11      0         0     960           0 
   43     2    59    17      0         0     960           0 
   44     2    73    23      0         0     960           0 
   45     2    74    32      0         0     960           0 
   46     2    90    44      0         0     960           0 

ECV fuel tank capacity /229.26/
BSV fuel tank capacity /458.52/
ECV load capacity /1000/
BSV load capacity /5/
ECV consumption rate /1/
BSV consumption rate /1/
ECV inverse refueling rate /0.39/
Swapping service time /3.00/
Velocity /1/
