100

6350	3650

20	90

0	83870	93550	85120	97180	11900	67890	84740	94610	52540	96040	98790	94910	58860	56050	56800	66080	57230	55630	41580	46490	35360	99730	90780	96190	42680	39560	78610	46430	43980	56890	55840	98090	91040	89730	56680	38060	52280	34420	92700	73730	57070	46820	79450	49030	97120	59460	49140	60040	67550	90170	92840	40420	65850	67100	28360	13780	98850	47040	13080	6540	78030	96850	25460	95030	64100	78420	57860	67110	34350	82200	90830	23460	59500	62500	59540	70600	38110	97710	96450	33930	53580	64390	59920	84370	61540	36340	44540	48570	23040	89060	62220	90880	98830	98370	99180	84890	83540	24890	60350	55840	
83950	0	124561	141031	94270	93050	82250	86770	178434	131930	33350	178812	63670	90061	62171	85280	64530	115361	125490	51531	39380	56410	90070	170445	60700	86411	64700	86060	41280	123120	120311	130330	174845	72020	171964	51671	74781	35070	69911	71040	105371	39211	120930	38210	123841	177075	86421	34730	24900	139751	9630	65280	95921	20550	141590	98220	92920	146430	53780	74860	78750	84820	15310	64370	17660	75190	153891	102090	75080	76100	160515	168902	65720	30941	54060	64980	151020	99681	112650	43440	103101	63631	108910	141540	65920	57170	119110	114400	53641	87010	80340	123990	165671	68650	171921	171091	129270	156940	84610	47080	78321	
93570	124701	0	36280	38650	100251	44130	43100	110200	90570	156231	130240	78020	36830	63860	147600	61700	39770	138730	85080	98370	84180	48460	98120	82800	53310	123640	169410	95170	82360	51800	133780	96100	62720	105650	75700	60760	101270	68520	66370	20690	87760	128510	150720	65610	103400	41070	115890	114600	63840	132941	70920	55590	109771	125990	115801	82140	187310	128240	86370	91570	40231	121051	105810	118431	51850	78940	149451	51060	126990	88190	132860	82790	98911	71200	144880	92710	58160	21230	166321	61930	62920	155981	102860	68050	69060	96410	130960	73410	72550	51920	150031	77530	76550	81100	69890	175841	156510	70740	79670	50110	
85080	139801	35750	0	74220	90051	65130	73750	74550	66940	171151	99700	107220	50170	79090	141361	82060	29590	115450	95870	111330	90920	84030	62350	112000	56180	122690	163391	108040	58750	30300	110500	60080	92430	71410	91590	66830	114230	74590	95940	46080	101870	105230	153160	44110	67380	57850	122850	127360	30410	148041	100390	48570	123111	102360	101100	71940	164410	127290	81710	86890	67320	143180	104030	140660	71340	42920	137390	72380	119520	52540	104340	84420	112400	89110	142380	63430	49660	56980	172300	51730	76390	143920	78930	95590	87460	73510	113050	86880	66420	82570	132860	41520	106890	45080	33870	160090	132880	65650	96330	63450	
96890	94740	38410	74140	0	106671	30360	12470	143690	115860	126640	159300	41160	41450	46080	139020	39810	65960	149461	68570	81730	70610	11600	131610	45940	59050	115060	160830	78530	104020	81610	149461	133960	25860	138010	52910	59250	82500	62860	29510	30400	65900	140441	131330	92070	138240	37790	98990	96790	97960	103220	34060	65870	86530	151160	122221	88600	191090	115830	85110	92290	20300	90450	98080	87830	35820	113970	145820	31410	118710	121680	159250	76960	76650	47900	134750	121760	72510	19670	136730	77770	47030	152640	129250	31660	46270	114650	138371	56620	76780	15400	156351	115400	39690	118960	107750	173930	177161	73950	56370	44930	
10800	93100	99470	89760	106860	0	77960	94810	86330	44260	105010	88400	105280	65610	66120	50880	76150	62900	43850	52080	56990	45430	109800	86980	106690	49430	39010	72690	56930	39290	61530	44670	97690	101110	81450	66750	48130	62780	44490	102770	80480	67570	35650	83400	53670	90200	69530	58370	69270	72190	99400	102910	47170	76350	55930	16580	18840	87070	51300	23270	17040	88100	106080	30510	105530	74170	81000	49680	77180	29520	80780	79660	33530	70000	72570	58250	62320	44860	105740	100440	39350	63650	56210	49950	94440	71610	26380	32760	58640	31610	99130	50440	93460	108900	101840	103820	73260	72370	34450	70850	65910	
67930	82451	44190	65210	31330	78130	0	18360	120420	89480	113060	134100	45890	16210	20890	110050	18730	43640	121860	42200	55400	43620	33350	109960	50580	30940	87960	131860	52200	77640	59380	121941	113430	31100	113950	32730	30280	58300	35760	34610	23420	44790	112921	105210	66870	116590	8950	72660	71370	78820	90691	39060	39340	65971	124780	94590	61070	162120	89360	57310	64490	11720	82250	70980	79630	8880	92960	117780	7320	91610	100030	132870	49860	55941	28230	107220	96560	46130	41550	122390	51390	20040	124600	102860	31570	26090	88270	110770	30530	47810	25280	128450	103730	45560	109770	98782	144960	149641	44980	36700	15320	
84690	87020	43160	73850	13420	94890	18160	0	135530	105770	118550	149210	34950	31360	34260	124950	27990	58750	138620	56750	69910	58410	15450	125070	39730	47990	102860	146760	66710	93930	74490	138830	128540	19650	129060	41090	47260	70680	50660	23300	28220	54080	129810	119750	81980	131700	26000	87170	85820	93930	95260	27850	55780	75261	141070	111350	78050	177020	104010	72910	80090	8100	83370	85880	80750	23620	108070	132680	19590	106510	115140	149160	64760	65231	36080	122230	111670	62420	30260	128640	67680	34830	139500	119150	24950	34450	104560	127530	44800	64790	8820	145130	115110	34250	118670	106722	159860	166530	61960	44550	32730	
94530	177103	109890	74400	143690	85930	120150	135290	0	42520	186090	26820	165952	105100	123741	129590	133771	80820	76440	127612	134630	120350	150280	14880	168242	95811	119760	151400	134180	52210	62500	66440	21841	151180	6510	130002	101281	140370	106332	154690	113570	137642	70820	163320	56020	9350	112870	140140	151040	47300	184890	159140	86670	154180	49650	82900	81190	120010	133250	100320	99840	128360	182042	116280	179412	124730	33420	113690	127400	109440	22120	36650	108450	145882	133082	138170	25790	79400	131120	182540	75300	120221	120220	39590	151420	132592	61240	85300	122492	92931	143650	93470	38260	166360	39970	54790	118660	79390	93951	135772	114230	
52490	131650	90260	67030	116230	43890	89390	105650	42920	0	144600	50110	131111	74980	88860	88100	98890	57810	51170	85900	92590	78310	120640	43570	133401	60930	78270	109910	92140	12770	39050	46220	54280	117600	38040	94970	66400	98330	69230	121110	89850	101460	42570	121830	29860	46790	81670	97910	108810	41220	137950	125560	52980	111950	35440	41410	39150	97240	91760	58280	57800	98720	143130	74240	141100	90210	41841	76630	93220	67950	37370	44280	66410	105350	98241	96680	18910	45720	111490	141050	38950	85340	83160	13670	116900	97751	19200	51980	87080	52100	114010	68200	52891	132060	59372	69411	95390	65960	54940	100740	79900	
96230	32970	154170	167370	126070	105130	109350	117920	185920	144600	0	181040	94790	116400	88510	73150	92750	141700	129360	71510	58920	76340	121870	187320	91820	110950	68080	68530	60820	138500	146160	136140	197453	103140	181040	78010	99280	55090	91720	102170	131710	65550	126920	23710	143162	190380	112760	47010	42940	162682	26450	96410	120460	43660	147400	104970	106230	132350	54510	87140	91040	115910	46530	76130	48750	103110	175733	93770	103300	77200	180473	171130	85260	56740	82370	53420	162660	124770	144450	14670	123561	89970	101290	147930	97050	85480	129990	116370	79980	102510	112140	124470	190242	99780	196492	202914	119850	160810	103510	74800	104660	
97340	178562	129140	98840	159210	87830	133490	148630	25690	49370	180750	0	179292	118440	137081	124250	147111	96690	65980	135230	140460	127640	168440	40020	181582	109151	114420	146060	141470	61760	77930	54320	46151	165821	30410	143342	114621	146570	118560	169331	129440	150790	60030	157980	69360	33660	126210	140120	151500	70220	184080	173781	100010	160010	34130	77410	88480	101330	127910	107610	103580	141700	191882	111940	192182	138070	58560	103230	140740	104100	47260	10490	115740	154360	146422	132830	37400	92740	150370	177200	87940	133561	109760	38670	165121	145932	63810	74510	135832	101430	156990	81710	62570	181151	64280	79100	105180	57960	104270	149112	127570	
95040	64500	77970	107110	40850	105500	45720	34810	166143	131082	95800	179823	0	61850	42780	128434	34670	89280	148310	55240	64450	61710	34370	155600	5120	72090	106640	144572	61250	119242	105020	149700	159070	17060	159673	39240	64840	59200	62640	12850	61480	44780	140420	100660	110960	162230	54590	78250	68900	124460	72740	7090	80850	57850	160960	121040	92580	182160	97700	82510	89690	40320	60190	90990	57570	43520	138600	137820	38970	111650	145670	174472	73160	51800	34120	115560	142200	88630	59230	105890	92992	47680	144640	143890	19360	35280	122380	137220	47390	80250	26890	151900	148370	5180	152630	139982	165000	177400	77420	36480	53930	
59110	89901	37080	50280	41750	65891	16030	31170	105170	75080	121110	118850	61850	0	29420	107190	32960	28390	108681	48880	62080	47850	46160	94710	66540	18270	84560	129000	58880	63240	44130	108681	98180	47060	98700	41920	24430	64980	32190	50570	16560	52200	99661	113220	51620	101340	8750	79160	78050	63570	98141	55020	25090	73421	110380	81441	47820	153021	89160	51330	56530	24240	93510	67580	90990	22240	77710	114380	23280	88210	84780	118470	46460	62730	39440	104470	81310	31730	41010	130550	36990	26720	121200	88460	47530	37790	73870	97591	37210	37510	39530	115571	88480	61520	94520	83852	139211	136381	35700	46660	13780	
56020	61561	63970	79260	47210	66220	20840	34240	123691	88850	88271	137371	42680	29650	0	94830	10030	54920	109950	22490	35650	24870	47420	115080	45210	29310	72740	116640	32450	77010	64500	110160	118550	35700	117221	13570	23280	38260	21990	36780	43200	23900	101140	83220	68620	121710	26010	52910	51620	83940	69801	37151	39590	45081	120320	82680	51930	147620	69750	44030	51210	27970	64720	56440	62200	14600	98080	103280	15360	77110	105150	132240	35340	35051	10650	87610	99831	46290	59710	97601	50760	4910	110100	102230	29520	9000	81730	98860	10540	39600	35410	116220	108850	43961	115100	111501	130460	137860	36770	17870	17910	
56570	85060	146150	140760	139700	50490	109680	125380	130270	88950	73240	125390	127910	107340	94790	0	103300	112370	61960	75760	64760	70680	140370	131670	126312	92800	23970	21910	68350	87590	111000	70870	143030	128000	125390	92560	81900	70810	74220	129080	124930	86000	67890	51480	103140	134730	103720	51190	63270	121930	84880	127600	95910	70932	90860	49320	68310	65410	33210	60730	56080	118740	98380	40540	98680	104060	130030	22170	107070	23410	125470	114730	60700	78600	98880	23220	107010	94330	144350	64610	88820	93230	29690	92270	120750	97920	74680	53520	84950	75860	129020	52870	141641	132170	148122	153560	48250	90820	76860	93350	100100	
66400	64870	61800	82150	40850	76600	18670	27880	134071	99230	92401	147751	34990	33150	10380	103530	0	60580	120330	31090	44020	33570	40680	125250	38090	39690	81440	125340	40820	87390	74670	120540	128720	27610	127601	15040	33660	44630	32370	28690	41030	28030	111520	91590	79000	131880	25640	61280	59990	94110	73110	29871	49510	49211	130700	93060	62310	156420	78450	54260	61440	24110	64870	65140	62250	11610	108250	112080	11500	85910	115320	142620	44910	39181	10540	96310	110211	56670	55850	101731	61140	15290	118900	112620	21430	8400	92110	109240	19140	49980	28670	125790	119020	36681	125270	115722	139260	148240	47150	19010	23030	
57270	114951	39240	29570	66210	63171	43350	58490	81060	57700	141360	97370	89170	28300	54930	112911	60280	0	102340	67970	81210	63020	73480	68980	93860	28280	93020	134941	77920	48730	18980	97390	72450	74380	75380	66860	38930	84110	46690	77890	36090	75460	92120	123490	30800	75610	36070	93180	97240	37580	123191	82340	20670	96681	93120	78721	45060	150920	97620	53810	58990	51560	119020	76040	116500	49560	51980	112271	50600	91310	59050	99990	56520	85550	64950	112710	59830	21860	58450	142630	24850	52230	118801	69990	74850	63300	60020	93880	60310	38520	66850	112851	62490	88840	67910	58361	138661	123270	37750	72170	39760	
54470	125210	138040	115680	149880	43670	121630	138480	76180	51650	129020	66500	147900	108630	109790	62000	119820	102400	0	94570	90820	89100	153470	85710	149180	92450	62690	79670	94410	57220	86830	12730	96270	144780	76500	110420	91800	96870	88160	146440	123500	110060	15280	106250	76410	84030	113200	90480	101860	91920	131510	146580	90190	110310	32720	27830	61860	47960	76180	66940	60710	131770	138530	62300	138830	117840	89770	41080	120850	52370	81330	56590	77200	104660	116240	80860	61770	86560	148760	123290	79790	107320	46550	43890	138110	115280	46450	13380	102310	74630	142800	18920	100820	152160	106580	117340	46110	31600	77470	113340	109580	
41880	51370	85040	95560	69660	52600	41910	56690	127993	85960	71570	135520	54980	48920	22450	76110	30900	67660	95150	0	14170	8170	69540	120004	56260	40610	54020	96280	10970	77150	72090	96540	124404	55600	121523	18380	28980	17070	21420	56680	64270	15980	87520	61740	74443	126634	45280	31430	30140	91530	58480	54670	50120	31600	107800	67880	46950	129000	48550	29960	36680	50290	58140	37720	55620	36190	105334	84660	37810	58490	110074	129690	20610	20790	24950	66410	104020	53880	82030	78740	54842	22490	91480	98570	47930	25500	77040	84060	12220	40110	57530	98740	116440	59240	123170	122340	111840	124240	37340	20420	37180	
46730	39240	98300	111350	82730	57450	55170	69760	134940	92870	58630	140560	63910	62180	35520	64830	43920	80900	90820	14450	0	19280	82550	130823	63580	53850	42740	83830	3760	84060	85330	95660	135223	67320	130060	30930	42220	6220	34660	68200	77530	22000	86260	48000	85262	137200	58540	17690	17120	103102	45540	63600	63360	19540	106920	63550	53860	119610	36100	36870	41530	63490	50720	29700	48720	49450	116153	75270	50880	49100	120893	130650	26660	14010	37380	53960	110930	66870	95230	65000	65661	35750	82090	105460	59280	38050	81890	79730	24980	47950	70540	94410	128012	68170	134262	134732	102450	122270	45550	29350	50440	
35400	56870	84530	90640	71450	45600	43460	58480	120680	78610	76690	128170	61630	48120	24830	71520	33340	62740	89330	8410	19290	0	71980	114663	63090	35690	49430	93330	16000	69800	67170	89540	119063	58040	115800	23100	24060	22190	16500	59120	63880	23970	80520	62620	69102	121293	44880	32310	35260	86610	63600	59260	45200	36720	100800	62060	39600	123730	46830	22610	29790	51840	66130	32590	63610	37740	99993	79390	39530	53220	104733	122340	13260	28170	28920	64690	96670	48960	82010	79620	49501	24800	86210	91220	50790	27960	69700	78240	14990	32760	59970	93470	111520	65250	118102	117420	106570	117240	29990	27250	36780	
99740	90860	48550	84280	11430	109940	33210	15320	150580	120820	122760	168900	34580	46410	48030	140540	41410	73800	153670	69970	82900	72450	0	140120	39360	63040	117910	162350	79700	108980	89540	153880	143590	19500	144110	53860	62310	81520	65710	22930	40540	64150	144860	127450	97030	146750	41050	100160	94660	108100	99340	27480	70830	83870	156120	126400	93100	192610	117330	87960	95140	23150	86570	100930	83950	38640	123120	147730	33730	121560	130190	164210	79810	74520	47860	135760	126720	77470	29810	132850	82730	49790	154550	134210	28800	47280	119610	142580	58020	79840	13250	160180	125540	30820	129100	117890	175450	181741	77010	55100	47780	
90900	169424	97960	62470	131790	86470	109690	124830	14910	43060	187180	40350	155510	94640	115380	130680	125410	68920	85890	119933	130892	114652	139820	0	160200	87450	120850	152490	129832	51260	50600	75930	12080	140720	12740	122323	93602	136022	98653	144230	101670	129963	77880	164410	49180	8420	102410	136910	147810	35400	177373	148680	77790	150603	59480	83990	77700	129500	134340	96690	96210	117900	174363	116360	171733	115100	21520	119210	116940	110530	10220	50090	104820	138203	125403	139260	26380	71600	119190	183630	68460	111860	125740	43570	141190	124380	61780	90300	114813	85252	133190	102960	25550	155180	28580	42370	128150	90830	86272	128093	104600	
96000	60730	82720	111860	45600	106720	50290	39560	167913	132852	92030	181593	5060	66420	45260	125464	37710	93850	149270	56200	62770	62670	38650	159924	0	74570	104914	141390	61150	121012	109590	150660	163640	21810	161443	40970	66610	57360	64410	17600	66230	43760	141640	96890	113840	166554	59160	75280	65930	129030	68970	11840	84620	54880	161920	122000	94350	182210	94730	84400	90800	45070	56260	91950	53640	47290	143170	137870	42930	111700	149994	176242	75050	49460	35850	112590	144053	91510	63980	102120	94762	50160	144690	145660	23130	37760	124150	138180	49280	82020	31640	152860	153110	9030	157380	144732	165050	178360	79190	37440	57700	
42800	85821	53520	56140	59380	49581	30890	47780	95761	60920	111570	109441	71980	18130	29300	93090	39330	28240	92371	40630	53870	35680	62770	87150	74510	0	71000	114900	50580	49080	36570	92371	90620	58210	89291	40080	11590	56770	19350	61720	33000	48120	83351	100670	40690	93780	22280	67360	69840	56010	94061	66170	11810	69341	96220	65131	31510	135891	75600	34290	39490	40850	90760	54020	88240	30820	70150	97820	33830	71790	77220	104310	32900	58210	39950	90370	71901	18360	58260	118000	22830	25780	104640	74300	57510	38300	59710	81281	32970	20940	55710	99261	80920	72670	87170	85161	122081	120071	18660	45850	20510	
39630	64820	122200	122760	115750	38860	87760	102780	120400	79080	67920	115520	105990	84740	72870	24600	81380	93010	63840	53840	42840	48760	117770	121800	106152	70880	0	46410	46430	75960	95740	70620	133160	106080	115520	70640	59980	48890	52300	107160	100980	64080	61400	46410	88670	124860	81800	30950	43030	107460	69940	105680	75470	50772	81880	39450	53420	82060	13770	40290	39140	96140	78140	18620	78440	82140	118330	37720	85150	11730	115600	105610	38780	56680	76960	21880	97140	75610	120400	63450	73570	71310	44540	82410	98830	76000	63050	50850	63030	55420	107100	59620	130790	110250	138252	139090	64900	95290	56420	71430	78180	
77810	86590	167390	162480	160940	71730	130920	146620	151510	110150	68590	146630	144781	128580	116030	21330	124540	134090	78960	96200	83680	91920	161610	152910	142411	114040	45210	0	87270	109310	132720	87870	164270	149240	146630	112950	103140	88330	95460	150320	146170	104920	84890	50510	124860	155970	124960	67570	78680	143650	83920	145601	118360	87031	107860	69110	90030	64520	48820	81970	77320	139980	100580	61780	102470	125300	151270	39170	128310	44650	146710	134430	81940	96090	119520	30480	128250	116050	165590	56530	110540	114470	43030	113480	141990	119160	96400	70520	106190	97100	150260	68900	166980	149761	174810	181252	53600	103760	98100	112270	121340	
46610	41610	94860	107910	79290	57330	51730	66320	134590	92520	61000	142080	60470	58740	32080	68180	40480	77460	94170	11010	3520	15840	79110	129683	61590	50410	46090	87180	0	83710	81890	99010	134083	63880	129710	27490	38780	7400	31220	64760	74090	18560	89610	51090	84122	136313	55100	20780	19490	101330	47910	60160	59920	21930	110270	66900	53510	122960	39450	36520	41410	60050	52910	33050	50590	46010	115013	78620	47440	52450	119753	134000	26310	14490	33940	57310	110580	63680	91790	68090	64521	32310	85440	105130	55840	34610	81770	83080	21540	47600	67100	97760	126872	64730	133122	132670	105800	125620	45010	25910	47000	
44070	123230	81820	58780	104100	38880	77260	93520	52080	12780	138420	62000	118981	62850	76730	87700	86760	48760	57020	77480	84170	69890	108510	51360	121271	48800	75830	109730	83720	0	30610	52070	60690	105470	47200	83031	54270	89910	59361	108980	77720	90671	46800	119800	20210	55950	69540	89490	100390	35980	129530	113430	40850	103530	48080	43430	30730	103090	88870	49860	49380	86590	134291	68780	131771	78080	43310	78650	81090	66340	43780	56170	57990	96930	86111	95070	28070	33590	102980	138940	26820	73210	85180	26170	104770	85621	15840	55380	75521	42560	101880	74050	55770	119930	64150	67610	100930	77950	44720	88801	67770	
56920	119541	51210	30300	81630	61891	59090	74230	62660	39350	145860	79020	104910	44040	64780	111631	74810	18760	87510	72470	85710	67520	89220	50580	109600	36850	95380	133661	82420	31140	0	82560	54050	90120	56980	72320	43430	88610	51190	93630	51510	79960	77290	127260	14390	57210	51810	95540	101740	19440	127781	98080	27190	101181	74770	72780	43780	136090	101390	56170	61260	67300	124480	78400	121850	64500	33580	108000	66340	90271	40650	81640	61020	90050	75430	116480	41480	21000	72440	146400	23570	61260	114530	51640	90590	73780	45190	84730	64810	41150	82590	104540	44350	104580	50600	49480	130700	105290	42170	78090	54000	
54630	129870	132810	110450	149600	44290	121700	138590	65870	46420	135770	54940	149240	108350	109950	70870	119980	97170	12700	95910	95480	89260	153580	75590	150520	92170	69440	88540	99070	51990	81600	0	85960	144940	66190	110580	91960	101530	88320	146600	123220	111400	11320	113000	71180	73720	113090	95140	106520	86690	136170	146740	88590	114970	20490	32430	61370	54790	82930	67100	60870	131660	143190	66960	143490	118000	84060	49950	121010	59120	75620	44840	77360	109320	116400	87850	56060	81330	148480	130040	74560	107480	56480	38190	138270	115440	41220	22250	102470	74350	142960	29730	95110	153500	100870	111630	53440	29370	77190	114680	109740	
98340	173704	95720	60230	134190	96970	113060	128200	21501	53560	195652	46411	158880	98010	118750	141890	128780	72290	96310	124213	135172	118932	143190	12090	163570	90820	132060	163700	134112	60510	53970	86310	0	144090	22920	126290	97400	140302	102933	147600	105040	134243	88660	175620	55940	15400	105780	144350	153053	38260	181653	152050	81160	154883	69860	94490	85140	139880	145550	104130	103650	121270	178643	123800	176013	118470	24380	130420	120310	121740	17090	56241	110042	142483	129400	150470	37980	74970	116950	196812	74501	115230	136950	54350	144560	127750	72280	101900	118780	89532	136560	113340	23090	158550	21080	35900	138530	99981	90552	132060	107970	
91110	72810	62870	92430	25750	101310	31070	19710	151410	117530	104670	166311	16990	47200	35730	128110	27630	74630	145040	55670	67240	58150	19530	140950	21770	58160	106020	149920	64040	105690	90370	145250	144420	0	144940	38220	54170	64820	57080	5340	46800	47730	136230	108970	96670	147580	39940	84500	76870	109810	81050	9890	66560	65820	152830	117770	84960	181000	102790	78840	86020	25640	68520	89720	65900	29230	123950	136660	24320	110490	131020	160920	69490	57750	32220	120650	127550	74340	44130	114760	79440	38600	143480	130910	10750	32300	114760	133950	43720	71700	11790	150370	133680	16290	137250	125302	163840	174971	68870	38680	39640	
89590	171043	105641	71700	138180	80990	114090	129230	6920	37580	181150	31060	159892	99040	117681	124650	127711	75310	76610	121552	129690	115410	144220	12810	162182	89751	114820	146460	129240	47270	56990	66610	22791	145120	0	123942	95221	135430	100272	148630	108060	131582	68960	158380	49960	9520	106810	135200	146100	42860	178992	153080	80610	149240	50160	77960	76250	120180	128310	95380	94900	122300	175982	111340	173352	118670	30930	113180	121340	104500	19630	39100	103510	139822	127022	133230	20850	73340	126871	177600	69240	114161	119710	34650	145360	126532	56300	81380	116432	86871	137590	93640	36850	160300	39730	53670	118830	79950	87891	129712	108170	
56630	50941	75880	91720	53950	66830	32750	40980	130481	94920	77651	144161	39100	42110	13730	93110	15030	66570	110560	19060	31170	23150	53260	122492	40920	39860	71020	113900	27970	83540	72080	110770	126130	38140	124011	0	28970	29880	25910	39220	55110	13280	101750	78740	76200	129122	38470	48430	45371	91520	59181	38290	50110	34461	122030	83290	56210	146000	66170	43840	51020	38190	53750	54720	51230	25690	105660	101660	25580	75490	112562	138650	34490	24431	7260	84030	106621	53870	69930	86981	57290	15680	108480	107530	30250	7820	86010	99470	8720	44830	41250	115370	116430	42860	122680	121850	128840	138470	42000	5780	30370	
38200	74231	61170	66580	59540	48400	30250	47320	101511	66410	99680	115191	65290	24760	23240	82220	33270	38680	92130	29040	42280	24090	62310	93522	67580	11630	60130	104030	38990	54570	43110	92340	97160	54200	95041	28890	0	45180	7760	57710	40650	36530	83320	86080	47230	100152	21820	55770	58250	62550	82471	60391	21140	57751	99820	64860	31430	134290	64730	27580	34760	40390	79170	43150	76650	26810	76690	89950	29820	63780	83592	109800	22030	46620	32420	79500	77651	24900	60070	103190	28320	19720	96770	79800	52760	31930	61230	81040	21380	18170	51770	98720	87460	67201	93710	92590	117130	120040	15340	34660	18200	
52360	35120	100690	113740	83610	63080	57560	70640	140420	98350	54940	146590	58530	64570	37910	70860	44690	83290	96850	16840	6200	21670	82120	135513	58020	56240	48770	88410	7230	89540	87720	101690	139913	64310	135540	29950	44610	0	37050	64990	79920	19570	92290	49990	89952	142143	60930	21250	15830	107160	41850	59230	65750	14970	112950	69580	59340	125640	40680	42350	47160	65880	46150	35730	43830	51840	120843	81300	53270	55130	125583	136680	32140	8280	35600	58540	116410	69510	97620	64270	70351	38140	88120	110950	57190	37480	87520	85760	27370	53430	70140	100440	132702	63510	138952	138500	108480	128300	50840	27570	52830	
34600	69600	69000	74410	63700	44800	35710	50730	106843	69220	91920	118780	62440	32590	22040	74660	32070	46510	88530	21280	34520	16330	65720	98854	64730	19460	52570	96470	31230	59942	50940	88740	103254	57030	100373	25740	7830	37420	0	58820	48480	32770	79720	78320	53293	105484	29650	48010	50490	70380	77840	59191	28970	51950	98900	61260	30510	126730	57170	22620	29800	44090	74930	35590	72410	30090	84184	82390	33100	56220	88924	112950	14470	39550	29570	71940	82983	32730	67900	95320	33692	19570	89210	81830	51560	29080	60310	77440	17850	20400	55050	94840	95290	66001	101540	100710	109570	116440	17570	31510	26030	
92720	71480	66110	95720	28990	102920	34330	22950	154670	120790	103170	169571	12770	50460	36820	129200	28720	77890	146650	56760	68270	59240	22510	144210	17550	61420	107110	151010	65070	108950	93630	146860	147680	5200	148200	39250	57430	65050	58700	0	50090	48760	137840	107640	99930	150840	43200	84890	75540	113070	79720	5670	69820	64490	156090	119380	88220	182090	103820	79930	87110	28930	67190	90810	64570	32490	127210	137750	27580	111580	134280	164180	70580	57980	33250	121680	130810	77600	47370	113260	82700	40220	144570	134180	11630	33330	118020	135560	44810	74960	15030	151460	136980	12070	140540	128592	164930	176591	72130	39710	42900	
73840	104731	20770	46090	30640	80621	23440	28190	113750	89810	136081	129820	61660	16520	43170	124840	41010	36020	123411	64390	77590	63870	40450	101670	66440	33000	100880	146650	74390	77970	51670	123411	105140	46870	108070	55010	40450	80490	48210	50380	0	67070	114391	129850	62590	108300	20380	94740	93730	68020	112971	54830	39820	88251	125110	96171	62550	169921	105480	66060	71260	21760	102440	83600	99820	31160	84030	129721	30370	103560	91750	132270	62480	78221	50510	122120	92280	45350	25510	145601	51720	42230	136251	102270	50030	48370	88600	112321	52720	52240	37010	130301	87340	61330	90910	78962	156111	151111	50430	58980	29800	
57250	39251	87960	101450	66620	67970	44830	54060	138071	101530	65961	151090	44370	51840	24010	86080	28110	75240	110520	16140	21800	23740	64710	130082	44240	48190	63990	105080	18600	91130	79670	111910	134482	48130	131601	13370	36560	19660	33070	49010	67190	0	102890	68001	83790	136712	48200	39060	33681	99110	47491	44410	57700	22771	123170	83250	62520	140860	57350	45530	52050	51270	43060	50950	40540	38610	113250	96520	38660	70350	120152	145260	36180	12741	18190	75210	114211	61460	83010	75291	64880	25410	103340	114130	40090	20900	92410	99430	15420	52420	52730	114110	125030	48980	131280	130450	123700	139610	49590	10160	40100	
45550	120790	127750	105470	140520	35210	112620	129510	70260	42840	126690	60530	140030	99270	100870	67880	110900	92110	15240	86830	86400	80180	144500	77680	141440	83090	60360	85550	89990	47010	76540	11420	88750	135860	68980	101500	82880	92450	79240	137520	114140	102320	0	103920	66120	77730	104010	86060	97440	81710	127090	137660	80830	105890	26890	23350	52140	61310	73850	58020	51800	122580	134110	57880	134410	108920	81740	47170	111930	50040	73300	50620	68280	100240	107320	78770	53740	76270	139400	120960	69500	98400	53700	35860	129190	106360	35780	14470	93390	65270	133880	32270	92790	143650	98550	109310	59460	38910	68110	105600	100660	
80120	38260	152290	153990	131350	83280	105010	119730	163400	122080	23910	158520	100080	114030	84860	51490	93250	124240	106840	63790	49770	63460	127150	164800	97110	101590	46530	50390	53100	120380	128380	113620	176160	108420	158520	80270	86890	50740	79330	107450	130260	67950	104400	0	125232	167860	108510	31360	37770	144752	35590	101690	106700	46060	124880	82450	90370	114210	33500	71280	75170	113460	52250	56590	54140	99230	157803	72110	100720	54680	158600	148610	69530	58500	84770	31330	140140	106840	147260	17680	105631	85090	79630	125400	102330	87390	107470	93850	74320	86650	117420	102620	169662	105060	178922	185344	98190	138290	87650	77200	100280	
49130	122582	64950	44040	91990	54041	66270	81410	56170	30000	142371	69850	111080	51220	68980	103781	79010	30570	76470	73732	84691	68451	96400	49050	114190	41050	88690	125811	83631	20240	13740	71520	55770	96910	49700	76122	47401	89821	52452	100420	62380	83762	66250	123751	0	55390	58990	93441	101631	24180	130231	104870	31390	104051	65420	61740	35930	125050	96170	54071	54440	74480	127382	74590	124862	69520	36100	96960	72530	82421	40470	72290	59561	92002	79202	111151	32310	24120	86180	142891	20020	65460	103490	42280	96210	77980	34150	73690	68612	39051	89770	93500	48560	111370	55340	55810	119660	95940	40071	81892	59210	
97300	176114	103410	67920	138480	89340	116380	131520	9300	45920	190030	34210	162200	101330	122070	133530	132100	75610	84190	126623	137400	121342	146510	8480	166890	94140	123700	155340	136522	55610	57290	74190	15860	147410	9110	129013	100292	142712	105343	150920	108360	136653	77300	167260	55580	0	109100	143310	154210	42090	184063	155370	84480	157293	57400	86300	84100	127760	137190	103090	102610	124590	181053	119680	178423	121790	28210	121440	123630	113380	16910	44040	111220	144893	132093	142110	29190	78290	124640	186480	74860	118550	127970	42990	147880	131070	64640	89720	121503	91942	139880	101220	31000	161870	32710	47530	126410	87140	92962	134783	111290	
59380	86361	41160	57940	37990	69580	8880	25770	113150	81630	116240	126830	54700	8940	25880	103950	25640	36370	113261	45340	58540	44810	40760	102690	59390	22260	81860	125760	55340	69790	52110	113261	106160	39910	106680	38380	21730	61440	29490	43420	20390	48660	104241	108290	59600	109320	0	75620	74510	71550	94601	47870	30660	69881	116930	86021	52400	156020	86460	48760	55940	18840	89970	64880	87410	14920	85690	111680	16130	85510	92760	125020	43760	59190	35140	101230	89290	38400	38520	125620	43540	23180	118500	95020	40380	33000	80420	102171	33670	39260	33700	119900	96460	54370	102500	91512	138860	140961	36430	43120	10240	
49220	34730	117610	122840	100710	58320	73150	87740	140300	98230	46900	140500	79540	79330	53500	51470	61890	93090	90760	32430	18410	32310	100530	136490	77170	67370	30890	67640	21740	89420	95820	95600	143800	85300	135420	48910	55740	21620	48180	86090	94690	39980	86200	30310	94082	142830	75690	0	12940	113260	41030	80330	75550	21790	106860	63490	59220	112620	19970	40130	44020	81470	48050	29640	48350	67430	124130	68280	68860	42290	127910	130590	38380	29380	55360	37830	116290	75690	114800	47310	74481	53730	75100	106810	77260	56030	84380	79670	42960	55500	88530	90180	136590	84520	144080	144890	95460	122210	56500	47330	67590	
60030	24930	115030	126640	97110	69130	70460	85050	151110	109040	42860	151710	69700	77470	50810	63620	59200	96190	101970	29740	17150	34570	95120	147300	67330	69140	43040	78680	19050	100230	100620	106810	152934	77100	146230	45450	57510	15690	49950	76280	93000	33120	97410	37020	102092	153640	73830	12930	0	120060	31230	70520	78650	11950	118070	74700	70030	124770	32120	50940	54830	78780	38250	40850	38550	64740	133864	80430	66170	54440	138604	141800	43490	23330	49420	49980	127100	82410	112110	51340	82491	51040	87250	118010	69980	52530	95190	90880	40270	64780	83220	102330	145723	74680	151973	151400	107610	133420	62380	42130	65730	
67830	138971	63771	30440	97930	72741	78520	93660	47330	41190	162531	70970	124340	63470	84210	122741	94240	37590	91910	91900	103171	86931	107740	35250	129030	56280	108680	144771	101850	35870	19430	86960	38160	109550	42780	91750	62860	108040	70620	113060	67920	99390	81690	143911	24280	41880	71240	113601	121052	0	147211	117510	46620	120731	75350	78220	54630	140820	117900	72551	73140	86730	143910	93290	141280	83930	16980	114510	85770	101290	25320	75610	78041	109480	94860	130111	34700	40430	85001	163051	42190	80690	121040	51230	110020	93210	50630	90170	84240	57531	102020	109270	25540	124010	31790	33310	137210	106310	58551	97520	73430	
90200	9600	132811	149261	102930	99300	90480	95020	185590	138180	26520	185062	71900	98291	70401	84340	72760	123591	131740	58220	45630	63050	98730	177964	68930	94641	69940	83290	47530	129370	128541	136580	182364	80240	179483	59901	83011	41800	78141	79270	113601	47441	127180	35440	131512	184594	94651	40980	31150	147981	0	73510	104151	28760	147840	104470	99170	147110	56370	81110	85000	93070	20380	70620	23200	83420	162121	104960	83310	81340	168034	175152	71970	39171	62290	62710	157270	107911	121310	39080	110971	71861	112480	147790	74150	65400	125360	120460	61871	93260	89000	129230	173901	76880	180151	187352	131040	163190	90860	55310	86551	
92861	65800	70880	100170	33760	103061	38780	27720	159120	125240	97490	174021	7090	54910	36841	127990	29781	82340	146791	54500	63710	59620	27280	148660	11870	65870	105900	145532	60510	113400	98080	147001	152130	9970	152650	38110	60121	59370	58831	5760	54540	44200	137981	101960	104380	155290	47650	79210	69860	117520	74040	0	74270	58810	157221	119521	88771	181420	98660	80310	87490	33380	61510	90250	58890	36940	131660	137080	32030	110910	138730	168630	70960	52300	32990	116520	135260	82050	52140	107580	87150	41751	143900	138630	12990	33150	118571	135701	45190	76441	19800	151160	141430	6810	145690	133042	164260	176660	73611	35740	47350	
40400	95551	55760	48520	66330	47181	39360	55750	86750	52760	121490	100430	80850	25080	39530	96150	49570	20620	89971	50360	63600	45410	70740	77370	84740	11730	75410	118951	60310	40920	26790	88920	80840	66680	80280	50210	21320	66500	29080	70190	39950	57850	80951	105880	31150	84000	30750	75570	79570	46230	103791	74640	0	79071	88060	62731	29110	133491	80010	36200	41400	48820	100490	58430	97970	39290	60370	96101	42300	73700	67440	96150	38910	67940	50180	94780	62890	8820	65210	125020	14670	36010	102631	66140	65980	48530	51550	78881	42700	20910	64110	96861	71140	81140	77390	76270	119681	114800	20140	55980	28980	
65960	20560	110680	123880	86290	76680	66100	75000	154170	112100	43630	159620	58160	73150	45260	71024	49500	96550	109880	31440	19550	36270	83690	150234	55790	69500	50474	87162	21680	103290	100980	114720	154634	65670	149290	34760	57870	14930	51650	64740	88460	22300	105320	45670	104492	156700	69510	20840	11490	120570	28780	58980	79010	0	125980	82610	73090	132204	40290	56100	60760	72660	31590	48760	30020	59860	134710	87864	60050	61874	140304	149710	45890	13490	39120	58150	130160	82770	104560	52960	84891	46720	94684	124700	58550	42230	101120	98790	36730	67180	72400	109514	146490	63140	152740	151910	115044	141330	64780	31550	61410	
66080	141320	125470	102240	151480	55740	124640	140900	49360	35490	147220	34730	160760	110230	120680	90620	130710	93020	32450	107360	106930	100710	155890	59430	162040	96180	80890	108290	110520	48020	74260	20480	69800	152850	50030	122030	100080	112980	99050	156360	125100	122850	26500	124450	65070	57210	116920	106590	117970	75360	147620	157851	88230	126420	0	43880	68970	71820	94380	78550	72320	133970	154640	78410	154940	125460	69540	69700	128470	70570	60560	24930	88810	120770	127850	99300	41540	80970	146700	143670	74200	118210	75840	26890	150220	126890	42160	40980	113920	81920	149260	48210	80410	164661	85250	97110	70610	31550	84760	126130	115150	
26990	97730	115050	102000	122440	16190	94150	111000	83900	42580	104500	79470	120420	81190	82310	48000	92340	78480	27850	67090	63340	61620	125990	85300	121700	65010	38170	69810	66930	44340	72900	34570	96010	117300	79020	82940	64320	69390	60680	118960	96060	82580	25050	81730	62470	87770	85720	63000	74380	79200	104030	119100	62750	82830	45830	0	34420	71600	51660	39460	33230	104290	111050	34820	111350	90360	83571	35510	93370	27850	79100	69560	49720	77180	88760	56590	60640	60440	121320	98770	54930	79840	42040	45900	110630	87800	30730	16760	74830	47190	115320	34970	94621	124680	101102	110950	57790	59300	50030	85860	82100	
13340	92500	81460	71750	89220	18911	61020	78090	81360	39290	105660	88850	92380	47970	51980	68651	62010	44890	61701	46750	53440	39160	93080	77410	94670	31790	52900	90681	52990	30480	43520	61430	84720	84970	76480	56090	31380	59180	30350	88480	62840	62310	52080	89070	35660	83750	52590	58760	69660	54180	98800	89131	29530	72800	68970	34461	0	105221	60380	19130	18650	71160	103980	38800	101950	57580	65050	67831	60590	47291	68830	83020	27260	66200	59510	72880	57350	27090	88100	106180	21340	49510	74361	51900	81500	59020	30380	50611	48200	13220	82540	68591	77510	95941	84440	85810	91411	89130	16060	61860	48970	
96970	146470	186260	164160	192030	86170	162010	177710	119580	97720	132210	101630	181810	151170	147420	65350	155930	150030	47900	128480	119580	123010	192700	129300	182990	134990	81930	65150	123170	103290	135050	54710	139670	180630	119900	145210	134230	125630	126550	181710	167610	140820	61350	114130	124630	127430	155700	112600	124680	140450	147590	181500	132730	132353	72000	71520	104400	0	95420	108580	102160	171070	159980	92270	160540	156390	139070	44920	159400	72070	129910	90290	113030	133420	151510	87050	109770	130420	192870	120150	124910	145560	37910	89960	173380	150550	92520	58220	137580	117170	181350	37620	150120	186070	155170	166640	20390	42950	120010	147250	152080	
46820	53830	126870	127430	116920	51250	89170	103950	133840	92520	54360	128960	98640	89410	69710	33220	78220	97680	77280	48590	36070	46810	116860	135240	96270	75550	13770	48770	39660	88980	101820	84060	146600	102630	128960	65340	64650	40720	56970	103510	105650	57310	74840	33480	95860	138300	86470	19960	32040	117100	56380	98910	80140	40890	95320	52890	60610	95500	0	44960	45370	97550	67150	23290	67450	83450	127970	51160	85070	25170	129040	119050	43450	48480	71910	18900	110580	80280	125070	50520	79071	69750	57980	95850	94590	72460	76070	64290	59390	60090	104850	73060	140430	103480	147920	148730	78340	108730	61090	64660	82850	
13150	74860	86680	81700	86250	23430	57300	73280	100730	58660	87030	108220	82460	51290	44280	60990	54170	53800	67160	30200	36890	22610	88270	96650	84840	34390	40200	82800	36440	49850	56530	67370	103960	78870	95850	43930	27470	42630	22800	79950	66160	45760	58350	70440	54792	102990	48870	40130	51030	72632	81160	80090	36260	56250	78630	39890	19650	108520	44800	0	7180	66640	87430	23220	85400	52640	84290	64570	55650	38540	88070	102360	10710	49650	49750	59570	76720	36400	87120	87440	35191	41810	71390	71270	71620	48790	47870	56070	35820	16210	77600	72220	96750	86080	103792	104262	91750	95070	17210	49040	45250	
6610	78760	91840	86860	93430	17330	64480	80460	99820	57750	90930	104220	89640	56450	51460	56400	61350	58960	61060	36470	41380	29790	95450	95990	91080	39550	39160	78210	41320	49190	61580	61270	103300	86050	94940	51110	34650	47170	29980	87130	71320	51960	52250	74340	54240	102330	56050	44030	54930	72760	85060	87270	41420	60740	72530	33790	18990	101980	44200	7180	0	73820	91740	22620	89920	59820	83630	59980	62830	33950	87410	96260	17890	54390	56930	58970	75810	41450	94300	91340	38990	48990	66800	65340	78800	55970	41770	49970	43000	21260	84780	65680	96090	93260	103580	104390	87160	88970	22370	55240	52430	
77980	85100	39981	67120	20570	88180	11690	8200	128400	98640	116630	142080	40680	24230	27940	118480	24080	51620	131861	50430	63590	51940	23190	117940	45450	40860	96390	140290	60390	86800	67360	131861	121410	25880	121930	38080	40330	66200	44190	29390	21490	51070	122841	113430	74850	124570	18870	80850	79560	86800	93340	33840	48650	72251	133940	104621	71000	170550	97680	66440	73620	0	81450	79410	78830	17150	100940	126210	13270	100040	108010	142030	58290	62221	33580	115760	104540	55290	32460	126720	60550	28360	133030	112020	29040	31440	97430	120771	38480	57860	16560	138500	108380	40340	111940	99992	153390	159561	55030	42050	26230	
96880	15340	120821	143870	90530	106340	82220	83030	181893	143020	46290	192102	59930	94060	64810	98570	64460	119530	138780	58390	50470	65630	86330	173904	56870	90860	77990	100080	52600	134210	124760	143620	178304	68270	175423	53800	79230	45790	75320	67300	102250	43000	134220	52230	128343	180534	89670	48020	38190	144200	21800	61540	100370	31330	154880	111510	104010	159900	67070	87020	91680	81080	0	77660	2810	75640	158340	115380	74860	89390	163974	182192	76810	38500	55000	78270	158033	104130	108910	57460	107550	68080	122200	154820	62190	58110	132040	127690	58090	95090	76600	137280	170120	64910	176370	175540	142560	170230	92260	48020	82320	
25110	64230	104810	104040	98710	30320	70720	85740	116480	74470	75820	112180	90520	67700	56130	40640	64640	75970	62440	37190	29650	31720	100730	115900	91800	53840	18550	62450	33240	69100	78700	67280	123210	89340	111600	53920	42940	35700	35260	90420	83590	50890	57880	56430	74150	120350	64760	29500	40690	92670	70530	90210	58430	49140	78540	35170	38900	92550	23150	23250	23660	79100	77500	0	77850	65100	103540	48210	68110	22040	107320	102270	21740	43490	60220	37920	92530	58570	103010	73470	57361	54270	55030	78480	82090	59260	56590	51350	46290	38380	90060	66030	116000	94780	123490	124300	75390	93890	39380	55960	61140	
95250	17750	118111	141020	87790	105970	79520	80330	179243	140920	48480	191300	57230	91410	62160	98970	61760	116680	139180	55740	48840	63130	83590	171254	54170	88210	78390	102030	50650	132110	122110	144020	175654	65570	172773	51150	76580	43750	72670	64600	99540	40350	134620	54180	124940	177884	86970	48420	38590	141550	24720	58840	97720	29980	155280	111910	101910	160580	67470	84920	90050	78380	2920	78060	0	72940	155690	115780	72160	89790	161324	182592	75180	36460	52350	78670	155383	101480	106170	59410	104900	65430	122600	153530	59480	55460	130410	128090	55440	92440	73900	137680	167470	62210	173720	172890	142960	172272	89610	45370	79670	
64270	75440	51770	71430	36510	74470	8640	23540	124700	90200	105940	138380	43460	22430	14600	104530	11610	49860	118200	36430	49630	37850	38530	114970	47600	30830	82440	126340	46430	78360	64390	118410	118440	29290	118230	25610	26840	52530	30240	32800	31000	38500	109390	97940	69340	121600	14920	66890	65600	83830	83680	37250	39230	59681	125500	90930	57630	156600	83590	52490	59670	16900	76000	65460	73380	0	97970	112260	4910	86090	105040	133590	44340	49651	21110	101450	100840	47010	48640	115270	52110	14270	119080	103590	28590	18970	87430	107110	24760	44370	26860	124710	108740	43750	114990	105002	139440	146110	41540	29580	12310	
78710	153081	78210	42720	113990	80910	92630	107770	33710	41531	175642	59150	138450	77580	98320	129591	108360	51860	89930	105323	116282	100042	122760	21630	143140	70390	118340	151401	115222	43430	33540	84690	24460	123660	31030	105860	76970	121412	84043	127170	83980	113500	81920	157022	36310	28260	85350	124720	134163	17050	161321	131620	60730	134841	69860	82461	65510	139440	128780	84500	84020	100840	158020	104170	155390	98040	0	118121	99880	108850	11700	66270	91152	123590	108970	138171	30420	54540	99440	176162	55590	94800	124651	47610	124130	107320	57270	93021	98350	70642	116130	108500	12860	138120	21240	28350	138090	101210	71662	111630	87540	
58250	102570	149820	136880	147450	49990	118110	133130	113770	76840	94610	104090	137910	114990	103520	22890	112030	112380	41410	84580	75680	79110	148120	119560	139090	98340	38030	40560	79270	78600	107160	50320	130920	136730	113280	101310	90330	81730	82650	137810	129960	96920	47340	72850	96730	121620	112150	68700	80780	114080	106250	137600	96550	88453	70310	35800	68220	44500	51520	65030	60380	126490	115890	48370	116190	112490	117920	0	115500	28170	113360	94180	69130	89520	107610	44590	94900	94240	152100	85980	88730	101660	7660	80170	129480	106650	64990	32970	93680	80160	137450	32320	129531	142170	136012	145830	27340	69330	81160	103350	108530	
67280	75310	51160	72490	32220	77480	7360	19250	127700	93210	105810	141380	39120	23490	15340	107540	11480	50920	121210	37830	50990	39640	33720	117240	43260	33840	85450	129350	47790	81370	66660	121420	120710	24410	121230	25480	29850	53600	33250	27920	30390	38470	112400	100800	72350	123870	16230	68250	66960	86100	83550	32370	42240	59651	128510	93940	60640	159610	85090	55500	62680	12980	74930	68470	72310	4910	100240	115270	0	89100	107310	136600	47350	49621	20980	102950	103840	50020	44720	115140	55120	16060	122090	106590	24250	18840	90440	110120	25880	47380	21980	127720	111010	38870	117050	106062	142450	149120	44550	29450	15320	
34390	76210	125650	119530	119550	29280	91560	106580	109400	68080	77330	104520	111360	88540	76970	23430	85480	91160	52840	58030	49130	52560	121570	110800	112540	71860	11670	45240	52720	66380	89790	59620	122160	110180	104520	74760	63780	55180	56100	111260	103630	70370	50400	54560	81930	113860	85600	42340	54420	100720	81330	111050	73730	61903	70880	28450	47100	72020	25160	38550	33900	99940	89530	21820	89830	85940	109130	27680	88950	0	104600	94610	42580	62970	81060	29410	86140	72510	123850	71600	67610	75110	34500	71400	102930	80100	53470	39850	67130	53680	110900	48620	120771	115620	127252	132350	54860	84290	54680	76800	81980	
85830	163064	91590	56100	125430	83740	103330	118470	24660	40330	183892	50100	149150	88280	109020	127950	119050	62560	85020	113573	124532	108292	133460	12580	153840	81090	118120	149760	123472	47280	44240	79780	16980	134360	22170	115963	87242	129662	92293	137870	95310	123603	77010	161680	44110	19210	96050	131840	142413	29000	171013	142320	71430	144243	63470	81260	72630	133490	131610	91620	91140	111540	168003	111290	165373	108740	15120	116480	110580	107800	0	57870	99402	131843	119043	136530	25510	65240	112820	180900	63390	105500	123010	42700	134830	118020	59050	89430	108453	78892	126830	102620	20480	148820	25320	37300	132140	94820	79912	121733	98240	
90090	169042	132670	104090	160000	79750	133160	149420	35750	44150	171230	10480	174881	118750	132630	114630	142660	100220	56460	130010	130940	122420	164410	50080	177171	104700	104900	136190	134530	56540	81460	44910	56211	161370	39020	138931	110170	137050	113340	164880	132510	145570	50510	148460	72270	43720	125440	130600	141980	75470	174560	169330	96750	150490	25020	67890	83260	89990	118390	102390	96330	142490	182362	102420	182662	133980	66230	93710	136990	94580	55040	0	110520	144840	142011	123310	42650	89490	153900	167680	82720	129110	98930	33450	160670	141521	58590	64990	131190	96210	157780	71300	72630	176700	74340	89160	93700	47550	99050	144701	123670	
23570	65760	82910	84140	77510	33770	49520	64540	108850	66780	84560	116340	73000	46500	35540	60780	44710	56240	77500	20740	26700	13150	79530	104770	75380	32640	38690	82590	26250	57970	60670	77710	109893	69410	103970	34470	21740	32440	14060	70490	62390	36300	68690	68840	59932	111110	43560	38530	43640	77772	72060	70630	38700	46060	88970	50230	27770	112850	43290	10780	17960	57900	77240	21710	75240	43900	90823	68510	46910	42340	95563	110510	0	39460	40290	58060	84840	41540	81810	85840	40331	33070	75330	79390	62160	39330	57870	66410	26360	22620	68860	81450	102682	76620	108932	109402	95690	105410	20220	39580	39940	
59560	30720	98650	112140	76750	70280	55520	64940	146443	105220	56600	154470	51220	62530	35200	78740	39300	84950	104730	20890	14080	27430	74840	138454	50710	57900	56650	96310	14330	96410	89380	109570	142854	57000	139973	24560	46270	8240	39870	57680	77880	12260	100170	57850	92893	145084	58890	29150	23390	108820	38960	51920	67410	13410	120830	77460	66210	133520	48580	49220	54360	62460	38780	43610	36460	49800	122960	89180	49850	63010	128524	144560	39260	0	29060	66440	122583	71170	94200	65930	73292	36100	96000	117820	49880	32090	94720	93640	25330	59370	62860	108320	134740	56200	140990	140160	116360	136180	56600	21510	50790	
62870	54330	71470	90250	48850	73070	28340	35880	133213	98152	82771	146893	34130	40640	11390	99350	10620	65910	116800	25650	37480	29390	47480	125224	35950	40700	77260	120490	34280	86312	75020	117010	129070	32360	126743	7500	31910	35810	29710	33440	50700	18400	107990	84590	79140	131854	35310	54740	49740	94460	62570	32870	50980	39581	128040	89530	59650	152240	72760	50080	57260	33780	55310	60960	52780	21280	108600	107900	21170	81730	115294	141542	40730	29551	0	90620	109353	56810	65520	92101	60062	16290	114720	110960	24470	3260	89450	105710	14960	47320	35470	121610	119370	37760	125620	122491	135080	144710	44490	8470	28900	
59410	65000	143340	142350	135180	58180	106860	121860	138300	96980	53500	133420	116271	104530	87400	23220	95910	112600	81220	66280	53760	64500	134910	139700	113901	89990	21730	30430	57350	95280	116740	88520	151060	120320	133420	83030	79090	58410	71410	121200	122120	75000	79300	31300	108450	142760	100910	37650	49730	129620	62750	116600	94580	58521	99780	57350	73200	87080	18900	59400	58920	115590	78320	37730	78620	101140	138060	43840	102760	29580	133500	123510	57890	66170	89600	0	115040	94720	141540	44870	93350	87440	51360	100310	112280	90150	82370	67920	77080	74530	122540	74320	149671	121170	156152	161250	69920	112490	75530	82350	97290	
70470	150780	92320	63350	122390	61870	96670	111810	25590	18460	162460	38020	142472	81620	100261	105960	110291	59870	61710	103880	110570	96290	126800	26390	144762	72331	96130	127770	110120	28150	41110	56470	37980	127700	20710	106522	77801	116310	82852	131210	92620	114162	53700	139690	32540	29460	89390	115890	126790	34730	157080	135660	63190	129930	41640	59270	57130	110040	109620	76260	75780	104880	158562	92220	155932	101250	30450	94490	103920	85810	22010	42660	84390	122402	109602	114540	0	55920	113550	158910	51820	96741	101020	19390	127940	109112	37180	66120	99012	69451	120170	78740	41500	142160	47260	58020	108690	72990	70471	112292	90750	
38160	99251	58290	49830	72790	44941	45950	62210	79651	45760	124320	93331	88470	31540	46370	94681	56400	21930	86870	54060	66640	49110	77200	71662	91580	18440	75230	116711	64010	33920	21240	81920	75290	74300	73181	53910	25020	70200	32780	77810	45460	61550	76650	105700	24200	78292	38300	75390	83270	40680	107491	82260	8780	82771	81060	60491	26830	131251	79830	36020	41110	55280	104190	58250	101670	46910	54820	93861	49920	72510	61732	89150	41510	71640	57020	94600	55791	0	70720	124840	8080	42850	100391	59140	73600	55370	44550	76641	46400	21000	70570	94621	65590	88760	71840	70720	117441	107800	22020	59680	36600	
97650	112890	21180	57170	19940	105831	41600	30260	131090	111460	144790	151130	59310	40990	59730	144390	55870	58400	148621	82220	95380	82090	29750	119010	64090	58210	120430	166200	92180	103180	72690	148621	116990	44010	126540	69870	60000	97990	67760	47660	25590	82860	139601	147450	86500	124290	38540	112990	111700	84730	121370	52210	65030	105211	146880	121381	87760	195131	125030	87030	94210	32720	108600	103150	105980	48940	99830	151190	45060	123780	109080	153750	82030	94011	65370	141670	113590	70560	0	154880	76930	60150	158010	123740	49810	63230	113810	137531	70270	77450	33550	155511	98420	57840	101990	90780	179300	176321	74700	73840	48510	
96681	43210	163440	172661	137000	100320	118620	127970	182500	141180	14700	177620	105720	125670	97780	64630	102020	142911	123880	80101	66081	79771	132800	183900	102750	118381	63570	56400	69411	139241	147051	130660	197384	114070	177620	87280	103491	64360	95641	113100	140980	74820	121440	17680	143903	186960	122030	47671	51260	163423	39180	107340	125371	52930	143980	99490	106971	120220	50540	87591	91481	125180	57200	73630	59090	112380	176474	85250	112570	71720	177700	167710	85841	66010	91640	44900	159240	125511	155380	0	124302	99240	92770	144500	107980	94750	126570	110890	89250	103251	123070	115950	190173	110710	196423	202845	109300	153900	104251	84070	113930	
34010	102242	61460	51750	77970	39661	51130	67390	75301	38720	123150	87940	92851	36720	50600	89401	60630	24890	79830	54511	65470	49230	82380	67312	95141	22670	73570	111431	64410	26880	23520	74880	71712	79340	68831	56901	28140	70600	33231	82850	51590	64541	69610	104530	20010	73942	43410	74220	82410	39591	110482	87300	14720	84830	74020	55211	21550	125900	78660	34850	38990	60460	107181	57080	104661	51950	52642	88581	54960	68041	57382	82110	40340	72781	59981	93430	51441	8050	76850	123670	0	47080	95111	52110	78640	59491	37510	71361	49391	19830	75750	89341	64501	93800	70751	71221	112161	100760	20850	62671	41640	
53250	63541	63260	76750	48120	63450	20130	35150	120031	85190	90251	133711	47910	27140	5230	92780	15260	52360	107180	22520	35720	24220	49890	111420	50440	25650	70690	114590	32520	73350	60840	107390	114890	38630	113561	15560	19620	38620	19220	40450	42490	25840	98370	83290	64960	118050	23500	52980	51690	80280	71781	42381	35930	47061	117550	79910	49160	144850	69680	41260	48440	28510	68480	53710	65960	14410	94420	100510	16200	74340	101490	128580	32570	36370	15880	87540	96171	42630	60250	99581	47100	0	107330	98580	34750	14230	78960	96090	10850	36830	38060	113450	105190	49191	111440	108991	127690	135090	34000	21330	15400	
64310	108900	155880	142940	153780	56050	124440	139460	119830	82900	100940	110150	144240	121050	109850	29220	118360	118440	46510	90910	82010	85440	154450	125620	145420	104670	44360	43850	85600	84660	113210	56380	136980	143060	119340	107640	96660	88060	88980	144140	136020	103250	53400	79180	102790	127680	118480	75030	87110	120140	112580	143930	102610	94783	75870	41860	74280	37800	57850	71360	66710	132820	122220	54700	122520	118820	123980	7690	121830	34500	119420	99040	75460	95850	113940	50920	100960	100300	158430	92310	94790	107990	0	86230	135810	112980	71050	39030	100010	86490	143780	28220	135591	148500	142072	151890	20640	63080	87490	109680	114860	
59080	141990	102760	78920	129700	49570	102860	119120	39530	13710	147830	39280	143820	88450	102330	91330	112360	70310	43650	98460	105150	90870	134110	43350	146110	74400	81500	113140	104700	26240	51550	38420	54420	131070	34650	107530	79870	110890	81790	134580	102600	114020	35640	125060	42360	43400	95140	107260	118640	51510	148290	139030	66450	124510	26750	44640	51710	89720	94990	70840	65320	112190	155310	79080	153660	103680	47410	79860	106690	71190	38970	33450	78970	117910	110950	99910	19410	59190	123990	144280	52420	98810	86390	0	130370	110460	25550	48060	99640	64660	127480	60680	58460	145530	64220	74980	87870	57270	67500	113300	93370	
84390	66320	68171	95500	31530	94590	31540	25010	151340	116840	98010	165621	19280	47670	29640	120870	21540	75100	138320	48430	59230	50910	28740	141420	23710	57470	98780	142680	56030	105000	90840	138530	144890	10720	144870	30360	52920	56840	51630	11590	49870	39720	129510	102480	95980	148050	40410	76490	69350	110280	74560	13470	65870	58300	150020	111050	81570	173760	94780	71600	78780	28710	62030	82480	59410	28540	124420	129420	24180	103250	131490	160230	62250	49770	24360	112640	127480	73650	49910	108100	78750	34550	136240	130230	0	24440	111370	127230	36480	69240	17640	143130	135190	20190	141020	128372	156600	168630	66410	30820	38950	
61230	57990	68740	87540	46810	71430	25610	33840	132093	97032	86021	145773	34840	37930	8680	97710	7890	63200	115160	25270	38200	27750	46320	123760	37370	37990	75620	119520	35000	85192	73180	115370	127230	31890	125623	8660	30790	38250	28590	32970	47970	21650	106350	85770	77300	130390	32580	55460	53400	92620	66230	32470	48270	42831	126630	87890	58530	150600	72630	48440	55620	31050	58960	59320	56440	18550	106760	106260	18440	80090	113830	140422	39090	32801	3660	90490	108233	54970	62790	95351	58942	13580	113080	109850	24000	0	88330	104070	13320	46200	34310	119970	117530	38460	123780	119781	133440	143070	43370	12130	26190	
35550	118980	95560	73460	114590	26040	87750	104010	61260	19190	130150	64550	122320	73340	81920	74860	91950	59920	46470	76830	81740	69370	119000	61910	124610	59290	62990	96890	81680	15800	44350	41520	72620	114910	56380	86030	61320	87530	60290	118420	88210	92320	35790	107380	33930	65130	80030	84250	95150	50660	125280	119071	51340	101100	42000	29780	30210	92540	76030	48020	41790	97080	131960	56390	130280	87520	57110	65000	90530	53500	55710	58720	57470	94750	89450	82230	37250	44080	113470	126600	37310	79450	71530	25680	111440	88960	0	41730	78140	43160	112370	63500	69570	125881	77712	82290	87280	67400	46000	91800	78260	
43370	114110	130500	113040	138780	32570	110530	127380	84740	52130	116470	75010	136800	97530	98690	53520	108720	93930	13380	83470	79720	78000	142370	90100	138080	81350	50480	71190	83310	55380	83930	22290	101690	133680	81400	99320	80700	85770	77060	135340	112400	98960	14480	93700	73510	90150	102100	79380	90760	90240	120140	135480	79090	99210	41370	16730	50760	58210	63970	55840	49610	120670	127430	51200	127730	106740	93201	32810	109750	39820	85720	65100	66100	93560	105140	67550	66160	76780	137660	110740	71270	96220	39340	48290	127010	104180	41770	0	91210	63530	131700	22230	105210	141060	110970	121730	46130	44830	66370	102240	98480	
48510	53091	73480	86970	57750	58710	30350	44780	122891	87030	79801	136571	47230	37360	10540	84990	18940	60060	102440	12220	25110	15030	57580	114902	49610	33010	62900	106800	21910	75950	64490	102650	118540	43640	116421	8700	21380	28010	18020	44720	52710	15390	93630	72680	68610	121532	33720	42370	41080	83930	61331	44860	42520	36611	113910	75170	48320	137880	59800	35720	42900	38510	58030	46600	55510	24630	98070	93540	25900	67370	104972	130760	26370	25670	14520	77660	99031	46280	70250	89131	49700	10930	100360	99640	36390	13560	78120	91350	0	37240	45570	107250	108840	50850	115090	114260	120720	130350	34410	13870	25620	
23050	86970	72780	66390	77090	31671	47800	64870	93262	51970	102420	101530	80160	37390	39760	76100	49790	38490	74461	40300	47910	32710	79860	85273	82450	20970	55360	99260	47460	42480	41450	74461	89673	71750	86792	44210	18160	53650	20000	75260	52260	51850	65340	85830	39712	91903	39370	55520	64850	57552	93270	76911	20950	67270	81650	47221	13260	117981	59960	16150	21240	57940	94490	38380	91970	44360	70603	79680	47370	53650	75343	95700	22780	59550	47290	74730	69402	21320	77520	102940	20111	37270	86500	64580	69280	46800	43060	63371	36700	0	69320	81351	82462	83721	88712	89182	104171	102161	2840	49980	35750	
88810	80240	52430	83120	15590	99010	24920	9270	144000	113920	112140	157680	26990	39830	35170	129070	28440	67220	142740	57000	69930	59480	13240	133540	31770	55370	106980	150880	66730	102080	82960	142950	137010	11690	137530	40890	51380	69150	54780	15340	37490	51780	133930	116830	90450	140170	33390	87190	82290	102400	88720	19890	63770	72030	149220	115470	82170	181140	104360	77030	84210	17100	75950	90000	73330	26440	116540	136800	21530	110630	123610	157310	68880	62150	34890	122220	120140	70570	33970	122230	75830	37590	143620	127300	17160	34310	111970	131650	45050	68910	0	149250	124370	26290	127940	115992	163980	170650	66080	42730	36850	
60430	124020	149360	132930	155880	49630	127590	144440	93170	68640	124570	81760	151540	114630	115750	52850	125780	111920	18820	98210	94460	93260	159430	102890	152820	98450	59480	69620	98050	74210	103820	29720	113260	150740	93490	114940	97760	100510	94120	151960	129500	113700	32270	102450	93400	101020	119160	90150	102230	109220	129140	151230	96190	109233	48180	34980	67860	37670	72970	72130	65710	137730	137340	65940	137640	123800	108490	31930	126810	48570	99120	71350	82490	108300	121510	74430	78760	93880	154760	115940	88370	113280	28160	60890	143630	120800	63440	22240	107830	80630	148760	0	119540	155800	125300	136060	29200	39450	83470	116980	115540	
89060	161731	73920	38430	112390	92950	100570	111920	38290	52781	185701	63200	145390	85520	106260	141111	116290	59640	101180	113950	125221	108981	122200	25540	150170	78330	129910	166001	124161	55470	41480	95940	22950	130600	36770	113800	84910	130351	92670	134110	84250	122150	93170	165961	46330	30570	93290	135070	143102	22680	169971	138560	68670	143491	80450	93711	75860	150470	139130	94601	94370	105490	166670	114520	164040	105980	12560	129641	107820	120890	20840	73030	100091	132240	116910	149691	41670	62480	95150	186861	64240	102740	136171	58860	132070	115260	69310	105321	106290	79581	120740	119750	0	145060	11650	18950	149120	111800	80601	119570	95480	
98830	69350	76560	106780	39440	109030	45390	34010	166320	131850	101080	181471	5160	61520	43751	132800	36691	88950	152380	59310	68520	65350	30740	155270	9340	72480	110710	149422	65320	120010	104690	153770	158740	16260	159850	42920	67031	64010	65741	12050	61150	49010	143950	105510	110990	161900	54260	83100	73750	124130	77590	6940	80880	62700	164131	125110	95681	186230	102550	86040	93220	39990	64960	95060	62340	43550	138270	141890	38640	115720	145340	176080	76690	56650	37800	120410	141870	88660	57820	111170	93760	48661	148710	145230	19900	38810	125481	141290	50920	83351	26090	155970	148030	0	152300	139652	169070	181470	80521	40550	53960	
99200	171291	81070	45580	119540	101590	109860	119070	39711	59181	195261	64621	153240	94810	115820	147511	125850	68290	106930	123822	134781	118541	129350	28640	158020	87890	137681	169321	133721	64110	51040	101690	20380	137750	39870	123360	94470	139911	102230	141260	91400	131710	98920	175521	55890	32380	102580	145210	152662	32240	179531	146410	78230	153051	85380	100111	85420	156300	149270	104161	104510	112640	176230	124660	173600	115540	21080	136041	117110	127361	25770	74451	109651	141800	126470	156091	47420	72040	102300	196421	73800	112300	142571	64610	141360	124820	77901	111340	115850	89141	127890	125500	11820	152910	0	17190	154950	117630	90161	129130	105040	
99050	170801	68880	33390	107204	103961	98152	106285	53851	68241	200773	78761	139952	83192	110761	153961	115082	57611	116740	123342	134301	118061	117014	41460	144732	84451	139900	182013	133241	67000	49030	111500	34520	125162	52690	122870	92460	139431	101740	128672	78812	131220	108730	175041	55410	46490	90872	144731	152182	32880	186332	133122	76220	152561	96370	109171	85760	166250	149120	103681	104360	100052	175740	124510	173110	104362	27490	145101	105402	132601	36760	88591	109171	141310	120781	161331	57130	70030	90110	201933	72600	108061	151631	74320	128322	119131	81760	120781	115360	88661	115105	135310	17930	139622	16390	0	164900	128160	89681	128001	95591	
82680	129280	173180	159170	174840	71880	144820	160520	117650	95360	119880	105270	164620	136880	130230	48160	138740	135740	45540	111290	102390	105820	175510	127370	165800	120700	64740	54340	105980	100030	129440	52780	137740	163440	117970	128020	117040	108440	109360	164520	153320	123630	58990	98120	119020	125500	138860	95410	107490	136370	131520	164310	118440	115163	70070	57230	90110	20370	78230	91740	87090	153880	142600	75080	142900	139200	137140	27730	142210	54880	127980	93240	95840	116230	134320	69860	107840	116130	178580	109330	110620	128370	20720	87600	156190	133360	86420	45590	120390	102880	164160	28730	148190	168880	153240	164710	0	54080	105720	130060	135240	
82650	156640	156180	132950	177620	72310	149720	166610	79110	65980	160450	58010	177330	136370	137970	91190	148000	123120	31590	123930	122250	117280	181600	90790	178610	120190	94120	104990	125840	77940	104750	29470	100171	172960	79870	138600	119980	128300	116340	174750	151240	139420	38720	137680	95560	86960	141110	121910	133290	106200	162940	175121	114540	141740	31540	59260	89390	42700	107610	95120	88890	159680	169960	93730	171710	146020	100900	69680	149030	83800	91920	47600	105380	136090	144420	112290	72900	107280	176500	154280	100510	135500	63530	57370	167300	143460	67170	44810	130490	102370	170980	39480	111770	181590	116660	128470	55030	0	105210	142700	137760	
24910	84630	70940	65630	74240	34501	44950	62020	94252	54800	103430	104360	77310	35550	36910	77160	46940	37730	77291	37520	45570	29930	77010	86263	79600	18650	56420	100320	45110	44910	42160	77291	90663	68900	87782	41360	15310	51300	17150	72410	50420	49000	68170	86890	40702	92893	36520	56580	62510	58542	90930	74061	20190	64930	84480	50051	16090	120811	61020	17210	22410	55090	91640	39440	89120	41510	71593	80740	44520	54710	76333	98530	20440	56700	44440	75790	70392	22310	74770	104000	21101	34420	87560	67400	66430	43950	45890	66201	33850	2830	66470	84181	83452	80871	89702	90172	107001	104991	0	47130	32900	
60040	47140	79840	97080	57140	70760	36710	44400	136241	100680	75211	149921	36460	47470	18220	94200	18990	72330	113310	20240	29920	26710	55230	128252	37740	45620	72110	113200	26720	89300	77840	114700	131890	38650	129771	6010	34730	28500	31670	39590	59070	10840	105680	77251	81960	134882	43520	47180	42430	97280	55380	36150	55870	32021	125960	86040	61970	147160	65470	48500	54840	42150	48110	55990	45590	29650	111420	102820	29540	76650	118322	144410	39150	21991	8520	83330	112381	59630	73890	84541	63050	21440	109640	113290	30610	11630	91770	102220	13910	50590	43250	116900	122190	40720	128440	127610	130000	142400	47760	0	35730	
55850	78401	49880	63080	45920	66050	15310	32950	114110	79780	108280	127790	53870	13470	17920	100420	23030	39650	109780	37380	50580	36850	47940	104380	58010	20410	78330	122230	47380	67940	53800	109990	107850	39700	107640	30420	18200	53480	25960	43210	29360	40700	100970	100280	58920	111010	9830	67660	66550	73240	86641	47660	28810	61921	115080	82510	48990	152490	82930	45230	52410	26240	82010	61350	79490	12310	87380	108150	15320	81980	94450	123170	40230	51230	27940	97700	90250	36590	48080	117610	41690	15220	114970	93170	39000	26290	78570	98690	25710	35730	37270	116370	98150	54160	104400	96231	135330	137690	32900	35160	0	


0	 Sandy                              0		0		32400		0

1	 Brentwood                          826		4052		23909		1652
2	 Oxford                             375		860		21565		750
3	 Banbury                            556		5041		24547		1112
4	 Henley_on_Thames                   363		1224		20988		726
5	 Saint_Neots                        695		4270		25370		1390
6	 Great_Missenden                    455		5377		25983		910
7	 Marlow                             449		5003		25380		898
8	 Leicester                          166		685		19549		332
9	 Kettering                          814		1116		21012		1628
10	 Maldon                             812		1601		22388		1624
11	 Melton_Mowbray                     268		1119		20270		536
12	 Shepperton                         123		1574		20295		246
13	 Aylesbury                          721		5173		25483		1442
14	 Kings_Langley                      425		5228		25570		850
15	 Newmarket                          826		3713		23679		1652
16	 Chorleywood                        756		5179		25782		1512
17	 Buckingham                         504		1310		21413		1008
18	 Whittlesey                         503		2127		21865		1006
19	 Welwyn_Garden_City                 227		3151		22053		454
20	 Ware                               236		615		19688		472
21	 Codicote                           639		2603		22154		1278
22	 Twyford                            646		4749		24488		1292
23	 Broughton_Astley                   263		4050		24396		526
24	 Sunbury                            651		1697		20999		1302
25	 Leighton_Buzzard                   665		1183		21227		1330
26	 Sawston                            799		3931		24774		1598
27	 Bury_Saint_Edmunds                 372		1176		21475		744
28	 Hertford                           447		699		21475		894
29	 Wellingborough                     291		4307		24874		582
30	 Towcester                          582		5335		24500		1164
31	 Peterborough                       715		1974		23360		1430
32	 Hinckley                           688		1132		22213		1376
33	 Windsor                            776		2365		23472		1552
34	 Wigston_Magna                      818		1218		21107		1636
35	 Radlett                            349		5163		25049		698
36	 Dunstable                          385		4174		24664		770
37	 Hoddesdon                          130		5076		23584		260
38	 Luton                              777		626		21727		1554
39	 Old_Windsor                        512		3259		23489		1024
40	 Thame                              777		1141		21836		1554
41	 Potters_Bar                        210		777		20064		420
42	 Yaxley                             747		637		21130		1494
43	 Braintree                          642		993		20641		1284
44	 Hardingstone                       210		5074		23676		420
45	 Enderby                            505		5155		24462		1010
46	 Wendover                           793		4350		24607		1586
47	 Bishops_Stortford                  385		3142		23012		770
48	 Harlow                             723		4289		24413		1446
49	 Daventry                           443		2471		21494		886
50	 Billericay                         709		2991		23040		1418
51	 Staines                            313		1063		20097		626
52	 Bletchley                          522		3492		22981		1044
53	 Epping                             732		4827		25482		1464
54	 Stamford                           488		3717		23510		976
55	 Huntingdon                         343		1964		21622		686
56	 Bedford                            130		4247		23581		260
57	 King's_Lynn                        664		5003		24699		1328
58	 Saffron_Walden                     756		2758		22327		1512
59	 Henlow                             754		4461		25050		1508
60	 Biggleswade                        233		4923		24461		466
61	 High_Wycombe                       714		1326		21841		1428
62	 South_Ockendon                     314		5348		24356		628
63	 Royston                            660		3122		23449		1320
64	 Aveley                             773		1213		21635		1546
65	 Chesham                            220		2286		20966		440
66	 Rugby                              824		2008		22295		1648
67	 Ely                                680		1202		22356		1360
68	 Amersham                           548		3000		24049		1096
69	 Cambridge                          797		1924		22884		1594
70	 Lutterworth                        688		4090		24355		1376
71	 Wymondham                          282		4534		23465		564
72	 Hitchin                            420		4139		23647		840
73	 Cheshunt                           710		2941		23151		1420
74	 Bushey                             349		1334		21835		698
75	 Haverhill                          485		4496		23707		970
76	 Market_Harborough                  177		2582		20986		354
77	 Milton_Keynes                      118		2094		20582		236
78	 Wallingford                        173		2822		21821		346
79	 Tiptree                            348		4359		24984		696
80	 Newport_Pagnell                    564		1730		21077		1128
81	 Hemel_Hempstead                    816		4172		23958		1632
82	 Littleport                         163		3254		22425		326
83	 Corby                              181		1164		19912		362
84	 Iver                               772		2833		23049		1544
85	 Watford                            247		4530		23544		494
86	 Raunds                             619		2819		22959		1238
87	 Ramsey                             149		1348		21594		298
88	 Saint_Albans                       553		2471		22547		1106
89	 Ampthill                           298		4251		23928		596
90	 Maidenhead                         768		2997		23896		1536
91	 March                              749		3033		23067		1498
92	 Brandon                            435		3037		22297		870
93	 Chertsey                           770		908		21755		1540
94	 Coventry                           238		1922		20690		476
95	 Warwick                            550		1892		21567		1100
96	 Downham_Market                     172		2503		21241		344
97	 Spalding                           444		2412		22042		888
98	 Flitwick                           714		877		22070		1428
99	 Borehamwood                        164		4396		24140		328
100	 Tring                              758		5396		26678		1516
