100

6350	3650

20	90

0	86410	93710	68980	61780	67570	95050	65530	73800	70060	60490	10230	95660	80881	92420	88750	98700	66070	95900	58420	83390	43040	92940	86630	96350	71350	77610	35010	98710	67880	47000	30970	19710	66790	84200	43480	67720	57990	82470	95380	90700	88070	40370	37890	84210	96910	66460	47060	66400	74090	96850	91290	46840	18580	88350	41540	34220	19730	47390	50700	94631	74300	46280	66490	51320	98840	25100	19510	85300	64840	15890	74260	82410	91710	69380	78830	41290	51100	74971	91030	63360	68850	92170	86220	96990	77630	62910	91600	80711	85250	77560	61700	83970	77370	73510	99550	54320	94350	95930	93850	73790	
86260	0	30330	19760	119190	73760	168970	21710	58900	143130	50400	88820	181203	165693	32040	157880	110530	41080	117370	35190	166330	126490	178560	140810	136030	27850	56300	66340	120180	43330	88000	113470	103160	87540	123880	113010	151230	29960	76050	96520	164620	93060	113310	96510	11810	182530	149970	69610	140650	140800	170750	152840	129340	71720	171860	119060	118400	66750	95860	47340	65830	15250	82380	27030	135500	182350	73040	68750	105180	51780	85640	148510	156190	175410	99420	104280	105860	54960	159151	156280	109620	36350	113640	98050	101560	138000	127530	160680	62650	79820	97660	45340	155470	161550	156010	181590	32650	179713	37700	31060	122560	
93820	30270	0	32090	110980	95140	182520	40990	43660	156680	42220	93090	184355	168845	61820	149670	101461	35450	109160	54680	171465	129772	184184	164971	159481	49310	38740	67890	111970	32710	109040	122760	106442	108920	146880	104800	153882	43370	101480	87451	178170	83991	115272	88300	18780	186725	153192	90990	154200	132590	184300	172380	138630	76160	175132	121022	124482	75100	116410	49030	39850	31230	74170	28030	139374	185622	77270	82300	127800	73160	88922	162060	169740	178682	120800	96070	97650	76340	162935	172090	131000	28780	105430	88981	92491	157900	143970	174230	41210	104930	119140	39880	169020	165182	165300	193494	48870	182865	8730	60840	146561	
69240	19640	32070	0	103870	67350	153090	9560	45990	127250	35080	70590	162750	147773	45960	141680	95210	26560	102050	23100	150010	108220	160030	132630	127850	21850	44920	47230	104860	30420	78160	97590	84890	79590	115700	94770	132900	12340	74360	81200	148740	77740	95040	81190	15400	164000	131640	59840	124770	125480	154870	142920	113460	53660	153530	100790	101850	49730	85530	28430	58440	5490	67060	11920	118302	164020	54770	52870	98610	45370	67370	132630	140310	157080	90740	88960	90540	46280	141863	142660	100940	23440	98320	82730	86240	127760	114540	144800	50390	77140	89810	30020	139590	143630	140130	165420	17840	161440	36430	45570	113880	
61210	118760	110930	103720	0	119920	116630	108510	82690	98510	71260	52510	94220	76930	144130	39260	57830	78950	53570	105320	82270	43540	95320	137110	152950	117270	86500	69340	56380	78650	102990	65500	46180	119750	140800	19620	53340	100300	134820	68510	113380	58290	25290	35100	113000	96590	56960	99410	94850	22180	115320	141650	71860	62020	68810	35590	57090	67920	103990	78730	103521	108900	43950	92890	53760	86390	59770	71860	140940	117190	46490	102710	108890	83080	125980	35300	22560	103450	74020	128300	117400	85480	49840	54200	64970	127930	112430	123130	89591	137600	131880	73870	113300	71080	87630	107820	99400	91190	108780	145440	124090	
67760	73700	95240	67440	120190	0	124900	58030	101882	99550	83922	72220	140990	130180	51420	150170	141412	82812	148252	45330	129090	104150	137570	71890	62860	46630	102082	72531	151062	87292	31230	78880	84800	14550	51790	101890	126660	61070	24840	127402	120830	123942	102160	96300	78100	141540	125400	22970	97070	134400	127030	83920	91470	66280	147290	106630	89800	59770	34520	71682	120412	64630	104690	75260	109030	151420	71020	48240	33570	21980	74240	104930	112610	140680	27670	135162	99700	25080	124270	95960	40700	84822	144522	128932	132442	69080	68570	111230	107552	27550	24770	80442	109820	128780	115420	138010	55260	139900	101440	54220	53640	
95020	168540	181940	152880	117050	125130	0	147660	163551	26480	149650	99120	43910	50950	163340	101920	174620	156230	170360	138230	44540	74000	41110	74910	112640	148700	167361	126770	173170	157040	100300	67010	87050	112140	102550	111440	69320	141720	136560	179530	5910	169550	98150	123030	168110	42350	64610	109580	29660	106650	3680	56590	51330	111990	76380	85910	75900	113140	92340	140780	184382	157460	131420	154190	63230	67650	116110	101750	113450	134890	102410	21610	13630	57280	102860	152090	119010	123190	48210	39470	84500	158930	166630	166700	177470	66010	56730	24140	170462	138400	113080	151600	19870	54850	30390	24270	136450	48120	186080	164770	79540	
65370	21580	41140	9460	108860	58030	148080	0	53730	122240	40540	67930	157740	144171	39500	139060	100200	33650	107040	13780	145000	105600	155020	122810	118030	12790	52660	45520	109850	38160	69400	92580	82270	70270	105880	92150	130280	9070	65040	86190	143730	82730	92420	86180	24000	158990	129020	50520	119760	123290	149860	134760	108450	50830	150910	98170	97510	45860	76770	30580	67770	10530	72050	19770	114610	161400	52150	47860	89290	36050	64750	127620	135300	154460	81420	93950	89960	36960	138261	137190	91620	31180	103310	87720	91230	119150	108440	139790	58130	67820	80490	35480	134590	140660	135120	160410	11760	156430	45760	39110	104560	
73512	59010	43750	46160	81260	102382	163523	53980	0	138533	21140	68462	157535	142025	90720	119950	65561	21900	73621	59980	144645	102952	157364	155842	158002	66460	8930	43370	76751	16120	101430	98112	79622	109362	145022	75080	127062	48390	113380	51551	159173	48091	87780	58580	50360	159905	126372	88322	134542	102870	165323	160502	113982	57672	148262	94202	97662	57740	109100	32970	25230	50250	44450	34760	112554	158752	51652	70160	131832	83130	62102	142402	150883	151812	119222	66350	67930	78732	136115	160242	126500	24200	70331	53081	56591	146842	132122	161752	9250	116160	119582	22540	153813	138362	140652	166674	49990	156045	38170	89750	140060	
70260	142710	156110	127050	98130	99300	26470	121830	138791	0	124890	74360	50960	50760	137510	94680	155121	130400	150861	112400	46370	55320	47540	60041	91110	122870	142601	102010	153671	132280	74470	42250	62290	90250	80660	91960	62080	115890	114670	156590	22120	147641	78670	98270	142280	51380	56900	83750	4900	97360	28250	46460	27620	87230	76260	66430	51140	88380	67190	114950	159622	131630	106660	128360	48370	70020	91350	75920	91560	109060	77650	7630	13690	59230	80970	133791	97170	97360	46910	30310	62610	133100	147131	144791	155561	46731	34840	23740	145692	116510	91190	126030	14180	53750	26700	42600	110620	53270	158820	138940	57650	
60721	50100	42420	35060	71740	83932	150401	40550	21190	125411	0	55640	144744	129234	79740	110430	63080	10290	69920	44620	131854	90130	144573	138260	139520	52520	22640	28770	72730	10140	83420	85321	66800	90912	126540	65560	114240	33520	96760	49070	146051	45610	75630	49060	44340	147114	113550	69872	121751	93350	152201	144270	101191	43960	135440	81380	84840	42910	90790	14290	41170	40240	34930	24230	99763	145930	38861	54190	113382	67770	49280	129611	137761	138990	100772	56830	58410	60282	123324	143980	106940	16820	66190	50600	54110	129790	115860	146120	28101	99540	101132	5210	139321	125540	127861	153883	34630	143254	40300	79350	120500	
10240	88900	93040	70630	53060	72220	99260	68020	68850	74270	55540	0	94473	78963	97070	81670	89980	62430	87180	62460	81583	40520	94302	93500	103220	74820	72660	31570	89990	62930	53870	34180	17190	72050	91070	34760	65200	59640	87120	86660	94910	79350	32610	29170	85540	96843	63940	51710	70610	65900	101060	98160	50050	18560	85830	37910	35230	22360	54260	50030	89681	75950	37560	65820	49492	96320	22000	24160	92170	69490	7320	78470	86620	89380	76250	70110	32570	55750	73053	96920	70230	68180	83450	77500	88270	84500	69780	96530	75751	89900	83740	57350	88180	75542	76720	102760	56950	92983	93060	98500	80660	
96071	180883	184533	163333	94230	140690	44510	158330	158173	51040	144863	94213	0	18290	179480	69850	151660	151803	147400	148810	13680	57211	3810	108361	140302	162220	161983	121452	150210	152253	115400	67460	79932	134290	129562	94651	41670	151910	160840	161791	43840	151811	81361	109981	178243	2820	37530	124680	50940	79000	41880	93570	50610	111263	37380	69121	69381	114191	110490	141102	179004	168653	121851	158523	46441	25660	111323	111330	140220	149990	96962	43740	43580	15770	129170	129130	102221	138290	22610	74770	111910	157973	143670	148030	158800	95051	84140	63240	165084	163080	139390	146813	54250	24190	28860	20480	146640	5560	182383	180910	106392	
80421	165233	168883	147683	76850	130280	51350	143621	142523	50770	129213	78563	18270	0	168030	56890	134280	136153	130020	135581	7690	40730	19370	103322	135263	149050	146333	105802	132830	136603	104990	54770	64282	123880	124523	77610	24290	136693	150430	144750	47970	134740	64320	92940	162593	20640	20150	114270	47490	61620	49570	94750	40200	95613	26550	52080	53731	98541	102600	125452	163354	153003	104810	142873	30791	22110	95673	96671	132330	139580	81312	43470	44760	11320	121280	111750	85180	127880	6810	75950	104200	142323	126290	130650	141420	90012	79651	64420	149434	152670	131500	131163	55430	6810	25290	34050	132411	15590	166733	169460	101353	
92450	32140	61770	46290	144030	51450	164220	39670	90700	138380	79900	96910	180460	168610	0	172640	138550	72040	145390	39020	167520	132820	177040	118400	102940	27820	88120	80540	148200	75130	74030	117310	109490	61090	97800	125730	157500	48430	44650	124540	159870	121080	126000	120140	43250	181010	156240	57060	135900	156870	166000	130430	129900	83890	178130	131320	123450	78920	82790	68520	97400	41120	110400	57400	140550	188620	87020	72930	75370	32530	98330	143760	151440	180150	73680	132300	123540	43420	162700	142470	87210	68150	141660	126070	129580	115590	115080	155930	94470	48420	68910	74840	150730	166600	153960	177880	46360	179370	69140	3220	100150	
88980	157520	149690	141680	39300	150190	102360	139070	121450	94530	110020	81480	69400	56790	173100	0	96590	117710	90300	134290	62540	46950	70650	146542	169110	146240	125260	98310	92110	117410	125700	73120	70290	144590	156960	54740	32530	130690	165090	107270	98980	97050	51510	71820	151760	70430	37770	128380	90790	17850	100580	141810	71130	90990	32500	50690	64710	96890	124010	117490	142281	147000	82710	131650	48820	50080	88740	100830	160380	146160	75460	90900	95400	54410	146440	74060	61120	132420	54360	125660	132250	124240	88600	92960	103730	133232	120690	115620	128351	167870	155360	112630	106420	50940	73480	87580	128370	64710	147540	174410	138100	
98801	110290	101961	95250	57590	141782	173930	100040	66261	154782	62790	90101	151240	133950	138370	96280	0	70480	13080	102930	139290	100690	152340	196280	196290	110830	70071	78130	15890	69681	140611	114450	93480	148762	184140	65560	110360	91830	154763	17150	170680	20030	78260	62840	104530	153610	113980	127712	151122	79200	172620	203090	129020	91960	125830	91440	108472	92500	141611	71510	87092	100430	56950	84420	110910	143410	86550	104920	171232	128431	84081	158982	166190	140100	158622	22310	59730	118122	131040	184122	157581	77010	9350	12560	11910	172281	157561	179562	73162	157543	158982	65400	170002	128100	144780	164840	92940	148210	97451	138840	168441	
66080	40800	35460	26710	79010	83181	156630	33670	21930	130790	10220	62150	151254	135744	72170	117700	70350	0	77190	39460	138364	96640	151083	140480	138801	46150	21480	33760	80000	6710	85640	91831	73310	90161	125821	72830	120750	27870	91600	56340	152280	52880	82140	56330	34820	153624	120060	69121	128261	100620	158410	146490	107701	48410	141950	87890	91350	47360	93010	16510	38900	31700	42200	14930	106273	152440	45371	56410	112631	62610	55790	136121	143850	145500	100021	64100	65680	59531	129834	146200	109160	7240	73460	57870	61380	132010	118080	148340	26950	94380	100381	5240	143140	132050	134371	160393	29470	149764	35690	71540	122720	
95730	116980	109150	101940	53230	148472	169570	106730	74271	150422	69480	87030	146880	129590	145060	90590	13130	77170	0	109620	134930	96330	147980	194672	194682	117520	78081	83570	6110	76870	138460	110090	89120	155452	182532	61200	106000	98520	161453	24410	166320	28040	73900	61862	111220	149250	109620	134402	146762	74840	168260	201482	124650	96540	121470	87080	104112	97940	139460	76950	95102	107120	60101	91110	106550	139050	91990	106380	177370	135121	81010	154622	161830	135740	161450	17950	55370	124812	126680	179762	155430	83700	4090	20570	18980	170140	155410	175202	81172	164233	165672	72090	165642	123740	140420	160480	99360	143850	105461	145530	166290	
58530	35090	54860	23210	105230	45350	138530	13800	60130	112690	44430	62190	148420	136100	39030	133840	102800	39230	109590	0	136150	98900	145700	109250	104470	13150	59990	43650	112400	44910	55840	83730	75570	56710	92320	86930	123580	15960	52360	88790	134180	85330	87200	81340	37720	149670	122320	36960	110210	118070	140310	121200	99600	45090	144210	92950	89530	40120	63210	32310	77410	24250	74270	30150	106630	154700	48220	39010	75730	23370	59530	118070	125750	147020	67860	96170	84740	23400	130190	123630	78060	41040	105860	90320	93830	105590	94880	130240	65460	55140	66930	40170	125040	132680	126270	151150	10150	147110	59510	40340	91000	
82641	167150	171103	149903	82300	129130	44960	145810	144743	46260	131433	80783	13170	7750	166880	62510	139730	138373	135470	136770	0	43781	13240	100741	132682	149700	148553	108022	138280	138823	103840	55420	66502	122730	121942	81221	29910	138913	149280	148361	41610	138381	67931	96551	164813	15540	25600	113120	43320	67240	43100	89150	39050	97833	32300	55691	55951	100761	101080	127672	165574	155223	108421	145093	33011	24730	97893	98891	130810	138430	83532	38960	39160	13990	119760	117200	88791	126730	9180	70350	102680	144543	131740	135531	146301	87431	76520	58820	151654	151520	129980	133383	49830	12730	20780	27190	134600	11770	168953	168310	98772	
42782	126400	129450	108130	42950	104040	73930	105520	103090	54970	89780	40510	56721	40610	132592	47180	100380	96670	96120	98592	43831	0	56430	98900	122160	111522	106900	65810	98930	97170	78750	26170	24290	97640	110010	37950	25080	97140	122642	105090	70680	95110	24660	53280	123040	59091	23820	87232	51310	41790	72620	97450	28320	56850	45710	12420	17760	60902	77060	85460	123921	113450	65150	103320	11060	56200	56240	59682	113430	105012	41320	59170	66190	49260	99490	77850	45520	91272	35301	83340	85300	102890	92390	92260	103030	85590	71710	78440	110001	125422	108410	91590	68880	35810	44930	65740	94820	55230	127300	134022	91150	
92800	179240	184282	160180	95390	137320	41640	154960	157922	47670	144612	93962	3820	19450	176110	71300	152820	151552	148560	145440	13740	56830	0	104991	136932	158850	161732	121201	151370	152002	112030	64090	79681	130920	126192	94270	42830	148540	157470	161410	40470	151430	80980	109600	177992	4260	38680	121310	47570	80160	39010	90200	47240	109770	38840	68740	68880	110920	107120	140851	178753	167850	121470	157670	46060	27880	111072	107960	136850	146620	96711	40370	40210	17140	125800	130290	101840	134920	22670	71400	108540	157722	144830	148580	159350	91681	80770	59870	164823	159710	136020	146562	50880	25350	25490	17610	143270	7590	182132	177540	103022	
86710	140820	163000	132700	137070	71780	74810	122790	156010	60050	138070	93450	108771	103222	118240	146251	194710	140200	193650	109210	101081	98930	105351	0	40310	113750	159630	116920	196460	143520	62800	76610	91500	58730	36090	124520	113471	121551	83580	188210	75350	170270	113020	119670	145720	109191	108291	75660	58361	143100	77340	18980	73360	100480	128062	110490	87030	99630	48610	124750	176841	132250	128060	136641	94940	124432	107000	87150	58450	92980	97810	66151	67910	113642	49880	161030	123440	88240	98332	37580	32220	142900	189870	168420	193250	15100	29570	51980	162911	85420	60100	135830	62490	105172	81461	96180	115220	109341	170050	121040	19240	
96420	135460	158180	127880	153340	62830	112520	117970	159940	91170	139850	103290	140312	134763	104000	169340	195810	140961	194750	104390	132622	122300	136892	40370	0	108680	160231	119360	197560	145300	63900	97030	110490	52880	12140	135040	144810	116731	59190	189310	108840	185850	131150	129450	140900	140732	138270	70840	89902	163830	115040	56110	102600	108680	159603	131830	107950	102170	50530	126530	186131	127400	137840	131821	124180	155973	113420	89560	30270	84030	107390	97692	101400	145183	40430	172840	132850	82250	129873	75550	37790	142971	190970	190840	194350	51630	56580	89690	165701	57810	39090	137610	97830	136713	113002	131630	110400	140882	165611	104160	34440	
71450	27710	49410	21890	117810	46670	149000	12990	66410	123160	52630	74770	161810	149020	27820	146420	111000	46330	117840	13140	149070	111820	159090	113720	108760	0	65340	52990	120650	50840	60910	96650	88490	60450	96790	99510	136500	21050	53680	96990	144650	93530	99780	93920	32270	163060	135240	42520	120680	130650	150780	125750	112520	57670	157130	105530	102450	52700	68770	40970	78820	18800	82850	32450	119550	167620	59620	51930	79330	24690	72110	128540	136220	160530	72330	104750	97320	27870	143110	129190	82530	43860	114110	98520	102030	110910	100440	140710	70810	56460	70670	48160	135500	145600	138740	161620	18810	160500	55610	29130	95470	
77782	56310	38730	44950	85530	102352	167793	52770	8840	142803	22190	72732	161805	146295	88030	124220	69831	21870	77891	59950	148915	107222	161634	159480	157972	65250	0	47640	81021	15400	103390	102382	83892	109332	144992	79350	131332	48320	113350	55821	163443	52361	92050	62850	45790	164175	130642	88292	138812	107140	169593	164772	118252	61942	152532	98472	101932	62010	110760	34260	23490	49040	48720	33550	116824	163022	55922	74160	131802	83100	66372	146672	155153	156082	119192	70620	72200	78702	140385	164512	128160	22990	74601	57351	60861	151010	136392	166022	8430	116130	119552	22510	158083	142632	144922	170944	49960	160315	33060	87050	141720	
35020	66380	67750	47170	69440	73020	126960	45500	43760	101970	28810	31420	121152	105642	80210	98050	78380	33700	83670	43680	108262	65910	120981	116920	119290	52670	47570	0	86480	36020	62780	61880	42580	78100	107140	51140	90020	37120	86001	65780	122610	62320	51410	45550	60670	123522	89330	53870	98310	82280	128760	121580	77750	16930	111220	57160	60620	19090	70150	21070	64591	52350	48680	40950	76171	121710	14010	31510	98680	60810	25060	106170	114320	114770	84950	70580	48950	49340	99732	121320	86300	39530	79940	65900	70820	107920	93200	122830	50661	88781	89790	29330	115880	101320	104420	130291	34800	119662	66550	81520	99860	
98540	119790	111960	104750	56040	151282	172380	109540	77621	153232	72290	89840	149690	132400	147870	92450	15940	79980	6030	112430	137740	99140	150790	197482	197492	120330	81431	86380	0	79680	141270	112900	91930	158262	185342	64010	108810	101330	164263	25760	169130	31380	76710	64672	114030	152060	112430	137212	149572	77650	171070	204292	127460	99350	123700	89890	106922	100750	142270	79760	98452	109930	62911	93920	109360	141280	94800	109190	186442	137931	83820	157432	164640	138550	164260	20760	58180	127622	129490	201970	158240	86510	6900	24000	20330	188842	158220	178012	84522	167043	168482	74900	168452	126550	143230	163290	102170	146660	108811	148340	169100	
68122	43190	32580	30340	78770	88112	157802	38160	16070	132812	10010	63072	152145	136635	74900	117460	69391	6780	76950	45200	139255	97562	151974	144120	143732	50640	15840	36330	79760	0	89280	92722	74232	95092	130752	72590	121672	33610	97340	55381	153452	51921	83062	56090	35610	154515	120982	74052	129152	100380	159602	150130	108592	50980	142872	88812	92272	49930	96650	20150	33260	34430	41960	18940	107164	153362	46262	60050	117562	68350	56722	137012	145162	146422	104952	63860	65440	64462	130725	149840	112800	8380	73220	56911	60421	135650	121720	151980	21310	100120	105312	8270	146770	132972	135262	161284	35210	150655	30990	73930	126360	
47030	87730	108780	78290	103850	31240	100560	69470	101890	74720	83310	53900	115760	104950	73690	125960	138460	85440	138010	55890	103860	78920	112340	62820	63910	60660	103440	62820	140820	88760	0	53650	61100	24840	51760	85550	101430	67130	51390	125860	96210	122400	81760	79960	92130	116310	100170	21900	72240	115480	102340	72960	66240	52140	122060	82930	64570	45630	14970	69990	122250	78660	88350	81030	83800	126190	56880	33220	44930	45240	57900	80100	87780	115450	29450	120900	83360	35150	99040	78730	30920	87860	134280	125980	130900	57350	49980	91240	108871	53630	35870	81070	87070	103550	90300	113180	60650	114670	111490	75120	44570	
31020	113580	123010	97920	65380	78840	67260	92700	98020	42270	84710	34180	66880	54560	116590	73290	114800	91650	110540	83660	54610	26250	64160	76520	96960	96590	101830	61830	113350	92100	53550	0	22110	72440	84810	54210	48760	86760	98990	115580	62910	106530	41330	58090	113150	68130	47500	62830	38610	67780	69060	76830	18060	47990	69390	35780	11900	49140	51860	80000	118851	102500	66480	95790	31130	75310	51170	46180	88230	88140	37470	46470	54620	65600	74290	93470	56990	76130	48650	68510	60100	97820	106810	104140	114910	64230	49430	65740	104921	101230	83210	86660	56180	52670	44730	70770	81490	65570	122230	118020	65950	
19740	103160	106210	84890	46090	84700	86980	82280	79850	61990	66540	17270	79762	64252	109550	70090	93630	73430	89370	75550	66872	24380	79591	91440	110430	88480	83660	42570	92180	73930	61150	21900	0	80940	96860	33540	49060	73900	99600	95340	82630	85360	22040	38700	99800	82132	47800	64190	58330	56640	88780	94580	37770	33610	69690	22880	18110	37860	61490	62220	100681	90210	47090	80080	34781	80180	33000	36640	99390	81970	18080	66190	74340	73240	83530	72300	35820	68230	58342	87590	72150	79650	85640	82970	93740	81980	67180	85460	86751	102380	91710	68350	75900	59790	62680	88750	71580	78272	104060	110980	78840	
66820	87350	108890	79510	120450	14430	111690	70100	109131	89950	91171	72480	134590	123780	60890	144790	148661	90061	155501	56520	122690	97750	131170	58680	52790	60280	109331	77760	158311	94541	24830	72480	80890	0	40640	102150	120260	70061	28490	134651	107620	131191	101550	96560	91750	135140	119000	25310	88970	134660	113820	70710	85070	67420	140890	102720	83400	60910	25280	78931	127661	78280	104950	84251	102630	145020	72160	48500	24690	35630	74500	96760	100180	134280	14610	138870	99960	33850	117870	82750	27490	92071	151771	136181	139691	55870	55360	98020	114801	30730	15630	87691	96620	122380	108400	130410	63730	133500	114711	63690	40430	
84280	123860	146040	115740	141200	51800	102420	105830	147800	80680	127710	91150	129372	123823	97720	157200	183670	128821	182610	92250	121682	110160	125952	36020	12150	96790	148091	107220	185420	133160	51760	84890	97070	40740	0	122900	132670	104591	55630	177170	98350	167490	119010	117310	128760	129792	127780	58700	78962	151690	104550	51670	92110	96540	148663	119690	95810	90030	38390	114390	166421	115290	125700	119681	113690	145033	101280	77420	25510	73000	95250	86752	90910	134243	28290	158250	120710	71220	118933	68020	25650	130831	178830	165640	182210	41140	46090	84030	153561	54700	29760	125470	87340	125773	102062	121140	98260	129942	153471	100520	23500	
43250	112980	105150	94750	19960	101960	111200	92140	76910	91700	65480	34550	93991	77210	126170	54710	65960	73170	61700	87360	81101	38110	93700	124480	134990	99310	80720	51380	64510	72870	85030	53800	33550	101790	122840	0	56920	83760	116860	68460	107950	58480	14020	19590	107220	96361	58830	81450	88040	38940	109890	129140	65070	44060	78940	27200	45390	49960	86030	71030	97741	100070	33370	87110	48330	91740	41810	53900	122980	99230	28530	95900	103460	84950	108020	44630	8890	85490	72571	121020	102000	79700	57970	55630	66400	115300	99800	115170	83821	119640	113480	68090	105610	72410	82200	103010	81440	91830	103000	127480	111460	
67512	151250	153600	132860	52990	126620	69480	130250	127240	62000	113930	65240	41550	24260	157322	32600	110420	120820	106160	123322	30010	24970	42650	113501	144740	136252	131050	89960	108970	121320	101330	48760	49020	120220	132590	57050	0	121870	146770	121100	66100	110880	44560	73560	147890	43920	5240	110610	58260	37330	67700	106840	41420	81580	22450	35310	41790	85632	99640	109610	148071	138180	86650	128050	19730	35750	80390	84412	136010	129742	66050	58370	62770	30030	122070	87890	64620	116002	21830	90690	107880	127040	102430	106790	117560	100191	87330	82530	134141	149010	130990	115740	72850	18410	40950	55630	119550	38140	151450	158752	110140	
58230	29940	43100	12320	100640	61250	141910	9060	48820	116070	33610	59580	151100	136763	48250	130670	91980	27920	98820	16120	138830	97210	148380	121421	116641	21030	48240	37130	101630	33600	66980	86410	73880	70171	104491	83760	121890	0	68260	77970	137560	74510	84030	77960	27550	152350	120630	49131	113590	114900	143690	131740	102280	42650	142520	89780	90840	38720	74350	22360	63480	17410	63830	15350	107292	153010	43760	41690	89191	39270	56360	121450	129130	146070	80031	85730	81570	38350	130853	131480	90231	26760	95090	79500	83010	116580	103360	133620	53710	71040	80391	28980	128420	132620	128950	154240	6660	149790	45810	47860	103171	
82580	76270	101010	74320	135080	24670	135850	64910	115362	114110	96420	87040	160730	150170	46110	165060	154892	91220	161732	52210	149080	122950	157310	82920	59370	53510	115562	86011	164542	100772	51220	98870	99620	28520	55760	116710	146650	67950	0	140882	131780	137422	116980	111120	82480	161280	145390	40970	113130	149290	137980	94950	111460	81100	167280	121450	109790	74590	52430	84300	133892	71510	119510	82140	129020	171410	85840	63060	31800	30840	89060	120920	124340	160670	33310	148642	114520	39900	144260	106990	51650	93030	158002	142412	145922	80110	79520	122180	121032	5270	27520	92160	120780	148770	134260	154570	62140	159890	108170	46270	64670	
95210	96360	88031	81320	68270	127852	179931	86110	52331	155640	48860	86510	161292	144511	124440	106960	17330	56550	24500	89000	148402	105411	161001	189192	189202	96900	56141	65920	25660	55751	130150	115400	95801	134832	177052	68621	121040	77900	140833	0	176280	10970	81321	61440	90600	163662	124660	113782	151830	89880	178621	196002	131270	79750	136510	94501	111533	80290	137520	59300	73162	86500	49160	70490	115631	154090	74340	92710	157302	114501	80490	159690	167990	150780	144692	33600	61871	104192	139872	182060	153960	63080	25810	16400	5500	168660	153940	180480	59242	143613	145052	51470	170920	138780	149571	171591	79010	158890	83521	124910	164830	
90690	164210	177610	148550	113820	120800	5930	143330	159221	22150	145320	94790	44071	47811	159010	98781	171390	151900	167130	133900	41461	70770	40651	75110	108670	144370	163031	122440	169940	152710	95970	62680	82720	107810	98220	108210	66181	137390	132230	176300	0	166320	94920	118700	163780	44491	61471	105250	25330	103511	7780	57630	47440	107660	73251	82680	71570	108810	88010	136450	180052	153130	127090	149860	60000	65291	111780	97420	109120	130560	98080	17280	9300	54551	98530	148860	115780	118860	45071	38830	80170	154600	163400	163470	174240	61940	52400	25690	166122	134070	108750	147270	17250	51711	27160	28050	132120	46331	181750	160440	75210	
87840	93660	85331	78620	57460	125152	169741	83410	49631	147653	46160	79140	151102	133820	121740	96150	19450	53850	27510	86300	138212	95221	150811	170290	186502	94200	53441	63220	30760	53051	126710	106581	85611	132132	167430	58431	110230	75200	138133	11740	166491	0	71131	51250	87900	153472	113850	111082	143993	79070	168431	174950	122181	77050	125700	84311	101343	77590	130620	56600	70462	83800	45230	67790	105441	143280	71640	90010	154602	111801	73120	151853	160003	139970	141992	22790	51681	101492	129682	174690	146590	60380	24220	6970	17090	161290	146580	172433	56532	140913	142352	48770	162873	127970	139381	161401	76310	148080	80821	122210	157450	
40540	113150	115150	94880	25210	102090	98260	92270	88790	78780	75480	32600	81051	64270	126300	51530	78790	82370	74530	87490	68161	25170	80760	112980	131300	99440	92600	51510	77340	82870	81950	41370	22050	101740	119150	14150	44550	83890	116990	81290	95010	71310	0	30660	109790	83421	46460	81580	75120	35760	96950	116560	52130	44190	66570	14260	32960	50090	82340	71160	109621	100200	43750	90070	35390	79370	41940	54030	120250	99360	28660	82980	90520	72580	104330	56900	21720	85620	59631	106630	93270	88590	70800	68460	79230	103100	88300	102250	95691	119770	112510	77290	92690	59470	69260	90070	81570	78890	113000	127610	99960	
37780	96000	88170	80960	34550	96490	123050	85750	59930	98060	48500	29080	109951	93170	120700	71920	62850	56190	60770	81890	97061	54070	109660	119880	129520	93840	63740	45910	63580	55890	79560	57970	38670	96320	117370	19720	73620	77540	111390	61280	118700	51300	30720	0	90240	112321	75530	75980	94400	56150	124850	124540	73840	38590	95640	43600	56710	44490	80560	55970	80761	86140	14180	70130	64290	108440	36340	48430	117510	93760	23060	102260	110410	101650	102550	45220	13480	80020	88531	123580	96530	62720	57040	50370	61140	110880	96160	121530	66831	114170	108010	51110	111970	88370	98160	118970	75970	107790	86020	122010	107040	
85000	11710	18760	15940	113320	78510	168850	24360	50340	143010	44530	85850	178782	163272	43260	152010	104651	34830	111500	38050	165892	123480	178440	147160	142380	32680	45840	61100	114310	35760	92750	113350	100150	92290	130230	107140	148220	28100	83000	90641	164500	87181	110300	90640	0	181152	146960	74360	140530	134930	170630	158710	129220	68920	168850	116050	117610	65490	100610	42100	54370	14600	76510	21790	133562	179340	70030	68630	110080	56530	82630	148390	156070	172400	104170	98410	99990	59710	157153	158420	114370	29610	107770	92171	95681	142750	130300	160560	52190	86770	102510	39620	155350	158950	155890	181470	33600	177292	26110	42280	127310	
96770	183210	186913	164150	96610	141290	42970	158930	160553	51470	147243	96593	2830	20670	180080	70890	154040	154183	149780	149410	16060	59591	4200	108791	140732	162820	164363	123832	152590	154633	116000	68060	82312	134890	129992	97031	44050	152510	161440	164171	44270	154191	83741	112361	180623	0	39910	125280	51370	81380	40340	94000	51210	113643	38420	71501	71761	114890	111090	143482	181384	171033	124231	160903	48821	26700	113703	111930	140820	150590	99342	44180	44020	16810	129770	131510	104601	138890	24990	75200	112340	160353	146050	150410	161180	95481	84570	63670	167454	163680	139990	149193	54680	26570	29290	18940	147240	7930	184763	181510	106822	
66392	150130	154270	131740	57170	125390	64980	129130	126700	56900	113390	64120	37530	20240	156202	37910	114600	120280	110340	122202	25580	23930	38630	108401	139110	135132	130510	89420	113150	120780	100100	47530	47900	118990	128660	59570	5310	120750	145540	125280	61600	115060	47080	76080	146770	39900	0	109380	53160	42640	63200	101740	37070	80460	22020	35280	40560	84512	98410	109070	149243	137060	88010	126930	16860	33330	79850	83292	133040	128622	64930	53870	58270	26390	120840	92070	67140	114882	17330	85590	104910	126500	106610	110970	121740	95091	82840	78030	135323	147780	129760	115200	68350	14390	36450	51130	118430	34500	152622	157632	105650	
47080	69500	91040	60000	99510	22970	109840	50590	88421	84000	70461	51540	125040	114230	56630	128120	127951	69351	133670	37010	113140	87450	121620	75620	70840	42430	88621	53310	136480	73831	22120	62930	64120	25320	58690	81210	110710	49351	41140	113941	105490	110481	81480	75620	73900	125590	109450	0	81520	112350	111620	87600	75520	45600	131340	85950	73850	39090	29610	57100	106951	60430	84010	63541	93080	135470	50340	27560	45530	28180	53560	89380	97060	124730	34230	116560	79020	16920	108320	90030	44430	71361	129940	115471	118981	71990	61280	101550	94091	43850	36730	66981	96340	112830	99580	122460	42980	123950	94001	58060	57370	
66480	140120	153520	124460	94350	96710	29050	119240	134420	4020	121110	70580	51530	47960	134920	90900	150501	127810	146241	109810	43840	51540	48110	57611	89552	120280	138230	98230	149051	128500	71880	38470	58510	88800	78812	88180	58300	113300	113220	151980	24700	143021	74890	94490	139690	51950	53120	81160	0	93190	30850	49030	23840	83450	73050	62650	47360	84600	65160	112360	155251	129040	102880	125770	44590	67490	87570	73330	90110	106470	73870	8220	16390	56700	79520	129171	93390	94770	43130	32880	61160	130510	142511	140171	150941	44301	33390	27490	141331	115060	89740	123060	17930	49970	24220	43190	108030	52100	156230	136350	55642	
74400	140500	132670	125460	22280	134440	107110	123320	104430	97460	93000	65730	78830	61540	157350	17820	79570	100690	75310	118540	67290	42010	79930	142830	163860	130490	108240	82560	78120	100390	115810	67870	56650	134270	151710	38990	37280	114940	149340	90250	103730	80030	35760	56070	134740	81200	42520	112630	93320	0	105330	143490	70330	75240	47370	38980	59460	81140	116200	100470	125261	130640	65690	114630	49980	64950	72990	85080	154970	130410	59710	95650	100150	67310	139050	57040	44300	116670	59110	127250	127000	107220	71580	75940	86710	130190	115630	120370	111331	152120	146400	95610	111170	55690	78230	92910	112620	75420	130520	158660	132850	
95760	169280	182680	153620	115490	125870	2810	148400	164291	27220	150390	99860	41910	48890	164080	99860	173060	156970	168800	138970	42480	72440	39110	76740	113740	149440	168101	127510	171610	157780	101040	67750	87790	112880	103290	109880	67260	142460	137300	177970	6650	167990	96590	123770	168850	40350	62550	110320	30400	104590	0	58420	52010	112730	74320	84350	76640	113880	93080	141520	185122	158200	132160	154930	61670	65650	116850	102490	114190	135630	103150	22350	14370	55220	103600	150530	117450	123930	46150	41760	85240	159670	165070	165140	175910	67010	57470	26430	171192	139140	113820	152340	22160	52790	28830	22270	137190	46120	186820	165510	80280	
91410	152790	172070	142980	141760	83750	56410	134760	160700	46370	144230	98150	93350	94280	130210	139800	202680	146360	201620	121180	88960	98150	89930	18760	56050	125720	164510	121610	204430	149680	73020	76920	94620	70700	51510	129210	107020	131820	95550	196180	58040	174960	116610	124360	157690	93770	101840	87590	49480	143350	58940	0	71540	105180	119720	109570	87340	104330	58710	130910	193001	144220	132750	144320	93120	112910	111700	91850	72440	104950	102510	52490	50600	102170	61850	165720	128130	100210	91490	19440	44190	149060	197840	173110	201220	17730	30300	33580	167601	97390	72070	141990	44350	98180	71560	77780	126000	95660	176210	133010	31210	
46810	129370	138800	113710	71260	91330	51180	108490	113810	27470	100500	49970	50960	40150	129080	71040	128690	107440	124430	99450	39060	28450	47540	74000	103080	112380	117620	77620	127240	107890	66040	18100	37900	84930	92630	65090	41710	102550	111480	131370	47270	121651	51800	73880	128940	51510	36990	75320	23730	70100	52740	71860	0	63780	58880	39560	26750	64930	64350	95790	134641	118290	82270	111580	22450	61390	66960	61970	97010	100630	53260	31300	39450	50650	85960	106160	72061	88930	34240	56160	68880	113610	120700	118801	129571	60690	46810	50940	120711	113720	95700	102450	41380	38750	28110	53090	97280	49870	138020	130510	69620	
18610	71920	76060	53650	62390	66240	112050	51040	57670	87060	44050	18680	111403	95893	84310	91000	92110	48410	96510	45500	98513	56920	109940	100510	108640	57860	61480	16950	99320	50730	52220	47970	33590	67540	96490	44090	81600	42660	81140	79510	107700	76050	44360	38500	68560	113773	80340	45730	83400	75230	113850	105170	63840	0	102230	50110	51220	8090	59590	33050	78501	58970	46890	48840	66422	112720	7040	20380	88290	61200	16100	91260	99410	105780	74390	79440	41900	48950	89983	104910	75650	51200	92780	79630	84550	91510	76790	106420	64571	83920	79230	44040	100970	92330	90510	116550	39990	109913	78280	85620	87670	
88622	172360	176500	153970	68760	147620	77020	151360	148930	76900	135620	86350	36960	26860	178432	32520	126050	142510	121490	144432	32520	46160	38210	128262	160203	157362	152740	111650	123300	143010	122330	69760	70130	141220	149463	79070	22790	142980	167770	136730	73640	126510	66580	95580	169000	37990	22370	131610	73170	47310	75240	120650	59300	102690	0	57510	62790	106742	120640	131300	171473	159290	108670	149160	39090	17640	102080	105522	156640	150852	87160	69600	70520	21970	143070	103520	86640	137112	30680	101710	127130	148730	118060	122420	133190	114952	104591	90180	157543	170010	151990	137430	81190	24800	51420	55140	140660	32270	174852	179862	126293	
41560	119070	121070	100800	35410	106520	86030	98190	94710	66550	81400	38090	68821	52040	131370	50690	92270	88290	88010	93410	55931	12940	68530	110860	132000	105360	98520	57430	90820	88790	82970	36010	22870	102760	119850	27630	35330	89810	121420	94770	82780	84790	14340	43640	115710	71191	35250	86010	62890	39080	84720	111430	39900	50110	57140	0	27600	56010	83360	77080	115541	106120	55510	95990	23160	67630	47860	58460	121270	103790	34580	70750	78290	60690	105350	70310	35200	90050	47401	94920	94070	94510	84280	81940	92710	97170	83290	90020	101621	124200	113530	83210	80460	47240	57030	77840	87490	66660	118920	132800	100760	
34200	118280	124250	101570	56970	89770	75980	97400	97890	50990	84580	35151	69491	53981	123360	64880	107691	91470	103431	89360	56601	17840	68620	86750	107890	102290	101700	60610	106241	91970	64480	11900	18100	83370	95740	45800	42050	90580	109920	110191	71630	100211	32920	56740	116800	71861	40790	73760	47330	59370	77780	87060	26770	51170	62680	27370	0	52320	62790	80260	118721	106890	65130	98120	24420	72840	51040	50450	99160	95780	36120	55190	63340	64810	85220	86361	50621	82040	48071	78350	71030	97690	99701	97361	108131	74460	59660	74460	104791	112160	94140	86390	64900	50470	51040	77110	86190	68001	122100	124790	76880	
19790	67030	75060	49530	68260	59740	113230	46150	58290	88240	43110	22350	113840	99061	79260	96870	92910	47470	98200	40450	101570	61220	111120	99590	102230	52810	62100	19220	101010	49790	45720	49150	37890	61040	90080	49960	85900	38540	74640	80310	108880	76850	50230	44370	64760	115090	84640	39230	84580	81100	115030	104250	65020	8090	106530	55980	52400	0	53090	32100	79121	54850	52760	47310	69500	117020	12080	14170	81790	54910	21970	92440	100590	109890	67890	85110	47770	42040	93151	103990	69240	50250	94470	80430	85350	90590	75870	106130	65191	77420	72730	43100	100920	95550	91690	117730	34940	112530	77330	80570	82800	
47450	95680	116080	85590	104370	34560	92170	76770	109270	67120	90610	54320	110310	101780	82400	124390	141290	92740	138530	63190	100610	77350	106890	48680	50360	68610	110740	70120	141340	96060	14920	52080	61520	25290	38210	86070	99860	74430	52400	133160	88100	129700	82180	80480	100080	110860	98600	29490	65490	115900	94300	58620	64670	59440	120490	83350	63000	52930	0	77290	129820	86610	88870	88330	82230	122990	64180	40520	39970	53950	58420	73350	80180	112200	24500	121420	83880	43100	96890	65990	17370	95160	134800	128810	138200	43010	37240	78500	116211	54640	33040	88370	77100	101980	83840	106430	67950	109770	118790	83830	30750	
50570	47490	48860	28420	78890	71551	141040	30560	33180	115200	14370	49840	140922	125412	68690	117580	71780	16360	77070	32520	128032	85680	140751	124890	125350	41150	34470	21210	79880	19680	70050	79510	62350	78531	112370	70910	109790	22350	84532	59180	136690	55720	71180	56210	41730	143292	109100	56250	112720	100500	142820	130900	95380	32910	130990	76930	80390	31850	77420	0	52380	33600	42080	22010	95941	141480	32970	40820	101001	55670	44830	120580	128260	134540	87750	63980	65560	47901	119502	130610	93570	20640	73340	59300	64220	116420	102490	132750	39940	87312	88751	12130	127550	121090	122050	148090	22530	139432	49090	69360	107130	
94183	66210	40260	58910	101931	120262	184194	67860	24490	159204	40620	89133	178206	162696	97760	140621	86232	39320	94292	77740	165316	123623	178035	176513	185793	79250	23320	64041	97422	32840	122090	118783	100293	127242	162902	95751	147733	63410	131140	72222	179844	68762	108451	79251	54720	180576	147043	106192	155213	123541	185994	192593	134653	78343	168983	114873	118333	78411	129700	52160	0	61500	65121	48640	133225	179473	72323	90831	149712	100890	82773	163073	171554	172533	137102	87021	88601	96602	156786	180913	147100	39570	91002	73752	77262	167513	152793	182423	16000	133920	137462	40410	174484	159033	161323	187345	67750	176716	31930	96780	160660	
74310	15270	31460	5720	109270	64420	157170	10270	50130	131330	40480	75660	168532	153022	40980	146750	100610	31470	107450	23960	154530	113290	166760	131970	127190	18590	49060	52630	110260	34560	78660	101670	89960	78200	115040	99840	137970	16760	71430	86600	152820	83140	100110	86590	14320	170730	136710	60270	128850	130880	158950	144000	117540	58730	158600	105860	106600	54800	86520	33830	61050	0	72460	16830	123372	169090	59840	56950	97080	42440	72440	136710	144390	162150	90080	94360	95940	45620	146933	146740	100280	27580	103720	88130	91640	128660	118190	148880	54530	74210	88420	35420	143670	148700	144210	169790	21120	167042	37840	40590	113220	
46170	81930	74100	66890	44220	104880	131440	71680	45860	106450	34430	37470	121691	104910	110010	82910	57110	42120	60000	74300	108801	65810	121400	128270	137910	82470	49670	48520	62810	41820	87950	66360	47060	104710	125760	33390	86590	63470	119780	49210	127090	45220	43690	14250	76170	124061	88120	84370	102790	65830	133240	132930	82230	46980	108610	55340	65100	52880	88950	41900	66691	72070	0	56060	76030	120500	44730	56820	125900	97450	31450	110650	118800	113560	110940	45100	27190	88410	100271	131970	104920	48650	56270	44630	54250	119270	104550	129920	52761	122560	116400	37040	120360	100110	108900	130710	64310	119530	71950	110480	115430	
66330	27150	28350	12050	93050	75510	154570	19870	34550	128730	24260	65600	158293	142783	57510	131740	84390	14940	91230	30380	145403	103230	157240	136780	132830	32350	33480	40850	94040	18980	81090	95270	79900	84431	119850	86870	127910	15420	82520	70380	150220	66920	90050	70370	21390	160663	126650	63391	126250	114660	156350	144430	111140	48670	148540	95800	97940	47480	88460	21850	48720	17040	56240	0	113312	159030	49780	54350	106660	53530	62380	134110	141790	152090	94291	78140	79720	52610	136873	144140	104491	12000	87500	71910	75420	129950	116020	146280	38950	85300	94651	19200	141080	138640	137810	163850	20920	156803	30790	57120	118370	
50730	134810	139192	117992	53520	108870	63160	113930	112832	48240	99522	48872	45951	30441	139890	48740	110950	106462	106690	105890	33061	11080	45660	95570	124650	118820	116642	76111	109500	106912	83580	31010	34591	102470	114200	48520	20010	107002	129020	115660	59910	105680	35230	63850	132902	48321	17030	92860	44500	49900	61850	93080	22470	65922	38920	22990	24040	68850	81890	95761	133663	123312	75720	113182	0	48760	65982	66980	118260	112310	51621	49700	55420	40680	104320	88420	56090	98570	24531	76930	90130	112632	102960	102830	113600	82260	68380	71710	119733	131260	113240	101472	62150	26340	34160	54970	102720	44461	137042	141320	91190	
98712	182450	186590	164060	86430	151720	67810	161450	159020	70050	145710	96440	25650	22240	188522	50190	143720	152600	139160	154230	24640	56250	27160	124392	156333	167452	162830	121740	140970	153100	126430	75700	80220	145320	145593	92330	35770	153070	171870	154400	64940	144180	79840	108460	179090	26680	33280	135710	67110	64980	65490	112880	61640	112780	17720	67600	72380	116832	123670	141390	181563	169380	120330	159250	48680	0	112170	115320	153400	160650	97250	62750	62750	11120	142350	121190	99900	146910	28830	93940	125270	158820	135730	140090	150860	111082	100310	82410	167633	174110	152570	147520	73420	25510	44570	44090	150750	21220	184942	189952	122423	
25060	73090	77230	54820	59940	70930	116690	52210	51710	91700	38400	21920	111033	95523	86920	88550	86770	45340	92060	48590	98143	56410	110862	106960	113420	59380	55520	14080	94870	45790	56910	51610	33080	72230	101270	41640	80520	43830	85830	74170	112340	70710	41910	36050	69730	113403	79830	50420	88040	72780	118490	111620	67480	7010	101720	47660	51120	12020	64280	32960	72541	60140	44440	50010	66052	112210	0	25640	92980	64350	15560	95900	104050	105270	79080	76990	39450	52100	89613	111360	80430	51420	88330	74290	79210	97960	83240	112870	58611	88610	83920	40350	105610	91820	94150	120172	41510	109543	75920	88230	93990	
19520	68830	82230	53170	71950	48130	101950	47950	70710	76110	54390	23980	110800	97181	72910	100560	105330	56520	106070	38910	98530	59890	108080	87120	89530	51840	74520	31640	108880	59840	33130	46110	36560	48450	77380	53650	84570	42010	63030	92730	97600	89270	53920	48060	68400	112050	83310	27620	73630	84790	103730	91780	61980	20390	105200	58390	50520	14170	40500	41070	91541	57750	56450	54480	67620	115690	25700	0	69200	45400	26000	81490	89170	108010	55300	89000	51460	31660	91271	91520	56540	59220	102340	92850	97770	78120	63400	93660	77611	65810	60140	52150	88450	93670	88650	113940	36740	109490	84940	74340	70100	
85040	105000	127820	98640	141380	33560	113500	89230	132591	91760	114631	91910	140100	131570	76360	160630	172121	113521	176120	75650	130400	113590	136680	58400	30310	79210	132791	98220	186180	118001	44950	88320	99110	24740	25590	122930	136100	89191	31720	158111	109430	154651	119770	117340	109920	140650	132660	45510	90780	154360	115630	72690	96990	88200	156330	120940	99240	81690	39660	101770	151121	97210	125730	104381	118470	152780	92940	69280	0	54760	95280	98570	101990	141990	16830	159010	120740	52980	126680	84730	29300	115531	172390	159641	163151	57850	57170	99830	138261	30790	9820	111151	98420	133520	113630	132220	82860	139560	136020	76690	42410	
65000	51720	73260	45460	117430	21980	135740	36050	83260	109900	67560	69460	150940	140130	32500	146040	127910	62360	134750	23350	139040	105370	147520	93100	84070	24650	83120	60820	137560	68040	45550	88830	82040	35760	73000	99130	130050	39090	30960	113900	131390	110440	99400	93540	56120	151490	128790	28580	107420	130270	137520	105130	101420	61120	150680	103870	96000	54880	54310	55440	100540	42650	97400	53280	113100	161170	64310	45480	54780	0	71480	115280	122960	150630	48880	121660	96940	15370	134220	115930	61910	64170	131020	115430	118940	90290	87180	127450	88590	33740	45980	63300	122240	138730	125480	148360	33280	149850	79460	33930	74850	
15710	85940	89190	67670	46690	74290	102370	65060	62830	77380	49520	7240	96562	81052	99090	75300	83610	56410	80810	60280	83672	41320	96391	98040	107320	72230	66640	25550	83620	56910	57360	37290	17990	74120	95170	28390	66000	56680	89190	80290	98020	72980	28660	22800	82580	98932	64740	53780	73720	59530	104170	102700	53160	16390	86630	34410	36030	22290	58360	45200	83661	72990	31190	62860	51581	97120	15980	26230	94870	71560	0	81580	89730	90180	80350	63740	26200	57820	75142	100770	74330	62630	77080	71130	81900	89040	74320	100380	69731	91970	85810	51330	91290	76730	79830	105701	54360	95072	87040	100400	85200	
74680	148320	161720	132660	102550	104910	21540	127440	142620	7630	129310	78780	43670	43470	143120	91410	158701	136010	154441	118010	39080	59740	40250	65811	97752	128480	146430	106430	157251	136700	80080	46670	66710	97000	87012	96380	58810	121500	121420	160180	17190	151221	83090	102690	147890	44090	54100	89360	9320	96140	23320	52440	31780	91650	68970	70850	55560	92800	73360	120560	163451	137240	111080	133970	49570	62730	95770	81530	98310	114670	82070	0	8760	51940	87720	137371	101590	102970	40730	36170	69360	138710	150711	148371	159141	52501	41590	26210	149531	123260	97940	131260	15950	47370	19410	35310	116230	45980	164430	144550	63842	
82550	155940	169340	140280	108780	112530	14180	135060	151081	13880	137180	86650	43940	44870	150740	95750	166350	143630	162090	125630	39550	66340	40520	68290	101850	136100	154891	114300	164900	144570	87700	54540	74580	100990	91400	103780	63050	129120	125410	168880	9830	159931	90490	110560	155510	44360	58340	96980	17190	100480	15980	51040	39650	99520	70310	78250	63430	100670	80420	128180	171912	144860	118950	141590	55570	63500	103640	89150	102300	122290	89940	9000	0	52760	91710	143820	109460	110590	42130	32240	73350	146330	158360	157081	167851	55120	45580	21080	157992	127250	101930	139130	11820	48770	22730	31630	123850	46250	173480	152170	68390	
90830	175600	179292	157210	83130	140710	57180	154130	152170	59040	138860	88972	15390	11230	179500	54960	140560	145750	136300	145990	13750	49400	16530	113382	145323	159652	155980	114890	139110	146250	115420	65780	73370	134310	134583	85530	30180	146220	160860	151240	54310	141020	72990	101610	172240	16900	26430	124700	56100	67510	54860	101990	50630	105930	22490	60750	64140	108950	112660	134540	173763	162530	113480	152400	40410	11580	105320	107080	142390	150010	90400	51740	51860	0	131340	118030	93100	138310	17820	83050	114260	151970	132570	136930	147700	100072	89300	71520	159843	163100	141560	140670	62530	16090	33560	33460	142820	10890	177142	180930	111413	
69350	99220	120760	90600	126270	27530	103020	81190	119021	81280	101061	76220	128340	119810	73530	146630	158551	99951	160430	67610	118640	99590	124920	50090	40120	72150	119221	84750	163240	104431	29290	74320	83420	14500	27970	107970	122100	79951	34000	144541	98950	141081	104080	102380	103620	128890	120650	34060	80300	138670	105150	62120	85230	74410	142540	105250	85240	67900	24310	88540	137551	90150	110770	94141	104470	141020	79150	55490	16400	48730	80320	88090	91510	130230	0	143320	105780	46640	114920	74160	18820	101961	156700	146071	149581	47280	46690	89350	124691	35840	10700	97581	87950	121760	101870	121740	73620	127800	124601	76330	31840	
79120	103961	96131	88921	35270	135453	151610	93711	67331	133812	56461	70420	128920	111630	132041	73960	22530	64151	18270	96331	116970	78370	130020	161570	172860	104501	71141	70551	21080	63851	120900	93480	72510	138960	158710	44590	88040	85501	148434	33790	148360	23570	56760	46450	98201	131290	91660	117320	129760	56880	150300	166240	106690	79930	103510	69940	87502	84921	121900	63931	88162	94101	46151	78091	88590	121090	77680	89770	159810	122102	64400	137620	143870	117780	143890	0	38760	111793	108720	163152	137870	70681	14540	19480	30250	152570	137850	158520	74242	151214	151090	59071	148690	105780	122460	142520	86341	125890	93981	132511	148730	
41040	105580	97750	90540	22190	99750	118790	89930	69510	96890	58080	32340	101581	84800	123960	60880	59550	65770	55290	85150	88691	45700	101290	123490	132780	97100	73320	49170	58100	65470	82820	56800	35830	99580	120630	8910	64510	81550	114650	61430	115540	51450	21610	13350	99820	103951	66420	79240	93230	43800	117480	128150	72660	41850	86530	34790	51322	47750	83820	65550	90341	95720	27180	79710	55920	99330	39600	51690	120770	97020	26320	101090	109240	92540	105810	38220	0	83280	80161	124680	99790	72300	51560	49060	59830	114490	99770	120360	76411	117430	111270	60690	110800	80000	89790	110600	79230	99420	95600	125270	110650	
50870	54930	76470	46370	103300	25070	123340	36960	78321	97500	60361	55330	138540	127730	43400	131910	117851	59251	124691	23380	126640	91240	135120	88060	82290	27860	78521	48900	127501	63731	35250	75990	67910	33980	71130	85000	115920	38270	39970	103841	118990	100381	85270	79410	59330	139090	114660	16860	95020	116140	125120	100090	89020	48420	136550	89740	81870	41590	43110	48121	96431	45860	87800	52460	98970	147040	51610	31350	53000	15370	57350	102880	110560	138230	46670	111601	82810	0	121820	103530	56870	61261	120961	105371	108881	85250	74780	115050	83991	42750	44200	56881	109840	125020	113080	135960	31710	137450	82670	44830	69810	
74491	158571	162953	141753	73650	124350	49250	137691	136593	47160	123283	72633	22940	7330	162100	54260	131080	130223	126820	129651	9950	35631	23010	98232	130173	142581	140403	99872	129630	130673	99060	48840	58352	117950	119433	73071	21660	130763	144500	140211	45870	130231	59781	88401	156663	25310	16950	108340	43140	58990	47470	92090	34270	89683	30780	47541	47801	92611	97370	119522	157424	147073	100271	136943	24861	29230	89743	90741	127240	133650	75382	41350	42640	18440	116190	108550	80641	121950	0	73830	99110	136393	123090	127381	138151	84922	74561	62300	143494	146740	126410	125233	53310	7700	22990	35400	126481	21350	160803	163530	96263	
91110	156220	171740	142680	127170	96311	39350	137310	160400	30200	143900	96760	74540	75470	142771	123270	182841	146030	178581	123730	70150	82970	71120	37590	75480	129150	164210	121310	181391	149350	78730	68370	87530	83261	67920	119030	90490	131520	108111	181830	39230	174520	106150	123420	157910	74960	85310	90030	33310	126400	42340	19430	56030	104880	100910	94080	77780	104030	66050	130580	181231	147150	131810	143990	76780	94100	111400	91550	85001	115340	100580	36140	31790	83360	74411	161511	123810	103640	72730	0	56751	148730	174851	172511	183281	28350	30440	16980	167301	109951	84631	141660	25540	79370	52860	61890	126250	76850	175880	145220	45460	
63340	109910	131450	101290	117470	40870	84380	91880	126860	62640	106770	70210	111920	103390	87330	132450	157180	108900	154420	78300	102220	85410	108500	32140	37700	82840	128330	86280	157230	112220	30820	60140	72320	27820	25550	101960	107920	90641	52240	150750	80310	146550	93420	96370	114310	112470	104480	44750	61660	126940	86510	44170	68810	75600	126370	94260	71060	69090	17450	93450	147410	100840	104760	104831	90290	124600	80340	56480	29130	62070	74310	69450	72870	113810	18540	137310	99770	57330	98500	56210	0	111600	150690	144700	155470	29330	28050	70710	133801	54080	28760	104530	69300	105340	84760	103100	84310	111380	135291	90130	13890	
68870	36300	28740	23450	85470	85091	159340	31270	23840	133500	16680	68140	157704	142194	68020	124160	76810	7200	83650	41370	144814	103100	157533	143190	140711	43750	22770	39640	86460	8270	87980	97810	79770	92071	127731	79290	127210	26820	93510	62800	154990	59340	88600	62790	29550	160074	126520	71031	131020	107080	161120	149200	113680	51210	148410	94350	97810	50150	95350	20780	39620	27540	48660	12050	112723	158900	51400	59120	114541	64520	62250	138880	146560	151960	101931	70560	72140	61441	136284	148910	111870	0	79920	64330	67840	134720	120790	151050	28240	96290	102291	11620	145850	138510	140350	166390	31380	156214	28970	67040	125430	
91960	113210	105380	98170	49460	144702	165800	102960	71041	146652	65710	83260	143110	125820	141290	88150	9360	73400	4050	105850	131160	92560	144210	190902	190912	113750	74851	79800	6860	73100	134690	106320	85350	151682	178762	57430	102230	94750	157683	25720	162550	24800	70130	58092	107450	145480	105850	130632	142992	71070	164490	197712	120880	92770	117700	83310	100342	94170	135690	73180	91872	103350	56331	87340	102780	135280	88220	102610	173600	131351	77240	150852	158060	131970	157680	14180	51600	121042	122910	175992	151660	79930	0	17620	20480	166360	151640	171432	77952	160463	161902	68320	161872	119970	136650	156710	95590	140080	102231	141760	162520	
86361	97850	89521	82810	53870	129342	166760	87600	53821	144672	50350	77661	147520	130230	125930	92560	12600	58040	20660	90490	135231	92240	147830	168821	190692	98390	57631	65690	24030	57241	128151	104051	83081	136322	165961	55450	106640	79390	142323	16260	163510	7590	68150	50400	92090	149890	110260	115272	141012	75480	165450	173481	119200	79520	122110	81330	98362	80060	129151	59070	74652	87990	44510	71980	102460	139690	74110	92480	158792	115991	71641	148872	157022	136380	146182	19200	49151	105682	126701	173221	145121	64570	17640	0	11320	159821	145101	169452	60732	145103	146542	52960	159892	124380	136400	158420	80500	144490	85011	126400	155981	
97231	101410	93081	86370	64740	132902	177630	91160	57381	155542	53910	88531	158390	141100	129490	103430	11950	61600	19060	94050	146101	103110	158700	194242	194252	101950	61191	70970	20220	60801	135200	114921	93951	139882	182102	66320	117510	82950	145883	5490	174380	16310	79020	61270	95650	160760	121130	118832	151882	86350	176320	201052	130070	84800	132980	92200	109232	85340	140041	64350	78212	91550	54200	75540	113330	150560	79390	97760	162352	119551	82511	159742	167892	147250	149742	30070	60021	109242	137571	184111	156011	68130	20430	11430	0	170711	155991	180322	64282	148663	150102	56520	170762	135250	147270	169290	84060	155360	88571	129960	166871	
77730	138050	157530	127910	128050	69411	65950	119140	147020	46920	129690	84470	95471	89922	115871	131150	171910	131820	169150	105560	87781	85630	92051	15090	51470	110980	150830	107930	189050	135140	57290	64210	81910	56361	41020	115500	100171	116750	81211	168590	62220	161280	103010	110680	142450	95891	94991	71860	45061	129280	68420	17630	60060	91500	114762	96740	74630	90650	42980	116370	167851	128980	119070	129780	81640	111132	98020	78170	58101	90611	88830	52851	54780	100342	47511	152040	114450	85470	85032	28350	29851	134520	165420	159430	170200	0	17590	44360	153921	83051	57731	127450	50880	91872	68161	85010	110270	96041	161670	118671	18560	
63000	127440	143630	114570	112250	68720	56590	108530	132290	34850	115790	69740	84280	79191	115010	116720	157180	117920	154420	94950	76590	71850	80860	29590	56530	100370	136100	93200	157230	121240	49950	49400	67100	55670	46080	99700	87120	103410	80090	153860	52520	146550	88200	95950	129800	84700	81950	61250	33870	115500	58720	30300	46280	76770	103840	82960	59820	75920	37270	102470	153121	118370	104340	115880	67860	100240	83290	63440	56980	86560	74100	41660	45080	89450	46390	137310	99720	74860	74301	30410	28030	120620	150690	144700	155470	17700	0	42920	139191	81930	56610	113550	41520	81141	56970	75310	97720	84850	147770	116440	23070	
91630	160370	173770	144710	122730	111180	24060	139490	161170	23720	145930	96410	63710	64640	155170	115800	179651	148060	175391	130060	59320	78770	60290	51860	89590	140530	164980	122710	178201	151380	91010	65700	85740	98130	83980	115410	82920	133550	122550	180040	25630	172171	102120	121720	159940	64130	78210	101410	28350	120530	27050	33540	51070	106280	90080	89880	74590	106060	78330	132610	182001	149290	130110	146020	71820	83270	112800	93580	99440	126720	100230	26740	21240	72530	88850	158321	120620	115020	61900	17050	70490	150760	171661	169321	180091	44410	42720	0	168081	124390	99070	143690	12860	68540	42790	47640	128280	66020	177910	156600	61520	
80313	62660	41100	50450	88061	107862	170324	58270	9180	145334	27690	75263	164336	148826	94380	126751	72362	27370	80422	65450	151446	109753	164165	162643	163482	70750	8440	50171	83552	20900	108531	104913	86423	114842	150502	81881	133863	53820	118850	58352	165974	54892	94581	65381	52140	166706	133173	93792	141343	109671	172124	167303	120783	64473	155113	101003	104463	64541	115911	39760	16770	54540	51251	39050	119355	165603	58453	76961	137312	88600	68903	149203	157684	158663	124702	73151	74731	84202	142916	167043	133311	28490	77132	59882	63392	153643	138923	168553	0	121630	125062	28010	160614	145163	147453	173475	55460	162846	34230	93400	146871	
85290	80310	104830	77030	137790	27380	138080	67620	118072	116340	99130	89750	162960	152560	50150	167770	157602	93930	164442	54920	151470	125660	159540	85150	57720	56220	118272	88721	167252	103482	53610	101260	102330	30910	54620	119420	149040	70660	4240	143592	134010	140132	119690	113830	86520	163510	147780	43680	115360	152000	140210	97180	113850	83810	169670	124160	112180	77300	54820	87010	136602	74220	122220	84850	131410	173800	88550	65770	30660	33550	91770	123150	126570	163060	35540	151352	117230	42610	146650	109220	53880	95740	160712	145122	148632	82340	81750	124410	123742	0	29750	94870	123000	151160	136490	156800	64850	162280	112210	50310	66900	
77800	97900	119700	90320	132460	25240	113430	80910	120191	91690	102231	84340	138930	130400	69260	155770	159721	101121	166561	67330	129230	108730	135510	60320	38710	71090	120391	89620	169371	105601	36030	83460	91870	15820	29650	114010	131240	80871	28280	145711	109360	142251	112530	108420	102560	139480	129980	37190	90710	146670	115560	72620	95820	79280	151870	113700	94380	72770	33190	89991	138721	89090	116810	95061	113610	151610	84020	60360	9420	46440	86360	98500	101920	140820	11290	150880	111820	44660	125510	84660	29230	103131	162831	147241	150751	57780	57100	99760	125861	30120	0	98751	98350	132350	112460	132150	74540	138390	125771	72060	42340	
61650	45020	39820	29980	73980	80542	151881	35470	22500	126390	5190	57120	146224	130714	74660	112670	65320	5210	72160	40450	133334	91610	146053	136080	136162	47950	22700	29330	74970	7910	81240	86801	68280	87522	123182	67800	115720	28980	92590	51310	147531	47850	77110	51300	39260	148594	115030	66482	123231	95590	153681	142090	102671	43980	136920	82860	86320	42930	88610	12110	40610	35160	37170	19150	101243	147410	40341	52010	109992	63600	50760	131091	139241	140470	97382	59070	60650	56892	124804	141800	104760	11740	68430	52840	56350	127610	113680	143940	28170	95370	97742	0	138740	127020	129341	155363	30460	144734	38440	74270	118320	
83270	152010	165410	136350	112990	106890	19780	131130	152810	14320	137570	88050	54390	55320	146810	106290	170251	139700	165991	121700	50000	69370	50970	59640	94700	132170	156620	114350	168801	143020	83770	56300	76340	93840	84250	106010	73040	125190	118260	170640	17360	162771	92720	112320	151580	54810	68330	93050	18950	111020	22770	41480	41670	97920	80760	80480	65190	97700	74040	124250	173641	140930	120710	137660	62420	73950	104440	85220	95150	118360	91700	16010	11650	63210	84560	148921	111220	106660	52580	22680	66200	142400	162261	159921	170691	47650	38430	12560	159721	120100	94780	135330	0	59220	32720	41420	119920	56700	169550	148240	61240	
76520	160600	164982	143782	71460	129100	55120	139720	138622	54110	125312	74662	23960	6790	165680	51500	128890	132252	124630	131680	12770	36000	25060	105182	137123	144610	142432	101490	127440	132702	103810	53060	59970	122700	126383	72880	18900	132792	149250	139570	51740	129350	59590	88210	158692	26330	14750	113090	50090	56230	53340	98640	39020	91712	24480	47350	49830	94640	102120	121140	159453	149102	100080	138972	26100	25240	91772	92770	134190	138100	77000	47220	48510	16260	123140	106360	80450	124360	7600	79700	106060	138422	120900	125260	136030	91872	81511	68170	145523	151490	133360	127262	59180	0	29040	39740	128510	20950	162832	167110	103213	
73100	155660	165090	140000	87530	115600	30570	134780	140100	26760	126790	76260	28690	25340	153460	73750	144960	133730	140700	125740	20950	45090	25270	81221	113162	138670	143910	103910	143510	134180	90420	44390	62200	108660	102422	82530	41150	128840	135750	149830	27320	139850	69240	97860	155230	29110	36440	99700	23800	78480	29260	71570	27540	90070	50840	57000	50560	91220	84050	122080	160931	144580	108560	137870	34320	44600	93250	88260	113720	125010	79550	19460	22830	33810	102730	122430	90100	113310	22500	53410	84770	139900	136970	137000	147770	67911	57000	42860	147011	137650	112950	128740	32990	29240	0	28110	123570	29210	164310	154890	79252	
99170	181360	193121	165170	107800	137950	24870	159950	166761	42510	152860	102330	20520	33910	177200	88010	165230	159800	160970	150910	27740	65730	17720	96500	131680	161520	170571	129980	163780	160250	113120	70460	88290	130820	121230	103170	55810	154010	155240	170580	28610	160600	89880	118500	180930	18960	51100	122400	43650	93140	22240	78180	52740	116140	55860	77640	76650	117290	106400	148150	187592	170280	130370	164040	54960	44260	119320	113430	132130	147710	105611	35210	31480	34160	121540	142700	110740	136010	34700	62070	103180	166070	157240	157750	168520	84950	75410	48190	173672	157080	131760	154810	41460	39810	27870	0	148740	24730	190971	178630	98220	
54140	32580	48590	17810	99740	55450	136850	11700	50460	111010	34760	56700	146040	132941	46490	128350	93130	29560	99590	10320	133770	94890	143320	115400	110620	18950	50320	34820	102400	35240	60840	81350	71560	64150	98470	81440	119570	6650	62460	79120	132500	75660	81710	75850	33040	147290	118310	43080	108530	112580	138630	126050	97220	39600	140200	87460	86280	34630	68210	22640	67740	21530	64600	20840	103380	150690	41450	36630	83170	33470	54040	116390	124070	143750	74010	86500	79250	31910	127031	126420	84210	31370	95860	80650	84160	110440	97920	128560	55790	65240	74370	30500	123350	129430	123890	149180	0	144730	51300	47800	97150	
93781	178593	182243	161043	91030	139400	48530	157040	155883	52830	142573	91923	5550	15580	178190	65150	148460	149513	144200	147520	11550	54921	7500	108911	140852	160930	159693	119162	147010	149963	114110	66170	77642	133000	130112	92280	38330	150053	159550	159140	46000	148920	78990	107610	175953	7900	34320	123390	51490	75660	45920	95360	49320	108973	32680	66750	67091	111901	109820	138812	176714	166363	119480	156233	44151	21340	109033	110031	139550	148700	94672	45530	45370	11070	128500	125930	99850	137000	20320	76560	111420	155683	140470	144830	155600	95601	84690	65030	162794	161790	138720	144523	56040	21060	28950	24520	145350	0	180093	179620	106942	
96340	38200	8960	37090	108980	102120	186580	46510	38310	159490	40360	93422	182495	166985	69750	147670	96861	35880	104921	60050	169605	127912	182324	167781	163831	56290	33350	66910	108051	31080	111850	123072	104582	115191	150851	102800	152022	46180	109270	82851	182230	79391	113412	86300	26710	184865	151332	94151	157010	130590	188360	176440	138942	78680	173272	119162	122622	77620	119220	49460	31560	38540	72170	31090	137514	183762	76612	85110	136760	80140	87062	164870	173800	176822	125051	94070	95650	83230	161075	176150	135251	29210	101631	84381	87891	161960	148030	178290	34390	113040	125411	38850	173080	163322	165612	191634	51680	181005	0	68770	149371	
93850	30820	60450	45560	145310	53800	165620	38940	89400	139780	79170	98310	181860	170010	3100	173920	138830	71310	145670	40300	168920	134220	178440	120750	104620	29100	86800	81820	148480	73830	75430	118710	110890	63440	100150	127010	158900	47700	46330	124820	161270	121360	127280	121420	41930	182410	157640	58460	137300	158150	167400	132780	131300	85170	179530	132720	124850	80200	84190	69210	96080	40390	110680	56670	141950	190020	88300	74330	77050	33930	99610	145160	152840	181550	76030	132580	124820	44820	164100	144820	89560	66850	141940	126350	129860	117940	117060	157330	93150	50100	71260	74110	152130	168000	155360	179280	47640	180770	67820	0	102500	
73590	122370	144050	113750	123910	53330	79500	104340	140240	57760	120150	80330	106352	100803	99790	138050	167770	122280	165010	90760	98662	91010	102932	19440	34330	95300	141710	99660	167820	125600	44350	65740	78760	40280	23530	111360	110030	103101	65130	164130	75430	157140	99860	106540	126770	106772	104860	57210	55942	132540	81630	31470	69190	87360	125643	100540	76660	82470	30690	106830	160790	113300	114930	117691	90770	122013	93720	69860	42020	74530	84690	63732	67990	111223	31430	147900	110310	69790	95913	45710	13770	124980	161280	155290	166060	18830	23170	61720	147181	66970	41650	117910	64430	102753	79042	98220	96770	106922	150630	102590	0	


0	 Charlton_Kings                     0		0		32400		0

1	 Warminster                         474		4673		24868		948
2	 Shepton_Mallet                     389		5303		25852		778
3	 Bradford-on-Avon                   246		4542		23743		492
4	 Hereford                           182		3235		21717		364
5	 Hartshill                          287		704		19569		574
6	 Attleborough                       508		5211		24944		1016
7	 Melksham                           795		4541		25641		1590
8	 Portishead                         328		1988		20929		656
9	 Leamington                         586		2598		22555		1172
10	 Stoke_Gifford                      525		1727		22148		1050
11	 Churchdown                         311		1531		21597		622
12	 Pelsall                            410		2452		22971		820
13	 Dudley                             801		2670		22666		1602
14	 Bulford                            331		1245		20136		662
15	 Ludlow                             761		2452		23907		1522
16	 Abertillery                        783		5161		26071		1566
17	 Kingswood                          652		1828		22417		1304
18	 Ebbw_Vale                          193		4527		24339		386
19	 Calne                              658		4835		25175		1316
20	 West_Bromwich                      765		4702		25583		1530
21	 Worcester                          636		5335		26441		1272
22	 Aldridge                           543		816		19940		1086
23	 Buckingham                         804		2019		23335		1608
24	 Princes_Risborough                 578		3132		23041		1156
25	 Devizes                            757		5164		25636		1514
26	 Nailsea                            250		639		19458		500
27	 Dursley                            417		1231		20412		834
28	 Tredegar                           772		2534		23104		1544
29	 Bristol                            350		3675		22436		700
30	 Carterton                          414		4752		24495		828
31	 Evesham                            727		4049		24354		1454
32	 Tewkesbury                         203		4294		24519		406
33	 Grove                              591		2638		23058		1182
34	 Thame                              270		977		20040		540
35	 Yatton                             165		1944		21361		330
36	 Bewdley                            773		3597		23421		1546
37	 Corsham                            312		2994		21727		624
38	 Newbury                            322		2028		21468		644
39	 Risca                              608		2089		21928		1216
40	 Bedworth                           312		3125		22124		624
41	 Cwmbran                            587		3513		24111		1174
42	 Ledbury                            300		4886		25404		600
43	 Cinderford                         799		2250		23757		1598
44	 Frome                              710		1770		22276		1420
45	 Brownhills                         263		2747		21655		526
46	 Kidderminster                      542		1531		21994		1084
47	 Highworth                          770		3385		23050		1540
48	 Warwick                            769		1987		23431		1538
49	 Leominster                         747		1968		21609		1494
50	 Nuneaton                           110		2762		21206		220
51	 Towcester                          676		919		21408		1352
52	 Alcester                           482		4632		25372		964
53	 Stroud                             703		3811		25043		1406
54	 Bridgnorth                         582		3333		23845		1164
55	 Great_Malvern                      598		5026		25317		1196
56	 Pershore                           792		4558		24520		1584
57	 Chalford                           472		1968		22076		944
58	 Witney                             489		640		20121		978
59	 Chipping_Sodbury                   787		5259		26256		1574
60	 Weston-super-Mare                  464		1750		22663		928
61	 Trowbridge                         679		4568		25383		1358
62	 Lydney                             598		4810		24695		1196
63	 Bath                               326		4123		24275		652
64	 Droitwich                          354		2497		23039		708
65	 Albrighton                         544		2357		21657		1088
66	 Stonehouse                         540		3000		23451		1080
67	 Cirencester                        820		5374		25305		1640
68	 Wallingford                        754		2273		22864		1508
69	 Mildenhall                         370		631		19914		740
70	 Gloucester                         483		4687		24946		966
71	 Kenilworth                         269		4616		23215		538
72	 Coventry                           636		1987		21882		1272
73	 Wolverhampton                      325		1085		20634		650
74	 Abingdon                           457		810		20520		914
75	 Abergavenny                        183		3034		23154		366
76	 Ross_on_Wye                        818		5106		24896		1636
77	 Wroughton                          191		3157		23267		382
78	 Halesowen                          432		2723		22540		864
79	 Daventry                           558		5193		26045		1116
80	 Kidlington                         371		3039		22005		742
81	 Keynsham                           726		5270		25714		1452
82	 Brynmawr                           739		2606		23263		1478
83	 Pont-y-pwl                         484		4583		24816		968
84	 Abercarn                           143		4812		24525		286
85	 Brackley                           620		1228		21481		1240
86	 Banbury                            644		3056		23464		1288
87	 Rugby                              600		2607		22636		1200
88	 Clevedon                           438		4001		23829		876
89	 Thatcham                           353		5231		24635		706
90	 Didcot                             190		3404		22921		380
91	 Mangotsfield                       734		2422		22497		1468
92	 Brandon                            796		3501		23658		1592
93	 Stourbridge                        568		1956		22792		1136
94	 Solihull                           275		1309		21371		550
95	 Fazeley                            172		1411		20647		344
96	 Chippenham                         395		1267		21757		790
97	 Walsall                            347		3277		23630		694
98	 Wells                              326		5367		25080		652
99	 Amesbury                           679		4411		23813		1358
100	 Bicester                           329		1143		20250		658
