100

6350	3650

20	90

0	15100	42240	57410	73210	31430	18340	62880	63560	9130	68470	72710	69130	55210	46910	22730	20770	28270	55140	78550	38360	21820	8780	37310	64150	32880	61850	41190	44950	19220	39180	42930	47820	64290	43030	10500	52900	54670	24640	23850	33650	74440	78490	37740	95320	57360	91820	65340	73681	87200	36280	88441	53040	66630	80640	38350	47240	69290	89680	6040	97940	28330	33820	70240	95690	92300	63650	75760	44150	53020	31440	85750	59720	95061	80701	55300	57560	49150	56590	59230	95141	36390	37440	41270	52500	59840	74070	98150	73970	22920	48130	41210	35770	28140	59280	52110	29690	96580	61980	21630	89040	
15270	0	47600	63690	61210	38360	33210	50880	50190	24150	57980	76420	55760	45590	61880	25420	26580	37640	49660	65180	28260	30770	7070	46080	65430	47850	52010	49960	45440	32250	42800	30450	54460	73060	49500	9530	54400	57880	13750	37410	48520	65840	91980	47600	82020	66130	95440	78830	76881	75910	45050	91641	41060	66330	87640	48680	58510	55990	76380	9490	84640	26120	42590	56940	83690	79000	60060	82230	54940	65010	41100	72450	72250	98261	83901	52700	48060	64170	60300	69420	98341	38910	38130	43790	58740	57430	60700	101770	80970	24390	60120	49980	50790	33590	48980	40110	39880	92610	60070	32880	95510	
41830	47920	0	19360	107790	71361	36440	97460	90640	44950	104560	112051	100110	92170	65350	25630	23260	67890	48420	106060	74830	24740	43300	9760	104161	53940	98590	13600	85701	31440	79191	77020	86660	32060	82030	39690	92911	28470	47370	59590	43470	112420	71620	18890	101230	27140	131201	58470	35770	83511	10700	50550	87630	42530	43310	29580	35510	88670	114150	40760	114030	31541	11330	93350	130270	111680	105681	114760	30580	82460	70280	110220	86970	57150	42810	37240	58010	76130	95931	41580	57250	76991	20660	82021	12250	101871	97700	137531	36640	63960	83870	14500	62650	15400	95560	86680	22430	138371	39460	27410	128040	
56780	63560	19440	0	123420	85121	47130	113090	109100	58690	120190	125811	118570	107800	69410	43460	41090	81650	65870	124520	90470	37420	58270	22590	117921	61970	114220	16970	99461	44120	92951	92660	100420	15260	95790	54660	106671	42520	65450	72970	52990	128050	72740	26390	121580	12240	144961	59590	39540	100901	21910	48100	103270	54970	26510	35110	36910	107080	132610	55730	133150	49951	25870	111810	145900	130800	119441	128520	32530	92420	84040	128680	96930	56800	40360	54050	76420	85260	109691	35390	54800	90751	39070	95781	13080	115631	116160	151291	19840	78930	97250	19530	73290	33230	111190	102320	31960	152131	55350	40090	141800	
73010	60900	107150	123240	0	59720	91210	11590	28600	79840	9280	63770	17650	22070	111661	84970	86130	61480	89610	21060	34710	90320	66620	105630	49330	103730	18410	109510	46320	91800	53300	31260	69640	132640	65110	69080	49220	109250	64560	81700	107210	14500	151660	107150	67840	125710	70050	138510	135590	86520	104600	151191	23290	114870	147190	108230	118060	46730	38230	69040	60010	82390	102140	29960	22750	44180	35570	75020	114490	87940	65200	30960	94160	155540	143451	99710	77410	101070	59360	129100	157891	52710	93210	50460	118290	36770	24120	76330	140520	53280	79930	109530	96571	93140	18210	21210	99430	47550	107080	92430	89410	
31740	38480	71141	84931	59250	0	42100	47970	58810	29690	50910	41420	60080	37650	53921	53630	51670	4770	83700	69500	26780	49341	35340	64831	33830	46580	44290	68711	16120	46901	9070	33200	16700	91811	11740	40030	22800	85570	49290	24360	56700	54990	94790	64360	105860	84881	60570	82010	104391	108980	63801	119171	38730	97530	108161	62410	71000	82340	84620	36050	102570	59230	61341	67530	80670	90350	36100	44470	67910	31810	6040	78100	38910	125771	111431	86060	81130	42570	25300	83370	125871	7410	68340	12440	81401	32290	65120	66900	101491	15420	24470	68731	39231	59040	41720	40350	56310	67660	92880	49151	57750	
18350	33120	36540	47000	91460	42070	0	81130	81580	13140	86720	82180	87150	73460	33600	26420	22240	37580	62380	96570	56610	12320	26730	28730	74930	19570	80100	31520	56550	10200	50040	61180	54930	53620	50420	26090	63760	58360	40640	27420	15750	92720	60510	23920	108610	46950	101920	47360	70140	97310	27700	84920	71290	70320	70230	21370	29960	85370	105760	23990	114020	35040	25610	86320	114140	108380	76530	83150	26870	48090	38670	101830	52600	91520	77180	60511	67670	41760	66400	42330	91620	47840	41130	52870	46770	72720	90670	108250	63560	39380	51700	28680	28280	28930	77530	70360	15870	109220	65670	9610	96430	
63460	51200	97450	113540	11280	48120	81660	0	23680	70290	9190	60540	14990	10470	100061	75270	76430	49880	82510	24610	25160	80620	56920	95930	45450	92720	9460	99810	34720	82100	41700	21560	58040	122940	53510	59380	37860	101860	57460	70500	96970	17610	141960	97450	67290	116010	71580	128810	126731	84070	94900	141491	11690	106220	137490	98530	108360	44280	41560	59340	62960	75290	92440	28560	33760	47510	31690	71790	104790	76340	53600	34520	82560	148111	133751	92610	70310	89470	51070	119400	148191	41110	86110	38860	108590	30470	22720	77860	130820	43730	68330	99830	85371	83440	6960	11740	89730	50660	99980	82730	86180	
63730	50070	90410	109110	29010	58860	81670	23540	0	72610	31070	80630	12540	30470	108771	67570	72120	59400	63340	18580	32220	79230	55530	94360	64670	96310	31760	98340	49980	80710	56960	26300	73300	121550	68770	57990	54500	87770	44130	79210	96980	39490	140570	96060	47230	114620	91850	127420	114850	63500	93430	134471	25940	89090	130450	97140	106970	23710	29930	57950	43940	61960	89090	8900	40670	32720	51780	91700	103400	90230	63770	24730	97350	132510	124240	76650	51140	100840	67710	118010	141171	54410	72020	54120	101740	50560	10900	98180	126310	49390	82910	98360	94081	77110	28420	21340	88340	71691	83030	81340	106070	
9070	24010	45390	58490	80020	29750	13150	69690	72470	0	74800	69860	77250	61540	38220	29490	27530	25260	64060	86670	45350	23420	17750	39080	62610	24190	68180	42960	44230	19320	37720	49970	42610	65110	38100	19470	51440	61430	33610	15100	28460	80770	70730	35410	104230	58440	89350	57950	78640	96170	38050	93420	59740	73390	81720	33460	42050	78200	98590	15010	106850	36720	35590	79150	102500	101210	64210	70830	38960	44270	26350	94660	50590	100020	85680	63581	66530	40020	54080	54420	100120	35520	44200	40550	55650	60400	82290	95680	75050	27010	39380	40170	26640	34570	65610	58920	27360	96440	68740	20710	84110	
68490	57980	104230	120320	9220	51090	86690	9290	30930	74890	0	58010	21700	13440	103031	82050	83210	52850	89860	28710	31920	87400	63700	102710	43570	95690	9490	106590	37690	87570	44670	28340	61010	129720	56480	66160	40440	109210	64810	73470	102000	8990	145910	104230	73210	122790	64290	133130	133511	90780	101680	148271	17260	113570	144270	105310	115140	50990	45660	66120	66630	82640	99220	35270	30260	51610	29810	69260	111570	79310	56570	38620	85530	154891	140531	99960	77660	92440	53600	126180	154971	44080	93460	41830	115370	29520	29430	70570	137600	48330	71300	106610	88341	90220	10190	19340	96510	42040	107330	89510	83650	
72641	76160	111611	125401	64290	41140	82230	60710	80760	69820	58640	0	75250	53190	78010	94531	92571	45770	123100	84180	55060	89811	74740	105301	18650	79460	53070	109181	34680	87371	34720	59770	32600	132281	32510	79430	27810	126471	86970	61280	90640	53590	124490	104930	127550	125351	23400	113040	144861	139900	104271	159641	55660	138431	148631	102980	106890	104290	101350	75450	122570	98690	101811	88820	81340	107300	29680	11490	108490	46980	44080	94080	47880	166241	151901	125460	118810	61310	16860	115800	166341	38910	109241	33830	121871	31590	82980	27740	141961	53240	40190	109201	66890	99941	53950	60350	96440	52480	132830	89621	26680	
69270	55610	100130	118830	18250	59960	87210	15090	12490	77650	21920	74730	0	24660	110041	77290	80580	60670	75540	11580	33490	84770	61070	102810	59640	101540	24360	106690	47910	86250	54890	28000	71230	129820	66700	63530	52050	98250	53850	80480	102520	29580	148840	104330	53080	122890	85130	135690	124590	69860	101780	144191	24790	101290	140190	105410	115240	30070	27930	63490	48950	71680	96590	14350	32130	33660	45880	85980	111670	89530	65040	21410	95750	143700	133980	87840	63340	101810	65260	126280	150891	53260	82500	52050	111460	44660	8510	91410	136050	51090	81520	106710	95351	86830	21820	20740	93880	60891	95210	86880	100370	
55080	45550	91800	107890	21720	37680	73280	10440	30530	61480	13380	52860	24980	0	89621	69620	70780	39440	86810	34600	18750	74970	51270	90280	37590	82280	6760	94160	24280	74160	31260	15910	47600	117290	43070	53730	27420	102080	56360	60060	88590	21230	132310	91800	77280	110360	64080	119530	121081	90300	89250	135841	4910	109940	131840	92880	102310	54060	51550	53690	72950	70320	86790	38550	43140	57500	24010	64110	99120	65900	43160	44510	72120	142461	128101	96310	75570	79030	40630	113750	142541	30670	82330	28420	102940	22790	32710	70410	125170	34920	57890	94180	74931	77790	4190	10040	84080	50620	103680	76570	78500	
46790	61790	65380	69000	111871	54211	33600	100511	109201	38110	103531	77910	110471	90191	0	58260	53740	51151	94220	120091	77171	43820	55470	57570	77090	14290	96831	56990	68091	42940	60471	83261	49670	69640	50820	56570	70990	90200	71330	31540	22610	107051	46030	47390	140450	64860	97340	38690	99150	129150	55600	112010	90751	102160	90420	37640	36100	115980	135631	52730	144630	66880	56540	116930	135101	138990	85050	69610	37700	31760	48331	129111	30410	120530	104270	92351	99510	19030	66660	42100	118710	60951	72970	64491	71490	83710	115511	100210	83750	62001	39010	54160	16370	60430	94261	90741	43710	117040	97510	41110	76300	
22500	25190	25620	43400	85050	53690	26310	74720	67590	29250	81820	94780	77060	69430	58230	0	7690	50530	40710	83010	52100	15960	22340	28640	86130	44200	75850	33380	66930	21380	61160	54290	70080	56100	65290	16420	74880	36450	24620	43930	37730	89680	77891	31580	89980	49550	113940	64741	55461	76400	28810	70221	64900	48410	66241	33870	43700	69350	89740	19800	98000	12860	23670	70300	107530	92360	83900	98020	40130	71810	53700	85810	76320	76841	62481	38601	46760	65480	78660	54340	76921	58370	18330	63250	36290	80530	74650	120270	60680	43000	68210	33500	52000	11170	72820	63950	25070	117490	43760	18950	111300	
20470	26420	23260	40720	86280	51660	21700	75950	72020	27220	83050	92940	80450	70660	53170	7770	0	48500	47080	87440	53330	9520	21550	23400	84380	40050	77080	27280	65180	15640	59410	55520	68050	50380	63260	17520	73130	39350	29050	41900	31290	90910	71451	25140	96350	43450	112400	58301	54590	82770	22370	69720	66130	51310	64670	27430	37260	73780	94170	19010	102430	19230	18550	74730	108760	96790	83550	95990	33690	68140	51670	90240	72650	75970	61980	41501	53130	61810	76820	47900	76420	56620	22120	61500	33930	79740	79080	118730	58000	42210	66180	27300	48330	7860	74050	65180	18630	116960	46660	12510	109270	
28340	36720	68130	81920	60950	4800	37590	49720	58310	25180	52660	46080	59580	39400	50471	50230	48270	0	81150	69000	26280	46330	32790	61820	37730	43130	46040	65700	19270	43760	12760	32370	21110	88800	16150	37480	26480	82170	47530	20910	52900	58140	91340	59850	105360	81870	65230	78560	101181	107220	60790	115941	39860	94130	105150	57900	66490	81360	84120	33490	102070	55830	58330	67030	82420	89850	39250	48880	63400	31930	5300	77600	39170	122561	108201	82800	79370	42540	29960	78860	122641	10560	64940	15590	78390	35440	64620	71560	98480	13260	24980	64610	35781	55640	43470	39850	51800	71770	89480	45150	62160	
55180	49860	48290	65270	89970	83580	62000	82430	63390	63790	89960	122820	75640	86680	93920	40500	46790	80970	0	77620	76430	55060	49210	54960	113600	79890	90110	59700	93610	59620	89200	73630	100140	77590	95180	45350	102570	32220	38890	78470	76830	98380	116900	64080	58600	74450	142230	103750	59440	39830	55900	79280	82150	28910	77520	72970	80700	53110	78650	49100	73070	28140	52580	64660	101150	76120	108180	127910	75770	107200	84430	79110	112010	70840	68530	17800	15380	101170	106700	86900	85980	86410	28460	91290	54660	105550	69540	148560	73630	71040	102310	59820	87690	45140	86670	77010	64170	131570	22870	58050	141190	
78690	65030	105690	124390	21050	70540	96630	24580	18590	87570	29170	83660	11580	34150	120781	82850	87400	71080	77640	0	43900	94190	70490	109640	69130	111270	33850	113620	58400	95670	65380	38040	81720	137120	77190	72950	61540	102920	59960	90890	111940	34390	156190	111480	49340	130190	89940	143040	130130	69220	108710	149751	34420	103390	145730	112830	122660	29430	19160	72910	40940	77220	104370	14160	25740	25110	55370	94910	119090	100020	75450	10890	106240	147660	139520	90970	65070	112520	74750	133630	156451	64070	87170	62540	117020	54150	8320	96220	141590	61130	92010	113640	105761	92390	31310	31570	103300	66781	97330	96300	109300	
38300	28270	74520	90610	34890	26870	56500	24560	32250	45360	31830	55550	33520	18850	76781	52340	53500	27410	76560	42940	0	57690	33990	73000	39220	69250	25490	76880	21640	57380	27620	6480	42420	100010	37560	36450	28470	84800	39080	47220	71810	38080	115910	74520	79300	93080	70250	103010	103801	88480	71970	118561	14720	93230	114560	75600	85400	55780	58060	36410	76010	53040	69510	40970	57370	63790	32300	65260	81860	58240	31780	51540	65360	125181	110821	79600	67240	68850	41270	96470	125261	22570	65050	25780	85660	29670	38560	76580	107890	18800	50920	76900	62091	60510	22640	13790	66800	64850	86970	59790	79630	
22500	31120	25280	37590	90980	50271	12180	80650	79560	23300	87750	90961	85150	75360	43650	16610	10390	46800	55920	94570	58030	0	25620	17490	83071	30530	81780	21370	64611	6950	58101	60220	65090	44470	60580	22220	71821	48000	36590	37580	21770	95610	62421	17650	104560	37540	110111	49271	58530	91610	16460	73310	70830	60510	60820	18400	28230	81320	101710	23080	109970	28070	14000	82270	113460	104330	84591	93310	24660	59050	48830	97780	63560	79910	65570	50701	61970	52720	74841	39140	80010	55901	31320	60931	35520	80781	86620	116441	54150	45150	61860	21390	39240	17080	78750	69880	9600	117281	55860	2990	106590	
8980	7080	43110	58320	66940	35530	26850	56610	55540	18020	63710	74770	61110	51320	55590	22280	21310	32920	49360	70530	33990	25090	0	40400	66120	41560	57740	44280	46920	25850	41150	36180	52090	67380	47130	6740	54870	55210	17860	31320	42160	71570	86300	41920	87300	60450	93790	73150	74221	81190	39370	88981	46790	65650	82270	43000	52830	61270	81660	3090	89920	25250	36910	62220	89420	84280	64330	79860	49260	59320	36380	77730	66560	95601	81241	52020	51780	58040	58650	63740	95681	38360	37260	43240	53370	60520	66050	100120	75600	22990	54430	44300	44660	28680	54710	45840	34200	97510	59390	27200	93140	
37130	46010	9880	22220	105870	64821	28650	95540	93040	38410	102640	105511	102390	90250	57560	27780	23770	61350	54410	108460	72920	17120	40510	0	97621	46150	96670	6930	79161	23820	72651	75120	80120	30350	75490	37110	86371	36350	49770	53050	35680	110500	63560	10210	106940	23420	124661	50410	43650	89482	2020	58430	85720	50410	45450	20900	26830	94310	116550	37970	119740	34770	7980	95750	128350	117390	99141	108220	21900	74670	63740	112620	79180	65030	50690	44081	63720	68340	89391	34450	65130	70451	26370	75481	20110	95331	100100	130991	38780	59780	77330	7370	54860	17550	93640	84770	14640	131831	47340	19790	121500	
64080	65200	104021	117811	49890	33770	74890	45430	64470	62480	43910	18380	59970	37520	78020	85970	84010	37670	113490	69590	38770	82221	65910	97711	0	76260	37790	101591	21890	79781	25280	43480	29540	124691	27830	70600	12280	117910	76010	54040	86380	39190	125700	97560	111520	117761	31740	112390	137271	123610	96681	152051	39370	129870	141041	95610	104230	88000	86540	66620	107940	89860	94221	73190	66940	92490	14400	29630	101140	48500	36730	79500	52300	158651	144311	116530	105950	64580	13090	115150	158751	28270	100680	23190	114281	16310	67700	38070	134371	44220	41080	101611	65980	91380	38670	44060	89100	41320	123900	82031	44020	
32850	47850	54200	61700	103960	46590	19660	92890	96310	24170	95830	79220	101190	82570	14400	44320	40670	43530	80280	110610	69290	30750	41530	46390	76370	0	89210	48900	60470	29000	52850	73910	50140	62750	51290	42630	66580	76260	57390	23840	12410	99340	49410	40090	126510	57560	102510	36630	87970	115210	45360	102750	83130	88220	83530	30340	28800	102040	122430	38790	130690	52940	44040	102990	126850	125050	80450	76740	30400	32570	40710	118500	37080	109350	95010	78411	85570	25480	67130	38610	109450	53330	59030	56870	64190	76640	106230	106850	76860	50950	39480	46060	12950	47360	86640	82860	33250	111400	83570	28040	83430	
61870	52010	98260	114350	17990	44470	80070	9330	31620	68270	9270	53250	24320	6820	96411	76080	77240	46230	90100	33940	25540	81430	57730	96740	38160	89070	0	100620	31070	80950	38050	22370	54350	123750	49820	60190	32440	107860	62820	66850	95380	16720	139290	98260	76620	116820	63460	126510	127541	91990	95710	142301	11020	113480	138300	99340	109100	53610	50890	60150	72290	76780	93250	37890	39030	56840	24400	64500	105600	72650	49950	43850	78870	148921	134561	99850	77900	85820	45650	120210	149001	37460	88790	35210	109400	23180	32050	69740	131630	41710	64680	100640	81721	84250	3950	14350	90540	46110	107220	83360	78890	
41200	50080	13700	16740	109940	68891	31420	99610	98340	42480	106710	109581	106460	94320	57090	33080	27840	65420	59710	113760	76990	21190	44580	6920	101691	48870	100740	0	83231	27890	76721	79180	84190	24600	79560	41180	90441	40170	55070	57120	38050	114570	61470	10680	112240	17670	128731	48320	46900	94782	5680	61230	89790	54230	39970	20860	25640	99610	121850	42040	125750	40070	12350	101050	132420	123110	103211	112290	21340	77390	67810	117920	81900	68280	53490	48940	69020	71060	93461	29540	67930	74521	31670	79551	17030	99401	105400	135061	33300	63850	81400	4620	57580	22850	97710	88840	16250	135901	51160	23860	125570	
44820	45420	85571	99361	45810	16100	56570	34530	50440	44160	37470	35040	48200	24210	67781	66710	64750	19210	93710	58690	21630	63771	46650	79261	21900	60440	30850	83141	0	61331	7940	28050	23440	106241	18910	51340	9590	98650	56230	38220	70560	39220	110230	78830	97490	99311	52930	97450	117971	109580	78231	132731	26060	110380	122591	76880	85470	73970	74450	47360	94200	70190	75771	59160	67230	80180	20330	43940	82380	41740	20910	67930	47960	139351	124991	96750	88070	55530	19950	97850	139431	9010	81420	4320	95831	16520	54950	59260	115921	24730	34320	83161	53091	72120	28280	30330	70780	52880	104120	63581	58310	
19360	32150	31600	43910	92010	47071	10200	81680	80610	19280	87730	87761	86180	74470	42940	21530	15660	43600	59680	95600	57620	6960	25750	23810	79871	28910	81110	27690	61411	0	54901	61250	61070	50790	56560	23740	68621	53470	38200	33560	23630	93730	64360	21730	106170	43860	106911	51210	64850	94870	22780	79630	71860	65430	67140	22480	31260	82930	103320	23210	111580	31830	20320	83880	114490	105940	81391	89290	28170	57020	44810	99390	61530	86230	71890	55621	65230	50690	71641	43220	86330	52701	36240	57731	41840	77581	88230	113241	60470	42010	57840	26490	37210	22350	78540	70910	13680	114081	60780	5260	102570	
39110	42360	78831	92621	53240	8840	49830	41960	57870	37420	44900	34750	55630	31640	60081	61000	59040	12470	89300	66120	27380	57031	40940	72521	25420	52740	38280	76401	8060	54591	0	33800	16750	99501	12220	45630	14170	92940	53170	30520	62860	46930	100950	72090	104920	92571	53770	88170	112081	112860	71491	126861	33490	104900	115851	70140	78730	81400	81880	41650	101630	64890	69031	66590	74660	87610	28040	42490	75640	34930	13210	75360	41170	133461	119121	91660	85010	48010	18630	90420	133561	5500	75710	4460	89091	24230	62380	60100	109181	19440	26870	76421	45391	66410	35710	37760	64040	59460	99030	56841	56590	
42870	30380	76630	92720	31580	33290	61070	21250	26340	49950	28350	60250	27610	15960	82871	54450	55610	33500	73670	37030	6480	59800	36100	75110	43920	73840	22380	78990	27740	61280	34040	0	48840	102120	43980	38560	33170	86910	41190	53310	76380	36720	120530	76630	73390	95190	74950	107630	105911	85000	74080	120671	11430	95340	116670	77710	87540	49870	52150	38520	70100	55150	71620	35060	54060	57880	36620	69960	83970	64330	37870	45630	71570	127291	112931	81710	63810	74940	45970	98580	127371	28990	67160	31880	87770	33990	32650	81280	110000	23390	57340	79010	68181	62620	19350	10480	68910	66580	89080	61910	84330	
47740	54660	86740	100250	68970	16780	54910	57690	73600	42500	60630	32640	71360	47370	49680	69630	67670	21190	100340	81850	42370	64940	51980	80430	29500	50210	53860	84310	23280	61080	16670	48790	0	106870	5770	56670	25350	101570	65470	31820	61390	60770	94930	77170	120650	100200	54900	83120	119990	125160	79400	134770	49220	113530	123760	75220	77070	97130	97610	52690	117360	75230	76940	82320	89330	103340	38990	31490	78670	19260	17790	91090	25480	141370	127030	102200	97310	35400	18280	85880	141470	21270	84340	19960	97000	38070	78110	59830	116810	31600	11840	81930	37640	75040	51440	53490	69120	69310	108880	62470	43030	
64060	72940	31810	14630	132800	91751	53760	122470	121400	65320	129570	132441	129320	117180	70260	55830	50700	88280	78060	137100	99850	44050	67440	30560	124551	62860	123600	24640	106091	50750	99581	102040	107050	0	102420	64040	113301	54710	77820	79600	55640	137430	65700	31440	133950	9300	151591	52550	35360	113091	28540	43920	112650	65380	22330	39440	36040	119450	145190	64900	145520	62321	35210	124390	155280	143170	126071	135150	34930	93310	90670	141260	97820	52620	36180	66240	88790	86150	116321	28190	50620	97381	51440	102411	25270	122261	128740	157921	15660	86710	100220	26160	75130	45600	120570	111700	38590	159751	67540	46720	145220	
43090	49620	82090	95600	64460	11740	50260	53180	69090	37850	56120	32600	66850	42860	50420	64980	63020	16150	95300	77340	37330	60290	46940	75780	27490	50950	49350	79660	18770	56430	12160	43750	5550	102220	0	51630	20840	96920	60430	29110	61450	56260	97220	72520	116140	95550	54230	83860	115340	120120	74750	130120	44710	108880	119110	70570	77810	92620	93100	47650	112850	70580	72290	77810	84820	98830	34900	33400	76070	23100	13140	86580	29320	136720	122380	97550	92270	36980	17060	86620	136820	16760	79690	15450	92350	33560	73600	59790	112160	26560	15680	77280	38380	70390	46930	48980	64470	65600	104230	57820	46680	
12360	12150	38960	54170	72010	42300	25280	61680	60610	21390	68780	81540	66180	56390	56880	16390	17060	39690	45860	75600	39060	21250	9100	36560	72890	42850	62810	40440	53690	22900	47920	41250	58860	63540	53900	0	61640	50080	18460	36090	40590	76640	82460	38080	88330	56610	100560	69310	69091	77920	35530	83851	51860	60430	78120	39160	48990	64280	84670	6560	92930	19980	33070	65230	94490	87290	70860	86630	45420	64790	43120	80740	71980	90471	76111	46800	48280	61410	65420	59900	90551	45130	31690	50010	49220	67290	69580	106890	71450	29760	59900	40460	48030	24070	59780	50910	30360	103410	54170	23360	99910	
52850	54410	92791	106581	49100	22800	63790	37980	54610	51380	40380	28300	52520	27660	71020	74740	72780	26430	102700	62140	28120	70991	54680	86481	12310	66540	32080	90361	9600	68551	14050	32830	25490	113461	20960	59370	0	106680	65220	44320	76660	38990	116330	86050	101660	106531	43340	103550	126041	113750	85451	140801	29510	118640	129811	84100	92690	78140	78830	55390	98370	78630	82991	63330	67550	84560	15650	37200	89600	43790	27010	72050	49560	147421	133061	105400	95300	57580	13210	105070	147501	17040	89450	11960	103051	14730	59330	49670	123141	32990	36370	90381	58980	80150	31730	34200	78000	46350	112770	70801	51570	
55350	58310	28250	41930	109940	86540	59070	101950	87840	62100	109480	127820	98160	102550	90540	37340	40210	83380	32220	103040	85220	46890	56430	36240	119260	77050	107830	40080	100060	53710	94290	87410	102930	54250	98140	50980	108010	0	52080	76780	68660	118190	98100	45370	86600	51400	147280	84950	30460	64621	37180	50300	98020	16250	48540	56060	61990	79780	107590	53890	101070	33080	37430	90330	127290	102790	117020	130870	57060	104660	86550	105900	109170	48610	39550	17870	43380	98330	111700	68060	57000	91500	23170	96380	31320	114390	94680	153610	45190	77090	101060	40980	84850	32350	104760	94730	48910	150610	15020	49880	144150	
24920	13620	47050	65430	65070	49160	40550	57370	44110	33960	64900	87220	53580	56390	71530	24510	29060	48430	39000	60010	39060	36280	17860	51000	76230	57500	62810	54980	56240	38170	53600	41250	65260	78080	60300	16540	65200	52020	0	48200	55860	73320	97490	52840	71210	71150	106240	84340	74210	64040	50070	90021	51860	58350	86041	54190	64020	46350	66740	18710	75000	20880	46030	47300	83040	69360	70860	93030	60450	75800	51890	62810	83040	93860	82281	44720	36100	73980	71100	74930	96721	49710	31800	54590	58320	68230	51650	112570	81911	35190	70910	55000	60600	34050	59780	50150	45390	103410	52090	38390	106310	
23850	37370	59980	72780	81910	24330	27440	70630	79320	15030	73570	61110	80590	60310	31210	44130	42170	21270	78760	90010	47290	37710	31270	53670	54110	23800	66950	57300	38210	33610	30590	53380	31820	79400	29350	34250	44320	76070	48150	0	32340	77080	72010	49700	117590	72730	80850	59230	93230	110950	52640	108010	60870	88030	96010	47750	50560	91560	105130	29790	120210	51420	50180	88040	104310	110860	58190	60730	52160	29170	18450	98610	36410	114610	100270	78221	81310	31510	45570	61030	114710	31070	58840	34610	70240	54380	85630	87180	89340	32120	24280	54460	18130	49160	64380	60860	41650	89120	83380	35000	72390	
33650	48420	43510	53120	107470	56250	15750	96430	96880	28440	102020	90170	102450	88760	22600	38090	31870	52880	77400	111870	71910	21950	42030	35700	86030	12410	95400	37970	70130	23670	62510	76480	61090	55030	61270	41390	76240	69480	55940	31920	0	108250	45250	28950	123910	49840	113010	32100	77280	112610	34670	92060	86590	81990	75810	19810	21080	100670	122420	39290	129320	49550	34670	101620	130050	123680	90350	87690	22680	43520	50370	118490	48030	98660	84320	72181	82970	36360	77490	31550	98760	62990	52800	66530	53410	86300	105970	118290	69140	54680	50430	35130	24680	38560	92830	85660	21840	121300	77340	19240	94380	
73940	65380	111630	127720	15690	54470	92170	18960	40330	80340	10340	53660	30240	20760	106151	89450	90610	57580	99530	35580	37610	94800	71100	110110	39220	98810	16280	113990	38860	93050	46310	36650	60510	137120	55980	73560	38600	119170	74480	76590	107740	0	149700	111630	80550	130190	56620	136920	140911	99320	109080	155671	25610	124790	151670	112470	121460	59530	51010	73520	73970	90150	106620	43490	29900	58700	25460	64910	118270	78810	59280	43770	85030	162291	147931	109630	87330	92600	49250	133580	165361	47380	102160	42690	122770	26150	37650	62900	145000	53780	71390	114010	91461	97620	18560	28700	103780	33380	117000	95460	79300	
78280	91920	72190	72600	152621	94481	60380	141581	141310	70361	145811	124490	148911	132281	46030	78541	72321	91421	116830	157680	115761	62401	86340	63830	125410	48921	139111	61960	109941	64490	100741	120461	94910	65910	97490	83020	116051	98660	97390	71731	45340	150001	0	53600	168240	61820	143920	17250	99720	151902	61810	108280	130851	112720	86690	45330	38790	143720	165770	83800	172670	90001	67250	144970	175190	167030	131111	116190	43830	77040	88601	161840	75560	116980	100540	106501	123901	64310	114170	38370	114980	101221	88790	105491	75720	127061	149320	146790	80020	97141	84250	59000	60830	79011	136541	130031	54820	169941	109650	60060	122880	
38320	47590	19030	26160	107450	64490	24000	97120	96050	35560	104220	105300	103970	91830	47440	31800	25580	60000	63540	111610	74500	17610	42090	10220	97760	40000	98250	10680	78970	22140	72460	76690	77350	31140	72840	38690	86180	45500	52920	49840	28920	112080	53350	0	116070	26110	125040	40200	52800	98612	8200	67580	87300	59560	49390	11040	16620	97650	119700	39550	126600	43260	13640	98900	129930	120960	99490	105570	11690	69970	61090	115770	74480	74180	59840	53211	72850	63290	88820	24630	74280	70260	35500	75290	26450	95550	103250	131370	42720	60970	74120	7840	50160	26440	95220	86350	8830	132360	56490	17140	118850	
95040	81450	100390	120670	67630	105990	108010	67600	47440	103920	73190	127240	53340	77170	139930	89330	95560	106530	58090	49220	79350	103740	86840	106920	111800	125900	76870	111660	97110	105630	104090	73430	120430	133410	115900	86730	101630	86140	70650	117180	123320	79250	166240	116040	0	128490	134800	153090	113610	29780	107860	134670	73070	77830	132910	121740	131570	29160	36350	88900	16320	78440	104350	41020	68290	29050	98390	138490	127730	137360	110900	41400	144480	121290	123920	73130	43830	143940	114840	140760	141370	101540	80220	101250	111990	97170	44910	141080	131110	96520	130040	111780	130560	96140	74330	68470	112850	110561	75350	105850	153500	
57150	66030	26630	12020	125890	84841	46850	115560	114490	58410	122660	125531	122410	110270	64900	49020	43790	81370	74020	130190	92940	37140	60530	23650	117641	57460	116690	17730	99181	43840	92671	95130	100140	9300	95510	57130	106391	51410	71010	72690	50240	130520	61400	25930	128770	0	144681	48250	40960	109111	21630	49520	105740	63860	27930	33930	30640	114270	138280	57990	140340	56010	28300	117480	148370	137990	119161	128240	29050	87910	83760	134350	92420	58220	41780	62840	83610	80750	109411	23890	56220	90471	46260	95501	21970	115351	121830	151011	21260	79800	94820	19250	69730	38790	113660	104790	31680	151851	64240	39810	139740	
92220	95470	132191	145981	70560	60840	103020	71860	92240	89550	64910	23360	85110	64380	97480	114270	112370	65470	142630	90450	69750	110391	94050	125881	31650	102770	63890	129761	52870	107861	54030	74460	55280	152861	54880	98740	43260	146630	106280	81090	114560	57230	143960	125980	135420	145931	0	135230	165441	152150	124851	182501	68340	158590	169251	124030	131500	114400	106140	94760	128840	118030	122391	98360	85590	113570	41300	28520	129560	70140	63780	98900	67350	189711	172481	144990	136930	80780	38680	138590	189201	58220	129040	53140	142451	44590	92520	6490	162541	72550	63350	129781	90050	119740	65140	73460	117230	38940	152360	110201	39580	
65120	78760	59030	59440	139540	82110	47220	128930	128140	57990	133440	113560	136060	119910	38690	65381	59161	79050	103670	144451	103110	49241	73180	50670	112090	36550	126740	48800	97570	51330	88370	107810	82970	52750	84120	69860	103680	85500	84230	59360	32180	137630	17120	40440	155011	48660	135150	0	86560	138742	48650	95120	118200	99560	73530	32170	25630	130491	152541	70640	159441	76841	54090	131741	162020	153801	118740	107420	30670	65400	76230	148611	68220	103820	87380	93341	110741	56970	100850	25210	101820	88850	75630	93120	62560	114690	136091	138020	66860	84770	72310	45840	48460	65851	124170	117380	41660	149690	96490	46900	114110	
74621	77421	35750	39330	136030	104961	70200	126961	114780	78550	134061	145651	124250	121671	99330	56611	54900	101490	59070	130110	104331	58340	75701	43740	137761	87920	128091	46450	119301	65040	112791	106521	120260	35200	115630	70131	126511	30070	74120	93190	77450	141921	99210	52870	113860	40820	164801	86060	0	88101	44680	20980	117131	35500	20900	63560	69110	109690	136360	73161	130280	55120	44930	116860	155170	133800	136141	148360	64560	116440	103880	134040	120950	25090	12090	44720	70230	110110	129531	61700	27680	110591	43150	115621	31400	133511	121750	171131	21980	96361	117470	48480	96630	47040	125061	116181	56410	169731	41400	61010	161640	
87390	75880	83792	100341	86730	108950	97140	84140	63370	96430	90970	140180	69880	90410	129060	76290	82520	108600	39850	69100	88640	90790	81270	90152	123850	115030	92470	94892	109160	94760	113390	84890	125050	112661	120090	77430	113680	64871	64100	111120	112450	98470	152092	99272	30000	109811	151970	138942	88391	0	91092	108231	85880	53081	106471	108700	115892	40760	63590	81180	45420	65400	88672	57610	92460	57200	111900	150880	110962	139210	112750	66820	146450	94851	97481	48541	30790	136310	126890	122092	114931	109500	66441	113300	89731	110680	62590	158300	104671	94980	132260	95012	122830	82132	88870	81280	99900	129781	50601	93780	165650	
36150	45030	10820	21610	104890	63841	27660	94560	93400	37430	101660	104531	101410	89270	55630	28720	22790	60370	55350	108820	71940	16140	39530	2010	96641	45160	95690	5390	78181	22840	71671	74130	79140	28490	74510	36130	85391	37290	50130	52070	34690	109520	61540	8190	107880	21560	123681	48390	44590	90422	0	59370	84740	51350	44840	18880	24810	94860	116910	36990	120680	35710	7300	96110	127370	118170	98161	107240	19880	73680	62760	112980	78190	65970	51630	45021	64660	67350	88411	32580	66070	69471	27310	74501	20250	94351	100460	130011	38170	58800	76350	5500	53870	18490	92660	83790	13650	130851	48280	18810	120520	
89451	92251	50630	48290	152121	120871	85080	141791	135351	93430	148891	162161	144821	136501	112730	71441	70020	117481	79710	150771	119161	73220	90531	58620	154271	102800	142921	61060	134431	79920	128661	121351	136770	44160	132140	84961	143021	50710	90831	108070	92330	156751	108170	67750	134870	49780	182321	95020	21780	108761	59560	0	131961	56140	29450	78440	78510	131580	157860	87991	151290	74441	59810	138061	176671	155300	150971	164870	76560	131320	120390	154931	135830	30900	15540	65360	90870	124990	146041	70660	7130	125831	63480	130751	46010	148341	142411	188651	30660	111191	133980	63360	111510	62160	139891	131011	71290	189921	62040	75890	178150	
53010	41040	87290	103380	23170	38840	71210	11890	26020	59730	17170	56060	24990	4940	90641	65110	66270	40590	82300	34820	14710	70460	46760	85770	39730	83300	11010	89650	26150	71940	33130	11400	49470	112780	44940	49220	29560	97570	51850	61080	86520	25350	131060	87290	73070	105850	67960	118160	116571	85790	84740	131331	0	105430	127330	88370	98200	49550	51170	49180	69780	65810	82280	34740	45650	56900	27890	66760	94630	67770	44320	44650	73990	137951	123591	91800	71060	80690	42770	109240	138031	32140	77820	30290	98430	26000	31670	74290	120660	33170	59760	89670	75951	73280	7980	5530	79570	55440	99170	72570	81130	
66480	66580	42180	54740	115510	97670	70290	106110	89170	73230	113640	138950	101420	109970	102210	48470	51360	94510	28880	103400	93190	59660	65630	50170	130360	88180	113400	54010	110370	65360	105420	95380	114060	65170	109270	60250	119140	16290	58500	87910	81430	123760	112030	59300	78040	64210	158410	98880	35670	53021	51110	55510	105440	0	53750	69990	75920	78050	105950	64370	92870	41440	51360	90440	126930	99500	124990	142000	70990	115790	97680	105540	120300	42350	44760	13510	40000	109460	122830	81990	62210	102630	32110	107510	44130	122360	95320	164740	51950	87370	112190	54910	95980	45500	110330	100300	62840	157460	7960	62650	155280	
80400	87530	43410	26320	147390	108091	70100	137060	130981	81660	144160	148781	140451	131770	90760	67071	65060	104620	77300	146401	114440	60390	82240	45750	140891	83360	138190	40130	122431	67090	115921	116630	123390	22190	118760	78630	129641	48300	86461	95940	75060	152020	86200	49180	132460	27810	168491	73050	21060	106331	44880	29130	127240	53730	0	57180	56540	127820	154100	79700	148880	70071	49840	133691	172301	151540	142411	151490	54590	113810	107010	150561	118320	37830	21390	62950	88460	106650	132661	48690	35830	113721	59030	118751	36270	138601	138041	174821	8370	102900	120220	42500	95630	57200	135160	126290	54930	176091	59630	63060	164770	
38580	48750	29670	35240	108610	62340	21370	98280	97210	33410	105380	103150	105130	92990	37710	34240	28020	57850	73550	112910	75660	18100	43250	20860	95610	30270	99410	21030	76820	22620	70310	77860	75200	39620	70690	39850	84030	56140	54220	47690	19810	113200	45100	11070	122820	34590	122890	31950	63440	109240	18840	78220	88460	70200	58080	0	10350	98950	121000	40710	127900	45700	23940	100200	131090	122260	97340	103420	6900	60720	58940	117070	65230	84820	70480	63851	79600	53560	86670	22720	84920	68110	45880	73140	35530	93400	104550	129220	51410	59650	67630	18200	42540	34710	96380	87510	10010	130210	67130	17630	111580	
47190	58570	35700	36360	118430	70910	29940	108100	107030	41980	115200	106390	114950	102710	36110	44060	37840	66420	80210	122730	85450	27920	53070	26890	104210	28670	109230	25720	85390	31260	78880	87670	76690	35800	77840	49670	92600	62170	64040	50450	21450	122200	38580	16660	132640	30610	130170	25430	69470	115282	24870	78170	98280	76230	56580	10340	0	108770	130820	50530	137720	55520	30310	110020	140910	132080	105940	103340	7850	59120	67510	126890	63630	86870	70430	69881	89420	51960	93680	15400	84870	76680	52170	81710	39480	102000	114370	133940	49910	68220	66030	22760	40940	43110	106200	97330	19830	138810	73160	26830	109980	
69450	55860	87430	105810	47090	82170	85270	44500	23730	78330	51330	103940	30240	53780	116060	69230	73780	82520	52100	29460	55530	81000	61250	93960	87980	102030	53770	98700	73290	82890	80270	49610	96610	118550	92080	62220	77810	78820	46340	91590	100580	58830	142270	97560	29400	113630	114380	129120	109340	40910	94790	129490	49250	77760	124950	98910	108740	0	25790	63670	28900	61430	90440	17970	52550	23260	75090	115010	105170	113350	86890	26910	120590	121070	118740	65960	38700	118350	91020	119710	136190	77720	67260	77430	98700	73870	22950	120660	120810	72410	106220	98820	104970	78770	51230	44650	90110	90141	72320	83110	129380	
89800	76210	113700	132510	38280	85690	105620	41580	30120	98680	46260	100890	27970	51150	136231	89580	94130	86230	77580	19200	59050	101350	81600	117760	86130	122380	50850	121740	74240	103240	81220	53190	97560	145240	93030	82570	78540	107610	66690	106040	122320	49920	164310	119600	36260	138310	105900	151160	136330	63290	116830	156470	51120	105700	151930	120950	130780	25740	0	84020	24930	83950	112490	23580	33340	8990	72370	112140	127210	115860	90600	11220	122080	149260	145720	91440	64170	127670	91750	141750	163170	79590	92170	78380	125140	71150	21640	112180	147790	76280	107850	121760	120911	99120	48310	46940	111850	79860	97800	103460	126530	
6430	9600	40700	55910	69460	36370	24300	59130	58060	15470	66230	75610	63630	53840	53040	19870	18900	33760	49100	73050	36510	22680	3200	37990	66960	39010	60260	41870	47760	23440	41990	38700	52930	64970	47970	4460	55710	52800	18600	30160	39610	74090	83890	39510	89360	58040	94630	70740	71811	81160	36960	86571	49310	64120	79860	40590	50420	63790	84180	0	92440	23720	34500	64740	91940	86800	65170	80700	46850	58860	37190	80250	66060	93191	78831	50490	51520	55490	59490	61330	93271	39200	35170	44080	50960	61360	68570	100960	73190	23830	53970	41890	42110	26270	57230	48360	31790	98350	57860	24790	93980	
98210	84620	113510	132600	60000	102710	114030	62360	44160	107090	66630	121960	48400	71930	144820	97990	102540	103250	72970	40920	76070	109760	90010	120040	106910	130790	71630	125490	93830	111650	100810	70150	117150	145340	112620	90980	98350	101020	75100	120350	129340	72690	171330	126620	16490	140420	128240	158180	130860	45600	120980	151920	69790	93490	150160	127970	137800	29020	24920	92430	0	87800	116810	37740	56960	17940	93150	133210	134230	134080	107620	33100	141200	138540	141170	88160	58710	144690	111560	148770	158620	98260	93340	97970	125490	91930	39840	134520	146520	93240	126760	125610	133730	106140	69090	65190	118870	104001	91010	111870	147600	
27920	26110	31010	49390	82890	59110	34740	75190	61930	36530	82720	98680	71400	70350	66660	12740	19030	55950	28220	77260	53020	27300	25160	35890	90030	52630	76770	40630	70200	31960	65060	55210	75500	62090	70710	19780	78780	33110	20880	51210	49070	90600	89231	42920	78940	56800	117700	76081	55300	65360	36830	73661	65820	41480	69681	45210	55040	61400	83990	23890	87900	0	30920	64550	101790	84410	84820	103440	51470	80240	59120	80060	84750	74950	64390	27850	35720	73910	82560	65680	80361	62270	12890	67150	42280	82190	68900	124030	65551	46900	75490	40750	60430	20540	73740	64870	36410	118410	35220	30290	116720	
33710	42590	11560	26360	102450	61401	25560	92120	88660	34990	99220	102091	96620	86830	56540	23700	18850	57930	52560	104080	69500	13700	37090	7990	94201	43910	93250	12140	75741	20400	69231	71690	76700	35240	72070	33690	82951	37510	45690	49630	34660	107080	66990	13640	105090	28310	121241	53840	44810	88942	7230	59590	82300	51570	50310	23910	30260	90230	112170	34550	116730	30690	0	91370	124930	113240	95721	104800	25330	72430	60320	108240	76940	66190	51850	43541	61870	66100	85971	38270	66290	67031	24520	72061	21800	91911	95720	127571	43640	56360	73910	12160	52620	13470	90220	81350	14260	128411	48470	16370	118080	
70470	56850	93090	111790	29940	67580	86290	28620	9030	79350	35450	88260	14360	38190	117080	70250	74800	68120	64550	14160	40940	82020	62270	97040	73170	103050	37890	101020	58700	83910	65680	35020	82020	124520	77490	63240	63220	90320	47360	87930	101600	42590	143590	98880	40320	117590	98140	130440	116820	57380	96110	136960	34660	90300	132420	100230	110060	17590	23020	64690	37030	64620	91770	0	37190	25810	59410	99510	106490	98950	72490	17600	106070	134220	126210	77880	52350	109560	76430	121030	143660	63130	74570	62840	104420	58190	5800	104420	128280	58110	91630	101040	102801	79790	35350	30060	91130	73901	84240	84130	113900	
95600	83490	129740	145830	22850	81140	114000	34180	40780	102430	30410	80990	32150	43490	134151	107560	108720	82900	100970	25800	57300	112910	89210	128220	66550	126730	39540	132100	66700	114390	74150	53850	88350	155230	83820	91670	66440	127160	83060	104290	129950	30780	174250	129740	68210	148300	85400	161100	155080	92440	127190	176381	45880	126720	170450	130820	140650	52400	33170	91630	57030	101730	124730	37260	0	41810	52790	92240	137080	106650	86620	28410	112870	172650	164470	114300	88660	120810	76580	151690	183081	74130	111930	70530	140880	53990	31420	91680	163110	75870	99230	132120	119161	115730	40240	43800	122020	55930	120660	115020	106630	
92420	78830	110400	129490	44180	91370	108240	47480	32820	101300	52160	106790	33650	57050	139030	92200	96750	91910	75070	25100	64730	103970	84220	116930	92030	125000	56750	122380	79920	105860	86900	58810	103240	142230	98710	85190	84440	101790	69310	111720	123550	57520	165540	120830	29030	137310	113070	152390	133030	57470	117870	153170	56800	99790	148630	122180	132010	23230	9000	86640	17950	84400	113410	26190	41990	0	78270	118040	128440	121540	96280	17280	127760	143550	142420	88930	61660	133350	97650	142980	159870	85270	90230	84060	122380	77050	25880	119350	144490	81900	113530	122500	126591	101740	54210	52620	113080	88450	95290	106080	132430	
63220	59750	105111	118901	35710	35700	76170	31250	51590	63760	29730	29400	45790	23730	84660	83820	83150	38810	108020	55410	31980	83311	63940	98801	14310	80040	23610	102681	20090	80871	27540	36370	38850	125781	34600	67930	15140	116280	70560	57820	90310	25010	130930	98970	98090	118851	40960	118150	135281	111500	97771	150041	27690	124710	142131	97020	105640	75080	72360	64650	93760	84520	95311	59360	52760	78310	0	40650	102550	57430	40510	65320	61790	156661	142301	111080	96770	71220	24340	118020	156741	28610	96530	23920	115371	4270	53520	47290	135461	42010	50010	102701	72620	90520	24490	32810	90510	33400	118450	83121	55040	
76030	82450	115030	128580	75450	44570	83200	71870	91300	70790	69800	11420	86410	64350	69700	97920	95960	48980	128130	95340	64810	93230	79770	108720	29810	76810	64230	112600	43350	89370	42340	69520	31500	135200	33360	84460	36680	129860	93260	60740	87990	64750	116180	105460	138350	128530	28530	107450	148280	150440	107690	163060	66200	141820	152050	103510	103720	114830	112510	80480	133730	103520	105230	99980	92500	118460	40840	0	105320	44930	46080	105240	39570	169660	155320	130490	125100	53000	23990	110810	169760	47030	112630	42500	125290	42750	94140	31400	145140	59390	38250	110250	64240	103330	65110	70890	97410	63640	137170	90760	16310	
44120	54860	30750	32160	114720	67840	26870	104390	103320	38910	111490	108020	111240	99100	37740	40350	34130	63350	75260	119020	81770	24210	49360	21940	101140	30300	105520	21310	82320	28190	75810	83960	78320	34800	76190	45960	89530	57220	60330	52080	23080	119130	43660	11710	127790	29270	128420	30510	64520	110332	19920	76320	94570	71280	54730	6900	7860	105060	127110	46820	134010	51810	25360	106310	137200	128370	102870	104970	0	60750	64440	123180	65260	85020	68580	64931	84570	53590	92170	19500	83020	73610	47220	78640	35280	98930	110660	134750	48060	65150	67660	18480	42570	38160	102490	93620	16120	135740	68210	23740	111610	
52900	64920	82510	92450	87260	30850	47970	75980	89130	44080	78920	46860	89650	65660	31820	71770	68160	31890	107150	99820	57100	59060	59250	74700	48430	32690	72150	77210	41570	56930	34960	63520	19230	93500	23470	62710	43640	103710	75700	29050	43870	79060	77070	69610	136180	88310	70060	65600	116280	139020	73670	131060	67510	115670	114280	61090	59550	112660	114940	58250	132890	80390	72350	97850	107620	120670	57700	44920	61150	0	27650	108420	8470	137660	123320	105861	109570	16910	37210	68360	137760	37420	86480	38250	92740	56360	95440	74400	107610	45060	8150	74370	20120	74850	69730	70670	61560	88240	111020	56350	51710	
31600	41120	70600	84110	64670	6090	38770	53390	63560	26360	56330	44420	64830	43070	48081	53490	51530	5300	84630	74250	31530	48800	36270	64290	36830	40740	49710	68170	20930	44940	13310	37620	17860	90730	13230	40960	27040	85430	51900	18520	50860	59800	88950	61030	110610	84060	63570	76170	103850	112470	63260	118630	44150	97390	107620	59080	67670	86610	89370	36750	107320	59090	60800	72280	86090	95100	40910	45960	64580	27690	0	82850	34930	125230	110890	86060	84620	38330	28300	78420	125330	12830	68200	17330	80860	37100	69870	69900	100670	18510	20740	65790	33391	58900	47140	45100	52980	71840	92740	46330	59240	
85880	72290	109890	128590	30950	79120	101700	34490	24830	94760	39070	93560	21400	44060	129661	85660	90210	79660	78600	10880	52480	97430	77680	113840	79040	118460	43760	117820	67670	99320	74650	46620	90990	141320	86460	78650	71450	105790	62770	99470	118400	42500	160390	115680	41500	134390	98480	147240	133880	66800	112910	153951	44330	105350	149480	117030	126860	26760	11100	80100	33100	80030	108570	17540	28400	17270	65280	104810	123290	109290	84030	0	115510	149880	143270	92280	65190	121100	84660	137830	160651	73020	89980	71810	121220	64060	15070	104760	145340	69710	101280	117840	114341	95200	41220	40370	107930	72440	98640	99540	119200	
59710	72250	87060	97000	93370	38180	52520	82090	96460	50640	85030	47730	95760	71770	30500	76320	72710	39220	112280	106250	64430	63610	66580	79250	51990	37240	78260	81760	47680	61480	41070	70850	25340	98050	29580	70040	49470	108260	83030	36380	48420	85170	75590	74160	143510	92860	67390	68250	120830	146350	78220	135610	73620	120220	118830	65640	64100	119990	122010	65580	140220	84940	76900	105180	113730	127740	61910	39660	65700	8560	34980	115490	0	142210	127870	110411	116900	13800	39180	71610	142310	44750	91030	44360	97290	61630	102510	70260	112160	52390	14520	78920	24670	79400	75840	77890	66110	91800	115570	60900	46350	
95340	98830	57390	56840	156260	126760	91840	148240	132370	100190	155470	168371	143620	143080	120970	77330	76540	123370	70800	147490	125740	79980	96420	65380	160481	109560	149500	68090	140320	86680	134550	127930	142980	52710	138350	90970	149190	48570	94350	114830	99090	163330	116720	74510	120910	58330	189791	103570	25070	94801	66320	30070	138540	42300	38000	85200	87060	121680	149440	93880	137330	75350	66570	134230	172480	142990	157550	171080	85110	138080	126390	149630	142590	0	17980	55430	81780	131750	152251	79210	33900	131720	63380	136640	53040	154920	139210	196121	39210	117080	139980	70120	118270	68680	146470	137590	78050	197391	49400	82650	184360	
81321	84121	42500	40300	143991	112741	76950	133661	124010	85300	140761	153481	133480	128371	104740	63311	61890	109320	68300	139340	111031	65090	82401	50490	145591	94670	134791	52930	126301	71790	120531	113221	128090	36170	123460	76831	134341	39300	82701	99940	84200	148621	100180	59620	123460	41790	172631	87030	12290	97331	51430	14860	123831	44730	21460	70310	70520	119070	145590	79861	139880	64350	51680	126090	164400	143030	142841	156190	68570	123190	111500	143270	127700	17880	0	53950	79460	116860	137361	62670	19910	117701	52380	122621	37880	140211	130980	180521	22670	103061	125090	55230	103380	54030	131761	122881	63160	181791	50630	67760	169470	
54960	53060	36970	53120	100130	86150	60681	92590	76720	63570	100120	125630	87970	96450	92601	38861	41751	82990	17830	90960	79670	50051	52110	44261	116840	78571	99880	48800	96850	55751	92010	81860	102540	65440	97750	46730	105730	17650	44980	78250	71821	108540	106201	53381	73110	62590	145060	93051	44870	48091	45201	64710	91920	13630	62950	64071	70001	66980	92520	50850	87940	27920	42781	78000	114490	89990	111470	130480	65071	106181	86160	92450	110691	55560	53960	0	30580	99851	109510	76201	71410	89220	21710	94100	42510	108840	82880	151390	59290	73850	102530	49121	86371	36241	96810	86780	55361	142670	7370	53041	143760	
57650	47910	57610	75990	77770	80980	67400	70230	51190	66690	77760	119040	63440	75520	99320	46550	52780	80630	15310	65050	67190	61050	51550	64140	106350	85290	78180	68880	88060	65020	85420	63760	97080	88690	92120	47690	95600	43360	36060	81380	82710	86180	122981	73260	44270	83770	137080	109831	70580	30690	65080	90470	70990	40680	88660	78960	88790	39700	65240	51440	58740	35660	61570	52460	88730	62710	97010	124850	84950	109540	84780	66360	116780	82450	79670	30500	0	106570	102920	96080	97170	81530	37440	86410	65800	95680	57340	143410	84770	67010	104290	69000	93090	53360	74470	66390	70160	119340	35710	64040	138130	
49090	64030	76360	84930	99750	41590	41820	88470	99870	40020	91410	61370	101050	78150	19090	65620	62010	42490	101580	110560	67840	52910	57770	68550	63680	25710	84790	71060	54840	50780	47220	74260	35370	85980	37410	59490	57580	97560	73630	31520	36350	93000	64340	63320	144250	80790	80800	57000	110130	136190	67520	124910	79480	109520	106760	53570	52030	118220	125680	55030	143630	74240	66200	108590	121590	131410	71640	53070	53630	16910	38300	119160	13870	131510	117170	99711	106550	0	53010	60410	131610	48160	80330	51240	86590	70300	106180	83670	100090	54441	24290	68220	13990	68700	82220	81410	55410	102340	104870	50200	59760	
56821	60570	95791	109581	59850	25320	66440	50820	67450	54030	53220	16910	65360	40500	67100	78711	76751	29950	107510	74980	40960	73991	59150	89481	12990	67630	44920	93361	19500	71551	19130	45670	18170	116461	16910	63840	12830	110651	71380	45570	77910	49150	113950	88700	114500	109531	38080	100640	129041	126590	88451	143821	42350	122611	132811	86750	94490	90980	91670	59860	111210	83100	85991	76170	76900	97400	24360	24050	92250	37110	28260	84890	39270	150421	136081	109870	103220	52840	0	103400	150521	23730	93421	18650	106051	24990	72170	44100	126141	37650	29710	93381	55060	84121	44570	47040	80650	52800	117240	73801	38420	
59380	69320	41450	35400	129180	83360	42390	118850	117780	54430	125950	116750	125700	113560	42510	54430	48210	78870	86120	133480	96230	38670	63820	34120	115280	38590	119980	29560	99491	43200	90760	98420	86160	27980	87310	60420	106070	67920	74790	60730	31730	133810	37950	24600	140590	23890	138800	24800	61790	121192	32100	70350	109030	81980	48760	22790	15480	119520	141570	61280	148470	65890	38250	120770	151660	142830	119471	111070	19580	68590	78620	137640	71870	79050	62610	75791	95430	60790	104040	0	77050	89130	58080	94160	40810	115661	125120	141670	42090	80670	75500	28540	50860	49260	116950	108080	30580	152080	78910	38200	117760	
95381	98181	56560	54220	158051	126801	91010	147721	141281	99360	154821	168091	150751	142431	118660	77371	75950	123411	85640	156701	125091	79150	96461	64550	160201	108730	148851	66990	140361	85850	134591	127281	142700	50090	138070	90891	148951	56640	96761	114000	98260	165691	114100	73680	140800	55710	188251	100950	27710	114691	65490	6730	137891	62070	35380	84370	84440	137510	163790	93921	157220	80371	65740	143991	182601	161230	156901	170800	82490	137250	126320	160861	141760	33710	19640	71290	96800	130920	151971	76590	0	131761	69410	136681	51940	154271	148341	194581	36590	117121	139910	69290	117440	68090	145821	136941	77220	195851	67970	81820	184080	
36270	38820	76871	90661	52210	7400	47870	40930	54440	35460	43870	39310	53550	30610	60691	58160	56200	10510	86460	64290	22560	55071	38100	70561	28330	53350	37250	74441	9030	52631	5750	28980	21390	97541	16850	42790	17080	90100	49630	31130	63180	47900	101560	70130	101490	90611	58290	88780	109331	109320	69531	124091	31980	102060	113891	68180	76770	77970	79800	38810	98200	62050	67071	63160	73630	85530	29010	47220	73680	38490	12880	73280	45240	130711	116351	88820	81470	49250	23360	89140	130791	0	72870	5350	87131	25200	60300	64620	107221	16410	30940	74461	46001	63570	34680	35680	62080	61560	96190	54881	61230	
37090	38100	20300	38680	93810	68280	40900	86110	72000	43840	93640	109560	82320	82340	72820	18340	21970	65120	28620	87200	65010	30270	37150	26830	101000	58790	88760	31570	81800	35970	76030	67200	84670	51380	79880	31770	89750	22130	31870	58520	52040	102060	88770	35950	80710	46460	129020	75620	43420	65991	27770	62520	77810	31930	58710	45590	52570	68150	92340	35170	93510	12870	24260	74490	111960	91160	96810	112610	47640	86400	68290	90000	90910	63070	52510	21670	37490	80070	93440	58770	69220	73240	0	78120	31570	94180	78840	135350	54580	58370	82800	31690	66590	16820	85730	76860	35940	130400	26730	33260	125890	
41130	43680	81881	95671	49640	12410	52880	38360	54270	40470	41300	34290	52030	28040	64481	63020	61060	15520	91320	62520	25460	60081	42960	75571	23310	57140	34680	79451	4010	57641	4640	31880	20380	102551	15850	47650	12060	94960	54490	34920	67260	42880	106000	75140	101320	95621	53270	93220	114281	113410	74541	129041	29890	106920	118901	73190	81780	77800	78280	43670	98030	66910	72081	62990	71060	84010	23990	43190	78690	38680	17610	71760	44900	135661	121301	93680	86330	52410	19200	94150	135741	5320	77730	0	92141	20180	58780	59600	112231	21270	31260	79471	49791	68430	32110	34160	67090	56540	101050	59891	57560	
52470	59090	12530	12930	118960	81891	46790	108630	101930	55480	115730	122581	111400	103340	71590	36550	34180	78420	55480	117350	86000	35260	53960	20110	114691	64150	109760	17010	96231	41960	89721	88190	97190	25250	92560	50350	103451	32130	58540	70120	53240	123590	75500	26430	113270	22400	141731	62350	32150	90511	20420	46480	98800	44580	36170	35360	39670	100170	125440	51420	126240	43041	21860	104640	141440	123890	116211	125290	35290	92810	80810	121510	97320	53530	38740	43660	66640	86480	106461	40690	53180	87521	32160	92551	0	112401	108990	148061	29500	74620	94400	19570	73000	26320	106730	97850	32000	148901	44960	37930	138570	
59710	57510	101601	115391	37820	32190	72660	30410	50750	60250	29460	31280	44950	22890	83670	80660	79640	35300	105780	54570	29740	79801	60430	95291	16190	76530	22770	99171	16580	77361	24030	34130	38140	122271	33610	65120	14150	113540	68320	54310	86650	26560	127270	95330	97250	115341	44640	114490	133041	110660	94261	147801	26130	122470	138621	93380	102000	74240	71520	61140	92920	82280	91801	58520	55000	77470	4590	42530	98910	56440	37000	64480	61610	154421	140061	108840	95920	70230	25260	114380	154501	25100	94290	20410	111861	0	52680	50970	131951	38500	49020	99191	69181	87010	23650	31340	86870	37140	116210	79611	56920	
73340	59680	97370	116070	24140	66140	90570	22820	10890	82220	29650	82460	8560	32390	116051	74530	79080	66680	69440	8360	39500	86300	65140	101320	67370	105920	32090	105300	54690	88190	61670	33640	78010	128800	73480	67520	59220	94600	51640	86490	105880	36790	147870	103160	45160	121870	92340	134720	121810	62400	100390	141431	31570	95190	137410	104510	114340	22610	21650	67560	40440	68900	96050	5840	31390	26440	53610	93710	110770	96310	71050	15130	102530	139340	131200	82770	57240	108120	72430	125310	148131	60050	78850	58830	108700	52390	0	98620	133270	56730	88300	105320	101361	84070	29550	27390	95410	68101	89130	88410	108100	
98510	101760	138481	152271	76210	67130	109310	77510	98280	95840	70560	27790	90760	70420	100470	120560	118660	71760	148920	96100	76040	116681	100340	132171	37940	107200	69540	136051	59160	114151	60320	80750	59950	159151	59860	105030	49550	152920	112570	87380	118760	62880	146950	132270	141070	152221	6450	138220	171731	158190	131141	189011	74380	164880	175761	130320	134490	120050	111790	101050	134490	124320	128681	104010	91240	119220	47340	31510	135850	74570	70070	104550	70340	196221	181271	151280	143220	83770	44210	141580	195711	64510	135330	59430	148741	50880	98170	0	168831	78840	67780	136071	94480	126030	71180	79500	123520	44590	158650	116491	39920	
73840	80970	36850	19760	140830	101531	63540	130500	125930	75100	137600	142221	135400	125210	84200	60870	58500	98060	73420	141260	107880	53830	75680	39190	134331	76800	131630	33570	115871	60530	109361	110070	116830	15630	112200	72070	123081	44630	81731	89380	68500	145460	79640	42620	130770	21250	161371	66490	22020	104641	38320	30180	120680	52040	8390	50620	49980	121230	147510	73140	146150	65341	43280	128010	163310	144950	135851	144930	48030	107250	100450	145190	111760	38880	22440	59280	84580	100090	126101	42130	36880	107161	54300	112191	29710	132041	132900	167701	0	96340	113660	35940	89070	50640	128600	119730	48370	169531	56950	56500	158210	
22860	24400	63940	79150	53470	15300	39260	43140	49430	26940	48250	53370	50700	34990	61601	43110	42140	14440	71240	60120	18800	44440	22880	59930	44350	50830	41630	63810	24980	41840	19750	23420	31410	86910	26450	27570	33100	76040	35210	32040	54570	54220	97370	60360	96480	79980	72390	84590	95051	94900	58900	109811	33190	87230	103100	59570	68160	72410	75240	23590	93190	46830	56440	58150	75950	80970	42500	59180	65070	45050	18590	68720	52290	116431	102071	73600	67050	54201	37250	80530	116511	16490	58410	21370	74200	38690	55740	78720	96430	0	38100	63830	46911	49510	39060	32370	52310	75050	80970	44250	72460	
48100	60120	84230	97030	79740	23880	51690	68460	82160	39280	71400	40230	82130	58140	39070	68380	66420	24920	102350	92620	50130	61960	54450	77920	41110	39600	64780	81550	34250	57860	26940	56550	11910	100410	16150	57910	36320	100320	70900	24250	50780	71740	84320	73950	129210	95220	63430	72510	117480	132050	76890	132260	59990	112280	121220	68000	66460	105690	107970	53450	125920	75670	74430	90880	100300	113700	50380	38290	68060	8060	20680	101450	14440	138860	124520	102471	104200	24200	29890	75270	138960	30450	83090	30930	94490	49040	88470	67770	113590	38090	0	78710	27030	73410	62210	63700	65900	80920	107630	59250	48740	
40790	49670	14630	19300	109530	68481	28580	99200	97930	40140	106300	109171	106050	93910	54280	32670	27430	64580	59300	113350	76580	20780	44170	7290	101281	46030	100330	4640	82821	26720	76321	78770	81930	26180	77420	40770	90031	41100	54660	54420	35210	114160	58830	7840	111830	19250	128321	45680	48400	94372	5270	63180	89380	55160	42530	18050	23000	99200	121440	41630	125340	39660	11940	100640	132010	122700	102801	110180	18530	74550	65670	117510	79060	69780	55440	48971	68610	68220	93051	28540	69880	74111	31260	79141	19590	98991	104990	134651	35860	63440	78700	0	54740	22440	97300	88430	13410	135491	52090	21720	123430	
35680	50620	62770	72950	96771	39191	28230	85491	94181	26610	88431	66800	95451	75171	16110	52030	48420	36131	87990	104871	62151	39320	44360	54960	65140	12990	81811	57470	53071	37190	45451	68241	37720	74700	38870	46080	59040	83970	60220	18110	24740	91941	60710	49870	130840	69510	90000	48310	96540	122780	53930	111320	75731	95930	95480	42290	40750	104810	119991	41620	133460	60650	52610	102901	119301	125721	73051	64320	42350	20150	33311	113471	24660	117920	103580	86121	93140	14010	54710	50560	118020	45931	66740	49471	73000	69241	100491	94340	88810	46981	27060	54630	0	55110	79241	75721	41820	103800	91280	36610	71010	
27860	33390	15400	33180	93250	59050	28330	82920	76970	34190	90020	100330	86440	77630	59800	11180	7850	55890	45100	92390	60300	16150	28940	18420	91770	46680	84050	23160	72570	22270	66800	62490	75440	45880	70650	24620	80520	32490	34000	48830	37920	97880	78081	26420	96540	39330	119790	64931	46730	81482	19360	61860	73100	45660	57130	34060	43040	78730	99120	26400	106040	20440	13450	79680	115730	101740	90940	103380	38110	74770	59060	95190	79280	68110	54120	36081	53320	68440	84210	50360	68560	64010	17060	68890	26070	87130	84030	126120	50460	49600	73110	23280	54960	0	81020	72150	25130	124350	41010	19140	116660	
59250	49010	95260	111350	17730	41850	77450	6870	28010	65650	10140	53710	21860	4200	93791	73080	74240	43610	86490	31480	22680	78430	54730	93740	38620	86450	3980	97620	28450	78330	35430	19370	51770	120750	47240	57190	31590	104830	59820	64230	92760	18320	136670	95260	74160	113820	64930	123890	124541	88380	92710	139301	8020	110200	135300	96340	106170	51150	48430	57150	69830	73780	90250	35430	39900	54380	24860	64960	102600	70070	47330	41390	76290	145921	131561	96590	74290	83200	44800	117210	146001	34840	85790	32590	106400	23640	29590	71260	128630	39090	62060	97640	79101	81250	0	11320	87540	49490	103960	80540	79350	
52120	40010	86260	102350	21420	40460	70320	11090	21440	58950	19330	60760	20800	10070	90371	64080	65240	41000	77780	31470	13820	69430	45730	84740	44430	82840	14390	88620	30040	70910	37020	10370	53360	111750	48830	48190	34260	95290	50820	60810	85630	27750	130280	86260	68490	104820	73090	117380	115541	81210	83710	130301	5540	100910	126300	87340	97170	44970	46590	48150	65200	64780	81250	30160	43900	52320	33020	71460	93600	71660	45370	40070	77880	136921	122561	87280	66480	82440	47470	108210	137001	35390	76790	34180	97400	31130	27090	79420	119630	32390	63650	88640	75681	72250	11320	0	78540	59540	94650	71540	85830	
29920	39860	22430	31710	99720	56090	15600	89390	88300	27160	96490	96200	93890	84100	43680	25350	19130	51600	64190	103310	66770	9210	34360	14620	88950	33050	90520	16230	70570	13740	64060	68960	68950	38330	64440	30960	77780	48900	45330	41440	21890	104350	54401	8630	113300	31660	115940	41251	56200	100350	13590	70980	79570	62960	54940	9920	19750	90060	111810	31820	118710	36810	14210	91010	122200	113070	90680	97170	16180	61570	52690	107880	66080	77580	63240	55171	70710	55240	80420	30660	77680	61860	36150	66890	32000	86740	95360	122270	48270	52570	65720	13390	41760	25100	87490	78620	0	123550	59890	8740	110450	
96131	92491	137852	151642	47800	67331	108761	51070	71341	96041	42450	52540	60821	50750	117721	117401	116661	71231	131810	66761	64721	116052	96851	131542	41140	111201	46270	135422	52831	113522	58851	66640	69130	160062	65471	100671	46011	149861	103301	88831	121471	34270	169481	131681	110621	151592	38550	149311	168862	129761	130512	189662	55600	157640	176412	129731	138351	89971	79440	97561	104020	118101	128052	73561	55300	88080	33301	63790	135261	88090	71521	72200	91890	196872	181922	142850	119440	102091	52680	150731	196362	61351	130111	56661	148112	37011	67721	44830	169742	74751	80670	135442	103491	124031	49620	59670	123221	0	150220	115862	76450	
61960	60370	39260	54630	107440	93150	65770	99900	82990	68710	107430	132940	95240	103760	97690	43950	46840	89990	22700	97220	86980	55140	59420	47250	124150	83660	107190	51090	104160	60840	99320	89170	109540	66950	104750	54040	113040	15060	52290	83390	76910	115850	109110	56380	75180	64100	152370	95960	41680	50161	48190	61520	99230	8090	59760	67070	73000	73240	98780	58160	90010	35230	47910	84260	120750	95770	118780	137480	68070	111270	93160	98710	115780	49470	50770	7300	35560	104940	116820	79070	68220	96530	26650	101410	44020	116150	89140	158700	57440	81160	107670	51990	91460	40980	104120	94090	59920	149980	0	58130	150760	
21790	32690	27560	39800	92550	49481	9540	82220	81130	20660	89320	89700	86720	76900	41010	19130	12910	45100	58440	96140	59600	2990	27190	19770	82281	27890	83350	23650	63821	5260	57311	61790	62450	46420	57940	23790	71031	50520	38160	34940	19130	96160	59860	16720	106130	39750	109321	46710	60810	94130	18740	75590	72400	63030	63030	17470	26760	82890	103280	24650	111540	30590	16280	83840	115030	105900	83801	90670	23670	56410	46190	99350	60920	82190	67850	53221	64490	50080	73920	38210	82290	55111	33840	60141	37800	79991	88190	115651	56360	44440	59220	21480	36600	19600	80320	71450	8670	116491	58380	0	103950	
89250	95670	128250	141770	89460	57790	96420	85880	105810	84010	83810	26210	100420	78360	76390	111140	109180	62200	141350	109350	79320	106450	92990	121940	43820	83500	78240	125820	57860	102590	56560	84030	42930	144790	46580	97680	51190	143080	106480	72270	94680	78760	122870	118680	152720	139600	39620	114140	161500	165640	120910	176280	80710	155040	165270	111900	110360	129340	126520	93700	147740	116740	118450	113990	106510	132470	54850	15850	111960	51620	59300	119250	46260	182880	168540	143710	138320	59690	38500	117500	182980	61160	125850	57010	138510	56760	108150	40000	158330	72610	48640	123440	70930	116550	79120	85400	110630	76500	150390	103980	0	


0	 Oldham                             0		0		32400		0

1	 Longdendale                        662		2870		22314		1324
2	 Warrington                         414		3424		23286		828
3	 Huyton                             123		2882		22530		246
4	 Maltby                             550		3485		22687		1100
5	 Brighouse                          502		3082		22767		1004
6	 Tottington                         125		2557		22067		250
7	 Rawmarsh                           608		4725		25344		1216
8	 Dronfield                          514		1278		20682		1028
9	 Rochdale                           691		980		20370		1382
10	 Conisbrough                        292		4959		23663		584
11	 Wetherby                           277		4713		24058		554
12	 Beighton                           187		2787		21928		374
13	 Wombwell                           501		3550		22801		1002
14	 Clitheroe                          605		2543		23287		1210
15	 Sale                               398		4685		24697		796
16	 Urmston                            501		4082		25009		1002
17	 Elland                             612		4193		24219		1224
18	 Biddulph                           755		837		21427		1510
19	 Clowne                             353		4378		24496		706
20	 Penistone                          741		3093		23898		1482
21	 Walkden                            534		1530		20834		1068
22	 Stalybridge                        117		2888		22345		234
23	 Newton-le-Willows                  394		2431		22145		788
24	 Garforth                           555		2977		23356		1110
25	 Accrington                         369		1977		22421		738
26	 Bolton_upon_Dearne                 577		3210		24353		1154
27	 Haydock                            454		4952		24242		908
28	 Ossett                             276		4849		25172		552
29	 Little_Lever                       828		4323		24728		1656
30	 Heckmondwike                       392		2156		22134		784
31	 Stocksbridge                       366		2062		22119		732
32	 Shipley                            272		3559		24068		544
33	 Litherland                         118		5375		23759		236
34	 Bradford                           234		2240		21633		468
35	 Denton                             763		1839		22819		1526
36	 Lofthouse                          761		2558		22145		1522
37	 Winsford                           562		3602		23095		1124
38	 New_Mills                          366		5000		25503		732
39	 Todmorden                          587		4678		24498		1174
40	 Darwen                             779		3721		24281		1558
41	 Doncaster                          403		1687		22158		806
42	 Poulton_le_Fylde                   790		641		21997		1580
43	 Ince-in-Makerfield                 567		4819		25705		1134
44	 Derby                              136		3475		21939		272
45	 Kirkby                             423		600		20430		846
46	 York                               690		3032		23754		1380
47	 Freckleton                         185		2604		22871		370
48	 Chester                            686		2911		23380		1372
49	 Uttoxeter                          237		2140		20990		474
50	 Golborne                           243		1319		21654		486
51	 Flint                              308		3645		22397		616
52	 Hoyland_Nether                     135		5247		24046		270
53	 Nantwich                           471		3615		24106		942
54	 Heswall                            573		1283		21253		1146
55	 Adlington                          588		2676		23477		1176
56	 Euxton                             362		5076		23809		724
57	 Matlock                            486		1493		22078		972
58	 Mansfield                          163		1080		21282		326
59	 Ashton-under-Lyne                  413		3989		23384		826
60	 Ilkeston                           389		4345		23211		778
61	 Wilmslow                           498		3703		23384		996
62	 Culcheth                           276		4230		24115		552
63	 Chesterfield                       625		3381		23331		1250
64	 Retford                            526		1837		21472		1052
65	 Kirkby_in_Ashfield                 113		3285		21770		226
66	 Pontefract                         470		4869		25697		940
67	 Knaresborough                      799		995		21774		1598
68	 Coppull                            524		4971		25232		1048
69	 Glusburn                           643		4044		25085		1286
70	 Halifax                            182		5045		24509		364
71	 Shirebrook                         242		1495		20934		484
72	 Skipton                            398		2033		21814		796
73	 Brymbo                             301		1900		21820		602
74	 Hawarden                           111		5317		24894		222
75	 Sandbach                           594		3510		24690		1188
76	 Leek                               305		1280		21751		610
77	 Barnoldswick                       143		3811		23106		286
78	 Chapel_Allerton                    307		755		20701		614
79	 Tarleton                           230		2680		23068		460
80	 Holywell                           587		822		21169		1174
81	 Mirfield                           369		1405		21763		738
82	 Knutsford                          206		2673		22138		412
83	 Dewsbury                           133		2426		21045		266
84	 Widnes                             522		3679		24145		1044
85	 Featherstone                       499		4363		24093		998
86	 Staveley                           132		5210		24438		264
87	 Haxby                              103		5194		23527		206
88	 Bebington                          184		3863		23714		368
89	 Meltham                            746		3745		23552		1492
90	 Keighley                           334		1383		20189		668
91	 Ashton_in_Makerfield               389		3272		23793		778
92	 Brierfield                         579		3621		22947		1158
93	 Partington                         464		5354		24676		928
94	 Wath_upon_Dearne                   148		4406		24175		296
95	 Chapletown                         592		4766		25938		1184
96	 Westhoughton                       545		2270		21558		1090
97	 Goole                              181		5283		23989		362
98	 Crewe                              509		1210		21835		1018
99	 Farnworth                          184		3316		23237		368
100	 Ripon                              479		4103		23349		958
