100

6350	3650

20	90

0	33880	58730	72690	73650	18590	41490	19920	84591	20850	94790	80640	49800	90910	66900	45010	43670	39010	75950	95740	70440	22720	48160	55000	69651	69610	68360	29510	9780	88341	60680	30250	66090	83160	24880	32900	20030	62050	91850	63280	97122	20580	41810	89060	56951	13720	76440	43610	7610	73710	36920	35150	46870	38270	74431	6710	44960	17540	12150	96350	40040	18650	75241	87330	94490	71601	35190	38150	95462	51721	43930	15850	63090	78910	39270	36570	36080	45310	23590	21400	87770	84770	58070	98091	51270	30400	50850	85321	71481	6610	58350	76350	71360	24840	23930	75790	85840	30460	78111	92590	51310	
33950	0	73890	93910	40620	17460	56950	44520	87520	40490	118120	73310	37580	109720	33870	68340	66970	40270	60860	119370	96580	48690	63620	86580	101361	54520	93720	58110	38200	89080	65350	44170	85210	102310	38750	64330	15720	93760	110970	46420	128832	46550	39770	105470	88661	40900	67180	11070	36460	61430	59800	47110	30510	61230	81510	38740	67920	49120	44180	115470	55390	38290	106951	78050	117460	77490	33200	61110	127172	83431	13530	36060	64870	110490	21530	59900	54280	76890	36380	41040	110730	69680	89650	107860	75570	48830	28140	91220	103191	35930	77470	101140	100270	11430	49900	88660	104960	21340	85110	113290	76650	
58950	73720	0	116431	106831	62570	96430	75020	33390	41840	72410	35660	46911	35680	101001	41580	34380	94740	45660	58150	125550	42140	103100	80970	85010	45050	112101	47300	49700	37250	18590	31010	109811	28320	79980	76641	68160	71240	135571	54201	94900	40120	38980	32940	75000	68820	35300	84590	52460	38100	23590	26940	50750	27250	21370	58900	24400	63940	56440	140071	95140	43010	84580	42350	43140	19750	43980	24830	105340	73600	71660	44250	25920	103970	53870	35220	22860	72840	39260	39550	39260	44980	87230	42500	95011	28610	61601	33100	84880	63830	102071	120091	67050	71350	39940	19540	129561	54570	24980	39060	95051	
73020	93890	117080	0	134500	89690	39210	59370	148501	86680	121680	146850	118270	144790	127750	83730	90540	64620	144420	134230	77070	76540	38000	49400	64460	138080	6420	71170	77450	152251	126390	95200	30070	137030	58330	41580	87060	70800	50010	131750	94801	79020	110280	142930	59210	63770	142710	103570	75360	139980	93880	100190	115340	92830	136640	66320	98830	57390	66570	51200	49700	84480	72920	153540	148240	134550	103660	94370	80940	55430	106670	82650	129360	49110	107910	85170	95340	55170	91840	87230	134930	153430	42300	157550	26340	92570	120970	149190	68630	70120	17980	10880	81780	88410	78200	133790	33270	99090	140320	146470	25070	
73880	40890	107241	134570	0	56800	97610	84450	108030	79711	158931	92680	61610	138020	8070	107561	106191	80930	78890	160181	35870	87911	104280	126510	141291	73830	134380	97331	77540	107100	93571	81510	125870	131640	79410	104260	55650	133441	151630	59560	168762	85771	71880	133770	128591	80830	87480	49140	75800	81170	97310	82690	56480	100451	109731	78670	106370	89050	84110	157780	96050	77511	146881	92530	147840	105711	68170	99470	167102	123361	42550	75281	91160	150420	59001	99121	91370	116820	74801	80261	146170	84160	129580	130360	116230	87240	46290	116850	143121	75860	118130	141800	139491	52320	89121	116881	145620	60091	114780	141590	117310	
18620	17490	62650	89390	56580	0	53050	32140	85920	25690	103320	74100	37130	97440	49830	53540	52170	39240	61650	104570	113060	32950	59720	71700	86351	55310	85060	42370	21780	89670	61940	31510	81310	90060	34260	49600	6440	78480	107070	48150	113822	30810	36920	94680	73651	27800	67970	27550	20040	62220	45080	36410	30180	46430	76140	23410	53120	34240	28850	111570	51490	23490	91941	78840	102650	73310	30260	46310	112162	68421	26860	21260	64350	95610	20720	45100	41620	62010	24370	26240	95930	70470	74770	100340	67970	36110	32300	87030	88181	21970	73570	93050	84530	9620	34160	79861	101060	17640	79820	100750	68010	
41570	56810	96340	38880	97420	53040	0	22290	122351	60530	121230	120590	89070	126920	90670	73101	76591	27540	113590	128010	39530	58500	8390	56950	74460	107250	38690	55920	51050	126101	100450	70130	30180	119170	21250	25420	49980	73420	55940	100090	104641	57050	81710	125070	65960	28970	116390	66490	48650	113660	73140	75100	82120	74280	112191	38320	80970	36850	43280	60440	11680	58330	82760	127280	130500	109361	75090	74370	97400	59280	69590	56500	103040	69220	72660	69491	73840	51810	63540	61080	123780	123850	52040	135851	20540	68160	84200	123081	78630	35940	22440	46110	84580	51330	60140	112820	49930	68500	115871	128600	22020	
19850	44550	74770	58920	84600	32230	21960	0	100631	38810	103490	98870	67980	105960	77850	53630	55850	25020	93450	108220	50910	37500	28630	54040	70860	87110	58280	34920	29330	104381	78730	48410	50220	98210	11480	22820	31600	63240	75980	79950	98331	36090	59990	104110	58471	7060	94670	54280	26930	91940	52180	53380	61980	53320	90471	16600	60010	15850	22320	80480	22250	36610	76450	105560	109540	87641	53370	53410	96671	52060	54880	34780	81320	73700	52520	48750	52120	44590	41820	39360	102830	102270	53660	114131	40580	46440	64100	101361	72690	14220	42480	66150	72830	36410	39180	91860	69970	47680	94151	107640	41230	
84371	88040	33080	146291	108550	85620	122011	100441	0	67421	88520	21250	53430	38400	103480	73280	65980	119590	34070	73710	188300	72621	128681	112670	116710	36080	141961	77781	75121	4600	24130	55391	139691	33480	105401	106501	91210	102940	165451	52030	124130	69771	51220	32430	106700	94241	22450	99010	77881	28660	55290	49900	59170	58950	15100	84321	56000	91661	81861	169951	120561	68431	116180	17070	48360	14560	58010	56530	136940	105300	79770	69671	29420	135670	67410	66920	52691	104141	62310	65131	54440	24880	118481	22810	124871	56101	65470	10370	116480	89251	131951	149951	98650	90000	70421	27080	159441	73780	15950	42110	124911	
20850	40500	42010	86230	78911	25670	60470	38900	67891	0	82930	64770	37210	75160	72161	33150	31780	55890	63360	83880	89430	15660	67140	60780	72910	57020	81900	24730	11540	71641	44810	13860	79630	67800	43860	46440	31260	59680	105390	50690	94870	11520	29220	72420	60851	32700	60570	51210	14300	57840	23210	19280	34690	25950	57731	22780	32150	31600	20320	109890	59020	4780	77010	71460	81680	54901	22600	24710	98721	55621	45220	5260	47220	86490	31950	24710	19360	51090	10200	2990	74960	72180	65430	81391	64810	13680	42940	68621	74310	26490	71890	89890	65230	34450	16530	59070	99380	23630	61411	78540	64850	
94850	118350	72410	121070	156821	103520	120810	102360	87310	82890	0	101020	104970	55620	150071	56360	53530	127170	113260	17970	153090	73780	124950	72320	59120	113350	115630	72490	85810	91020	86890	80080	129490	56020	113630	96530	108740	52100	155910	118350	40910	74770	90450	60020	61690	101620	101620	129120	88570	106220	63670	78330	105700	59450	77430	94790	55860	87430	90440	160410	123420	81870	53790	104380	44500	80270	95180	62820	62260	65960	121230	83110	94210	80990	105070	59020	69450	70210	85270	80600	34150	110340	77760	75090	109760	75030	116060	77810	56680	98820	118740	121680	38700	111930	71340	64800	147950	100580	73290	51230	109340	
80870	73670	35920	145330	92350	74630	120670	99100	21610	64940	101570	0	39060	52500	86520	75000	68620	112240	17550	86760	173880	71630	127720	112840	118430	19690	141000	76790	73550	21690	21750	51860	138730	47250	104060	105540	78490	104660	164490	35830	129480	68430	43410	48250	108420	92900	6580	84540	74780	12270	56850	46360	44800	60670	24400	83360	58980	90700	80900	168990	119600	67280	119160	11430	62130	21110	50200	58250	139920	106160	65400	66330	20760	137390	54690	68640	51700	103150	58770	62650	67580	12750	117490	43410	123910	55140	51100	29790	119180	85790	130990	148990	101630	76960	69430	38850	158480	62810	27720	55880	123950	
49890	37440	46981	117920	61340	36890	88810	67940	53150	37190	104810	38940	0	75861	55510	61060	54850	74470	26490	102901	136230	48420	95480	91280	101220	20150	113590	55230	43590	54710	33311	30700	111320	69481	69510	78130	40750	87990	137080	14010	122780	43750	14650	71611	91110	61740	32810	48310	43900	27060	41620	26610	8820	46510	49471	53930	50620	62770	52610	141580	87250	38840	105320	43680	85491	45451	15560	43780	127031	86121	29650	36610	32831	116990	16740	52760	35680	81590	28230	34900	84011	35310	95930	73051	96500	35730	16110	59040	102620	54630	103580	121580	93140	39220	47870	56621	131070	24740	53071	79241	96540	
91090	109480	35740	144251	137560	97440	126960	106260	37420	74980	55950	52830	75751	0	131730	65970	57320	126910	65070	40230	156170	72570	133630	105700	97860	66720	139921	74630	81840	41130	43980	66370	137631	8370	112150	104461	103130	88830	166381	79850	92320	70650	70660	6520	96740	100960	53430	120350	84600	58710	55480	62300	79590	52930	29240	91040	47340	93590	88580	172401	127250	76150	95120	54490	12120	32080	77450	54780	112960	98330	102100	77390	51510	119730	86850	60500	55900	98050	74100	72690	21810	62150	111960	22400	122831	61750	90441	27920	95420	95970	129891	147911	77590	106320	70190	20410	157381	89410	25100	5870	122871	
66680	33690	100511	127370	7070	49600	90410	77250	103100	72511	150141	85950	54880	130640	0	100361	98991	73730	72840	151391	39640	80711	97080	119310	134091	67100	127180	90131	70340	102220	86841	74780	118670	124340	72210	97060	48450	126241	144430	52830	161562	78571	65150	126000	121391	73630	80750	41940	68600	74440	90580	75960	49750	93251	102650	71470	99640	81850	76910	150580	88850	70311	139681	87650	140270	97620	61440	92740	159902	116161	35340	68081	84430	143220	51801	91921	84640	109620	67601	73061	139440	79280	122380	124360	109030	80051	39560	108990	135921	68660	110930	134600	132291	45120	81921	110151	138420	52891	106250	134020	110110	
45090	68590	41490	83280	107001	53760	73561	53630	73290	33130	56310	74840	61200	65920	100251	0	9590	78320	80070	57330	103570	24020	77691	42900	45410	77650	78860	19420	36050	77150	54880	32660	81671	58170	63560	48501	58980	31640	107431	74680	63700	25010	46920	64070	35400	51390	72150	79300	38810	72760	19550	34800	59180	14610	61740	43590	20310	38700	37680	111931	74650	32110	48430	81530	67880	59650	46590	17980	70560	35530	71470	33350	59690	64370	56440	9260	25760	34910	35510	30840	54570	84160	49160	78680	64050	27230	67430	73020	46160	47510	72720	86850	34060	62170	21580	55550	101421	50820	64060	67600	63630	
43890	67150	34360	90040	105561	52320	76660	55930	66410	31690	53560	68550	55230	57270	98811	9590	0	79670	73780	54510	105870	22820	81061	49660	53020	71360	85620	22040	34850	70270	48590	30110	85041	49520	64910	51871	57540	39250	110801	68610	70240	23570	40710	55420	43010	53670	65860	77860	37610	66470	13340	28590	55960	8400	53760	43830	12790	41000	39960	115301	76950	30670	56040	75240	60850	52770	45150	11770	78170	42290	70030	31910	53400	71980	55000	7530	19550	41670	34070	29400	51270	77870	55920	70030	70241	24940	65990	64370	53770	48760	77301	93610	41670	60730	20380	46900	104791	49380	55410	58950	70281	
38780	40000	94570	64630	80610	39180	27670	24990	120431	55840	128320	113290	74650	126750	73860	77630	79510	0	99460	132250	56520	58560	34340	77520	95600	92830	64440	58840	46130	124181	94790	64360	55930	119000	16170	46300	35560	88040	81690	85670	123071	56420	74440	124900	82900	28780	107160	49680	43960	100030	72760	69260	67700	74110	108990	36400	80800	40680	43070	86190	26110	53640	101190	118030	130330	106160	67780	73990	121411	76220	52780	50840	97200	94570	58240	72410	71920	68750	57700	56390	123610	109660	77140	133931	46290	66240	67390	121161	97430	34020	48190	71860	97660	36910	59770	112440	75680	55160	113951	128430	47370	
76030	61130	45540	144060	79270	62090	114010	93840	34390	63330	113140	17520	26520	64700	73440	80020	73640	99700	0	98330	159900	73750	120710	114960	123450	6610	139730	78910	69730	34470	28130	52110	137510	59450	94710	104270	65950	109680	163270	22750	139500	68680	40530	60450	113440	87880	12480	72000	70040	7440	60780	46610	32260	65640	36600	80070	67450	88910	78750	167770	112480	64980	126470	21190	74330	33310	41700	62790	148600	109801	52860	62750	23770	140670	42150	72890	55430	105270	54370	61040	79440	12820	119610	56050	122640	55910	38220	41990	124200	80770	129720	147720	111650	64420	71550	50410	157260	50270	39920	68080	122680	
95870	119670	58110	134220	158141	104840	128280	108340	72720	83910	17590	86430	102801	39960	151391	57380	54550	132350	98670	0	159420	74800	132420	84240	72620	98950	128780	73510	86830	76430	72490	81100	136960	41430	117590	103851	110060	64550	162911	109560	57380	75790	91470	45430	74910	105820	87030	130440	89590	91630	64690	79350	106640	60470	62840	96110	56850	93090	91770	169521	130450	82890	68770	89790	28620	65680	96200	63840	78730	77880	122250	84130	79810	94490	106090	60040	70470	82130	86290	81620	19560	95750	90300	59410	117240	76050	117080	63220	70180	101040	126210	135180	52350	113250	72360	50210	155420	101600	58700	35350	116820	
69470	73800	125340	86320	36010	94381	39660	51450	147430	89380	161700	132270	111251	158060	40980	106930	109070	55440	118040	163670	0	89410	46310	104610	122770	113900	85050	87060	79200	146500	129300	98980	76540	150310	49150	63300	78830	119720	103380	104620	153841	87190	113441	156210	114621	58130	127070	96430	76800	120770	103530	103950	104181	105420	141041	66220	112110	66010	72440	109400	38720	87180	131070	131930	161640	138211	105800	105510	145790	107790	75450	85350	138871	118130	95201	101970	102690	99070	92390	89930	157050	123310	99080	164701	58820	97010	100411	151931	126940	63840	60720	95420	130270	81270	91280	147690	97370	96291	144721	159740	59900	
22430	48160	42210	75970	86571	32360	58000	37300	73050	15640	73780	71920	48330	72370	79821	24000	22660	58210	73490	74730	87210	0	64670	46660	59431	68140	71640	10970	13390	76820	51670	22440	69720	64620	43450	36180	37260	47080	95480	61810	82770	5410	38750	70520	46731	32290	67840	58301	16150	66180	19010	27220	45830	19730	61500	22370	26420	23260	18550	99980	58290	14270	64410	78610	75950	59410	33720	20240	85242	41501	52880	12510	55380	72370	40110	15560	20470	36970	21700	16190	69230	81240	51310	83550	54550	18300	53170	73130	61261	27300	61980	79630	53130	40450	2660	58690	89470	31290	65180	74050	54590	
48130	63370	102900	37830	103980	59600	8370	28850	128911	67090	127820	127150	95630	133480	97230	77831	81321	34100	120440	133691	46090	65060	0	59630	76150	113810	37640	60911	57610	132661	107010	76690	29130	125730	27810	30150	56540	77300	54890	106650	106331	63610	88270	131630	69540	35530	122950	73050	55210	120220	79700	81660	88680	80840	118751	44880	87530	43410	49840	59390	16670	64890	84450	133840	137060	115921	81650	80930	99090	62950	76150	63060	109600	69760	79220	74221	80400	55480	70100	67640	130340	130640	53730	142411	19490	74720	90760	129641	80320	42500	21390	45060	88460	57890	66700	119380	48880	75060	122431	135160	21060	
54890	86230	81160	49470	126280	71560	57440	53480	112960	60840	73240	113410	91460	105730	119530	42880	49690	77260	114980	84260	95910	46840	59760	0	21670	111270	44030	37790	55370	116820	93160	63930	61520	98270	64100	34770	73000	22700	87280	104940	50161	49620	80240	104170	11110	53450	109330	95960	56920	107670	58160	68710	89440	54370	101410	48190	60370	39260	47910	91780	67650	59510	28280	120100	99900	99320	76850	57610	46830	7300	96560	58130	96870	27560	85730	46720	61960	10790	65770	61100	86590	122730	8090	118780	42100	59790	97690	113040	24520	51990	50770	52010	35560	77810	44820	95650	79980	76910	104160	104120	41680	
69791	101221	84960	64390	141271	86461	74310	70730	116760	72960	60100	118310	101030	97730	134521	45450	53060	94980	123400	72700	112960	59651	76110	21820	0	120840	58950	50440	68531	120620	98350	73400	77870	96610	81820	55070	87901	16480	104290	114510	31661	62431	88660	101560	13630	69990	115620	110951	70081	116090	63020	77130	99010	58080	105210	63101	63780	55800	60681	108790	84520	71630	9620	125000	90470	103120	86420	61450	26181	20550	111300	70941	103160	22350	96270	52730	68520	27530	75340	70670	77160	127630	22720	117250	58450	68210	107260	115840	5250	67021	67120	63790	22050	92711	57631	99020	95340	89721	107530	94710	58030	
69630	54730	45060	137660	73470	55690	107610	87440	36390	56930	112660	19660	20120	66350	67640	77490	71110	93270	6550	97850	152590	68160	114280	111020	120920	0	133330	74970	63330	37210	27650	49580	131060	61100	88310	97870	59550	107150	156820	16910	139020	63490	34130	62100	110850	81480	14460	65600	63640	8150	58250	44080	25860	63110	38250	73670	64920	82510	72350	161320	106050	58580	123940	23740	75980	34960	35300	60260	146070	105861	46460	56350	23290	136730	35750	70360	52900	101330	47970	54640	78960	15370	115670	57700	116240	53380	31820	43640	121670	74370	123320	141320	109570	58020	67610	49930	150810	43870	41570	69730	116280	
68960	94190	112920	6470	134800	85630	39510	58440	143361	82620	116230	141710	114210	140630	128050	79570	86380	64920	140360	128780	77370	72480	38300	43950	59010	134020	0	67010	73390	147111	121460	91140	30890	132870	58630	37520	86690	65350	51780	127690	89351	74960	106220	138770	53760	59710	137630	103870	71300	135050	89720	96130	111280	88670	132480	62260	94670	53330	62510	54930	50000	80420	67470	148400	142790	130371	99600	90210	75750	49980	106970	78590	124430	43920	103850	81010	91180	49720	87780	83170	129480	149370	36850	153390	22280	88510	116910	144091	63180	66060	18280	8790	76330	88710	74040	129630	38290	95030	136160	142310	21010	
29600	57830	47420	70561	96241	42030	55550	34820	78310	24610	72390	77180	55230	74650	89491	19240	22140	59510	78750	73550	84760	10920	59961	37480	50251	75040	66231	0	23060	82080	56930	27700	63941	66900	44750	30771	46930	38240	89701	68710	75500	13390	44010	72800	37551	32580	73100	67971	25820	71440	24220	32480	53210	22700	66760	24780	28700	19890	18870	94201	55840	23280	55570	83870	78230	64670	40620	24240	76062	32321	62550	22180	60640	63190	49780	15040	25730	27790	29540	24870	70790	86500	42130	87410	49141	23560	61460	78390	52081	28700	56201	74221	45860	50120	8590	63900	83691	40960	70440	76330	49181	
10130	38461	49390	77020	77292	22120	51260	29690	75251	11410	85680	73180	43630	81570	70542	35900	34560	46730	69780	86630	80210	13610	57930	55460	68461	63440	72690	23030	0	79001	53220	22790	70420	73820	34650	37230	27020	59140	96180	57110	94830	11470	35640	79720	55761	23490	68980	48521	3580	66250	27580	27690	40700	28930	65091	13570	35620	22390	11110	100680	49810	9210	74051	79870	85150	62261	29020	28810	94272	50531	46260	7380	55630	81170	33490	27460	26740	45770	16570	11960	78430	78600	60110	88751	55600	21060	46550	75981	70291	16560	62680	80680	65190	30210	14820	66450	90170	24670	68771	83250	55640	
88501	89670	37650	150421	107760	89750	126141	104571	4570	71551	90980	21350	55060	40860	102690	77850	70550	123720	34170	76170	189930	76751	132811	117240	121280	37110	146091	81911	79251	0	28260	59521	143821	35940	109531	110631	94490	107510	169581	52840	126590	73901	55350	34890	111270	98371	23500	100640	82011	29710	59860	54030	60800	63520	18650	88451	60570	95791	85991	177841	124691	72561	120750	14910	50820	19130	62140	61100	141510	109870	81400	73801	31050	140400	70690	71490	56821	108271	66440	69261	56900	24830	122611	24360	129001	60231	67100	12830	121050	93381	136081	154081	103220	92960	74551	30630	163571	77910	19500	44570	129041	
60870	65300	18510	125230	93311	62080	100670	79100	24550	44940	86610	21730	33391	43760	87481	54970	48590	95670	28300	72280	164820	51530	107620	92740	98400	27690	120900	56690	53550	28300	0	31860	118630	37600	84060	85440	67670	84630	144390	38330	112470	48430	28300	39510	88390	72900	18410	76170	54780	20740	36750	26360	37230	40640	17330	63260	41120	70600	60800	148890	99500	47280	101420	28420	53390	13310	35090	38220	122910	86060	59740	46330	8550	117360	44490	48610	31600	83050	38770	42650	53390	31050	97390	40910	103810	35040	48081	27040	99150	65790	110890	128890	84620	67080	49330	25340	138380	50860	20930	47140	103850	
30680	44870	31150	95000	81160	31890	70480	48910	55780	14060	80080	51760	30760	66370	75330	32630	29990	65000	52140	81030	99440	22730	77150	63940	73650	49720	90670	27890	23160	59530	31800	0	88400	59010	53870	55210	37480	60420	114160	44240	94350	17490	16800	63630	63540	42710	47560	55580	24590	44830	16760	5910	28780	21650	46000	33030	25890	40370	30570	118660	69030	16400	77750	58450	73830	43170	16150	18920	99461	58781	43830	16150	34210	89650	26040	24190	11120	54250	8580	11770	68700	61080	68590	69660	73580	5940	37030	56890	75050	35600	80660	98660	64710	40670	20530	48631	108150	23890	49680	69750	73620	
66260	85340	111191	30900	125950	81570	30660	50820	142291	79920	131580	140640	111510	138211	119200	82201	85691	56070	137720	138061	68520	70020	29450	62040	78560	131320	31090	65281	70690	146041	120390	88440	0	130451	49780	36890	78510	79710	26190	124990	108761	72260	103520	136351	71950	56740	136560	95020	68600	133980	87991	93430	108580	86251	130751	59560	92251	50630	59810	31040	41150	77720	86860	147330	141791	128661	96900	88361	101500	65360	98120	75890	123360	72170	101150	78591	89451	57890	85080	80470	135061	146730	56140	150971	20680	85810	112730	143021	82730	63360	15540	38240	90870	79860	72311	127831	24330	92330	134431	139891	21780	
83310	102210	28220	136471	130830	89890	119180	98480	32540	67460	56350	47360	69021	8280	125000	58190	49540	119130	59600	41540	148390	64790	125850	98260	96720	61250	132141	66850	74060	36250	37250	58850	129851	0	104370	96681	95580	86310	155611	73620	91960	62870	63930	6830	91610	93180	47960	113210	76820	53240	47700	54780	72860	45150	23770	83260	39560	85810	80800	164621	119470	68630	93980	49610	17910	26610	70720	47000	112600	90890	95370	69870	44870	118590	80120	52720	48380	90270	66580	65170	22270	56680	104520	22840	115051	54230	83711	23040	94280	88190	122111	140131	76450	98770	62410	12890	149601	81890	19630	11660	115091	
24880	38570	79800	58220	79180	34060	21260	10940	105661	43840	114270	103900	69730	111990	72430	62860	64740	16130	94250	117480	50110	43790	27930	64240	81640	87910	58030	44070	34360	109411	83760	53440	49520	104230	0	33020	30640	74020	75280	80750	109111	41650	65020	110130	69251	14010	99700	48250	31960	94820	57990	58410	62780	59340	95501	21630	66030	26630	28300	79780	19700	41640	87230	110590	115560	92671	58400	59220	107451	62840	51350	39810	86350	83900	53320	57640	57150	55370	46850	44390	108840	103070	63860	119161	39880	51470	64900	106391	83470	19250	41780	65450	83610	31990	45000	97670	69270	50240	99181	113660	40960	
33270	63950	78251	41620	104000	49940	26040	22750	107671	46930	97970	106020	78520	105271	97250	49261	52751	46530	104670	104741	63620	36790	30170	34760	55530	98330	37290	32341	37700	111421	85770	55450	36260	97511	33370	0	51000	50360	62020	92000	83241	39270	70530	103411	43070	24020	101940	73680	35610	99360	55051	60440	75590	53311	97511	26570	59311	17640	26820	66520	36250	44730	61360	112710	108851	94681	63910	55421	79260	36390	74280	42900	88740	53940	68160	45651	56511	28920	52090	47480	101981	113490	33900	118031	20200	52820	81220	108401	57600	30370	28520	45280	61520	55810	39080	94731	56010	59340	101191	106951	20240	
20080	15700	68220	86870	55470	6410	49910	31350	91490	31260	108770	77910	40940	103400	48720	58990	57620	35570	65460	110020	110940	37840	56580	73160	87811	59120	86520	47260	26670	93680	67510	37080	78170	96020	30610	51060	0	80210	103930	51960	115282	35700	40730	100561	75111	27730	71780	25430	24600	66030	50530	41980	33990	51880	81710	24870	58570	35700	30310	108430	48350	29060	93401	82650	108100	78880	34070	51760	113622	69881	25750	26830	68220	97070	24530	50550	47190	63470	29940	31810	101380	74280	76230	105940	68530	41680	36110	92600	89641	22760	70430	94100	89420	6660	39050	85431	97920	21450	85390	106200	69470	
62590	93700	71040	70840	132111	77900	73630	63220	102840	59620	53110	104390	87690	88650	125361	31530	39140	87900	109620	64660	111200	46790	77520	22870	16660	107200	65400	38140	58930	106700	84430	60060	79280	86240	74450	50180	80700	0	105700	101170	39830	49260	75320	91760	12040	62480	101700	103750	61080	102310	49100	63790	85670	44160	91290	55900	49860	48290	52580	110200	82130	58290	18460	111080	82430	89200	73080	47530	41260	17800	97960	58050	89240	38400	82930	38810	55180	22870	62000	57330	69120	113710	28910	108180	59860	54870	93920	102570	15760	59820	68530	73380	15380	85510	44460	85100	97740	76830	93610	86670	59440	
91260	110340	136191	49940	150950	106570	55660	75820	167291	104920	157480	165640	136510	166221	144200	107201	110691	81070	162720	163061	93520	95020	54450	87040	104780	156320	51300	90281	95690	171041	145390	113440	25800	155451	74780	61890	103510	105930	0	149990	134981	97260	128520	161351	98030	81740	161560	120020	93600	158980	112991	118430	133580	111251	155751	84560	117251	75630	84810	7760	66150	102720	113080	172330	169801	153661	121900	113361	126950	90360	123120	100890	148360	94660	126150	103591	114451	82890	110080	105470	160061	171730	81140	181241	45680	110810	137730	168021	108950	88360	38231	57280	117090	104860	97311	152831	18340	117330	159431	167901	46780	
63480	46420	54441	131510	59180	48170	100090	79920	51690	50780	118220	35800	13990	78840	53350	74470	68260	85380	22690	108590	139860	62010	106760	104870	114810	16910	127180	68820	57180	53010	38300	44290	124910	72930	80790	91720	52030	101580	150670	0	136190	57340	28060	74590	104700	75330	30600	57000	57490	24290	55030	40020	18340	59920	51240	67520	64030	76360	66200	155170	98530	52430	118910	38440	88470	47220	29150	57190	140621	99711	33840	50200	34030	130580	28230	66350	49090	95180	41820	48490	89700	30070	109520	71640	110090	49140	19090	57580	116210	68220	117170	135170	106550	50500	61460	60670	144660	36350	54840	82220	110130	
97782	129212	94980	94851	168081	113630	104671	98721	123180	94760	40760	129300	122830	92380	161331	63610	70340	122971	139820	57610	143321	82520	106471	50601	31621	139210	89411	75550	94660	126890	112750	94290	108231	91890	109811	83061	115892	39850	134651	136310	0	84990	108550	96210	41621	97982	128940	138942	97420	132260	81180	96430	120810	76240	113300	91092	75880	83792	88672	139151	114881	93550	22461	135990	84140	113390	108220	79610	23530	48541	133100	93780	120070	50310	118070	70890	87390	55521	97140	92470	71200	138620	53081	111900	88811	88860	129060	113680	27361	95012	97481	94100	30790	120702	80190	100660	126691	112450	109160	88870	88391	
20940	46630	40180	78930	85041	30870	56790	36090	70371	11480	75120	68260	43740	70760	78291	25340	23970	56720	68640	76070	86000	5900	63460	49710	62481	63550	74600	13660	11900	74121	48300	17420	72330	63010	41960	39140	35770	49770	98090	57220	85460	0	33900	68910	49781	30800	64060	56811	14660	61330	16980	22410	41720	18120	59080	20880	24810	24300	18310	102590	57080	10150	67100	74950	74340	56990	29130	18210	88292	44551	51350	11020	50710	75420	38580	16900	18050	40020	18050	12030	67620	77580	54360	81460	57510	13710	49970	70710	64311	25810	64590	82590	55820	38960	5460	56660	92080	29760	62760	72440	57550	
41880	39680	39020	109910	71500	36920	81500	59930	51610	29180	90220	43470	14620	70780	65670	46470	40260	74500	40400	91170	138850	38980	88170	80190	88800	34060	105580	44140	35580	55350	28230	16700	103310	64400	64890	70120	40780	75570	129070	28000	108190	33910	0	66530	78690	53730	37340	50550	35890	34060	27030	12020	15350	31920	44390	45920	36030	54760	44600	133570	80050	30830	92900	50630	80410	40370	6790	29190	114611	75031	37020	28600	27750	105900	19230	38820	21090	70500	20220	26890	77820	49220	84840	67970	88490	21140	26270	54100	90200	46620	95570	113570	78550	40110	36780	51540	123060	22560	47990	74160	88530	
89100	105000	32750	142491	133080	94241	125200	104500	31480	71990	60510	48300	71271	6550	127250	64210	55560	125150	60540	45700	154410	70810	131870	104280	101890	62190	138161	72870	79850	35190	39500	62811	135871	6810	110390	102701	99831	91850	161631	75370	96350	68890	66180	0	97630	99200	48900	115870	82610	54230	53200	58151	75110	51170	24760	89050	45580	91830	86590	170641	125490	73160	99150	48550	18300	27600	72970	53020	116990	96910	97620	74400	47030	123760	82370	58740	52910	96290	70931	69700	26350	56360	110540	17610	121071	58760	85961	21980	99450	93980	128131	146151	81620	103300	68430	16640	155621	86241	20620	11540	121111	
57151	88581	74960	59230	128631	73821	65880	58091	106760	61011	62680	108310	90930	96800	121881	35450	43060	82340	113300	75040	104450	47011	69540	11260	13690	110740	53790	37961	55891	110620	88350	63300	71300	91640	69180	42430	75261	12020	97720	104410	41161	49791	78560	97540	0	57351	105620	98311	57441	105990	53020	67030	88910	48080	95210	50461	53780	43161	48041	102220	76090	59681	19280	115000	90950	93120	76320	51450	39501	7240	98671	58301	93160	30410	85901	42730	58420	14890	65240	60570	77640	117630	17300	112150	51880	58110	97160	106490	15520	54381	60550	61770	24880	80071	44991	89020	89760	77081	97530	95190	51460	
13710	40860	68630	64250	80910	27840	28950	7380	94491	32670	102540	92730	61840	100810	74160	51180	53320	29120	87990	105430	57900	32620	35620	53620	70200	81650	59920	32390	23190	98241	72590	42270	57200	93070	14360	24460	27910	62570	82960	75320	97671	30480	53850	98960	57521	0	88530	50590	20790	85800	46820	47240	57980	48170	84331	10460	54860	15190	17130	87460	29240	30470	75790	99420	104390	81501	47230	48050	96011	51400	51190	28640	75180	75340	48520	46220	45980	43930	35680	33220	97670	96810	55300	107991	42830	40300	60100	95221	72030	8080	49460	67910	71880	32720	33830	85690	76950	41750	88011	102490	42870	
76600	67540	35290	141520	87150	68500	116400	94830	22730	60670	101660	6590	32930	52880	81320	72280	65900	106110	12490	86850	167750	67820	123910	109030	115710	14490	137190	72980	69280	23550	18500	47590	134920	47630	99790	101730	72360	101940	160680	30630	128850	64160	37280	48630	105700	88630	0	78410	70510	7070	53040	42090	38670	57900	24780	79550	58350	86890	77090	165180	115790	63010	118530	13750	62510	21490	44070	55050	139290	102350	59270	62060	16490	134670	48560	65150	47890	99340	54500	58380	67960	15070	113680	44230	120100	51330	44970	30170	116460	81520	127180	145180	101000	70830	65620	38600	154670	56680	28100	56260	120140	
43860	11130	84770	103820	48570	27760	66860	54430	99290	51330	130491	84190	48460	120600	41820	79180	77810	50180	71740	131741	89890	59161	73530	96490	111271	65400	103630	68581	48500	100850	76230	55010	95120	113330	48660	74240	25630	103670	120880	56970	138742	57021	50650	116350	98571	50810	78060	0	46760	72310	70640	57990	41390	72070	93120	48650	78760	59030	54090	125380	65300	49130	116861	88980	128930	88370	44080	71950	137082	93341	24080	46900	75750	120400	32410	70740	65120	86800	47220	51880	122490	80560	99560	118740	85480	59670	38690	103680	113101	45840	87380	111050	110741	21410	60371	100270	114870	32180	97570	124170	86560	
7620	36361	52260	74920	75192	20020	48620	27050	78121	14280	88550	74690	43850	84440	68442	38770	37430	44220	70000	89500	77570	16480	55290	56940	69941	63660	70590	25900	3190	81871	54730	24300	68320	76690	32010	35130	24610	61030	94080	57330	97412	14340	35860	82590	57241	20850	70490	46421	0	67760	30450	29200	40920	31800	67961	10930	38490	19770	11050	98580	47170	12080	75531	81380	88020	65131	29240	31680	95752	52011	45391	9900	57140	81140	33490	30330	29610	47250	17640	14830	81300	78820	60300	91621	53500	23930	46550	78851	71771	14050	60580	78580	68060	28110	17690	69320	88070	24670	71641	86120	53540	
73790	61640	38090	138860	80720	62600	113590	92020	29070	57860	105690	12370	27030	58830	74890	72690	66310	100210	7560	90880	160410	66420	121220	107630	116120	8060	134530	71580	66470	29890	20680	44780	132260	53580	95220	99070	66460	102350	158020	24200	132050	61350	34030	54580	106110	85820	7170	72510	67700	0	53450	39280	32770	58310	30930	76890	60120	84230	74430	162520	112990	60200	119140	17200	68460	26940	40820	55460	141270	102471	53370	59250	16320	133340	42660	65560	48100	97940	51690	55570	71990	17100	112280	50380	117440	48580	39070	36320	116870	78710	124520	142520	104200	64930	64220	42960	152010	50780	34250	62210	117480	
37010	60030	23830	93191	97170	45200	73190	52490	55630	23440	63790	57180	42110	55550	91221	19440	13230	72800	61280	64740	102400	18900	79860	57860	62870	58860	88861	24060	27760	59490	37190	16990	86571	47800	58040	53401	50420	49100	112331	55490	81160	16880	27590	53660	52860	46880	53360	70740	30520	53970	0	15470	42840	4890	44080	36960	9600	40700	34500	116831	73200	23550	65890	63870	59130	41990	32160	2160	88020	50490	59840	24790	40900	81830	42050	12110	6430	49730	24300	21150	52410	66500	64120	65170	71771	11940	53040	55710	63620	41890	78831	96851	51520	53610	16700	40310	106321	39610	47760	57230	71811	
35250	47080	27010	100020	82350	36460	75050	53480	50330	19320	78200	46310	26640	62230	76520	34450	28240	69570	46690	79150	104010	27530	81720	68740	77290	44270	95690	32690	27930	54080	26350	5940	93420	54870	58440	60230	42050	64060	119180	40020	96170	22510	12120	58911	67180	47280	42110	57950	29160	39380	15010	0	27370	19900	40550	38050	24010	45390	35590	123680	73600	21660	80900	53000	69690	37720	17300	17170	103030	63581	45020	20710	28760	94450	27230	26800	9070	59050	13150	17030	65810	55630	73390	64210	78600	9690	38220	51440	78630	40170	85680	103680	66530	45240	25330	43781	113170	28460	44230	65610	78640	
46970	30730	50840	115000	56150	30180	82100	61930	58500	34650	105560	44290	8660	79720	50320	59140	55600	67760	31840	106510	128920	46320	88770	89220	99160	25500	110670	53170	40670	60060	37170	28640	108400	73340	62800	75210	34040	85930	134160	18340	120860	41690	15400	75470	89050	57930	38160	41600	40980	32410	42370	27360	0	47260	53330	51010	51370	59850	49690	138660	80540	35920	103260	49030	89350	49310	15300	44530	124971	84061	22540	33690	36690	114930	10240	50700	36430	79530	25310	32360	87870	40660	93870	76910	93580	34370	10920	63040	100560	51710	100660	118660	91220	32510	45810	60480	128150	18360	56930	83100	93620	
38870	61890	26950	92811	100301	47060	74740	54040	58750	26190	59980	60300	47040	52940	93551	15120	8910	74660	65530	60930	103950	20350	81410	54810	58550	63110	88481	23190	29620	62610	40340	21920	86191	45190	59900	53021	52280	44780	111951	60420	76840	18430	32520	51090	48540	48740	57610	72600	32390	58220	5150	20400	47770	0	47200	38820	6990	42150	36360	116451	75030	25410	61570	66990	56520	45110	37090	3580	83700	47440	64530	26650	45150	77510	46980	9060	11360	46680	28570	23900	49800	69620	61070	65700	71391	16820	57970	58830	59300	43750	78451	96471	47200	55470	17970	42570	105941	43880	50880	54620	71431	
74591	81700	21270	135661	109711	76190	112231	90661	14760	57641	77800	24790	49791	28730	103881	61660	53660	110150	37030	62990	141191	61060	118901	101050	105090	38680	131331	66220	65341	19200	17610	45611	129041	23480	95621	95561	81780	91320	154801	52410	113410	58720	44700	24480	95080	84461	25390	93220	68101	31260	43670	40470	53630	47330	0	74541	43680	81881	72081	159301	110781	58651	103860	30250	38360	4640	51490	44910	124620	93680	76140	59891	24120	124050	60890	55300	41130	92580	52880	55351	43810	34110	106920	23990	114241	46321	64481	12060	104160	79471	121301	139321	86330	83480	58860	15080	148791	67260	4010	32110	114281	
6700	38660	58800	65970	78430	23370	38170	16600	84661	22840	94860	83010	53870	90980	71680	42560	43740	36320	80020	96110	67120	22790	44840	48280	62951	73680	61640	23770	13360	88411	62760	32440	59370	83230	21560	26180	24810	55350	85130	67350	90422	20650	45880	89130	50251	10400	78930	48390	10960	76350	36990	37430	50940	38340	74501	0	45030	10820	7300	89630	36720	20640	68541	89700	94560	71671	39260	38220	88762	45021	48710	18810	65730	72190	43510	36640	36150	38590	27660	23390	87840	88840	51350	98161	44550	30470	55630	85391	64781	5500	51630	69630	64660	29620	24000	75860	79120	34690	78181	92660	44590	
45100	68120	24390	98261	106010	53290	80970	60270	56440	32250	55990	58710	50790	47300	99781	20000	12760	80890	67430	56940	110180	26580	87640	60070	63430	65010	93931	28640	35850	60300	41100	25900	91641	39550	66130	58471	58510	49660	117401	64170	75910	24660	36270	45450	53420	54970	58350	78830	38610	60120	9490	24150	51520	6940	43790	45050	0	47600	42590	121901	81260	31640	65590	65400	50880	42800	41000	8790	86350	52700	68680	32880	47050	82390	50890	14510	15270	52080	33210	29960	44540	68030	66330	60060	76841	20850	61880	54400	64180	49980	83901	101921	48060	61700	24200	36930	111391	48520	45440	48980	76881	
17400	48740	63960	57150	88790	34070	36640	15910	92181	31440	88670	90530	62650	93880	82040	38810	41360	40680	88800	93350	65590	23260	43310	39460	56040	82460	52820	20260	22140	95931	70280	39960	50550	86120	27140	17360	35510	48420	76310	76130	83511	23780	54660	92020	43651	15170	86450	58470	19740	83870	40760	44950	59720	41900	82021	10700	47920	0	11330	80810	36930	29240	61630	97220	97460	79191	48040	41990	81851	37240	59070	27410	73250	63370	52290	34260	41830	29770	36440	31990	90590	97620	42530	105681	35730	37330	65350	92911	57870	14500	42810	60810	58010	40320	25550	80440	70300	43470	85701	95560	35770	
12150	44110	56360	66190	83880	28820	43640	22900	82221	20400	90230	80570	52620	88540	77130	37540	39680	43070	78770	91370	72590	18850	50310	48470	61471	72430	61860	18750	11170	85971	60320	30000	59590	80790	28310	26400	30260	52560	85350	66100	88942	17800	44630	86690	48771	17150	76490	53840	11080	73910	34550	34990	49690	35900	72061	7230	42590	11560	0	89850	43470	18200	67061	87260	92120	69231	38010	35780	87282	43541	54160	16370	63290	72410	43480	32580	33710	38780	25560	20950	85400	87590	51570	95721	44770	28030	56540	82951	63301	12160	51850	69850	61870	35070	20150	73420	79340	34660	75741	90220	44810	
95880	114960	140811	51520	156650	111190	60280	80440	171911	109540	162100	170260	141130	172511	149900	111821	115311	85690	167340	169351	99030	99640	59070	91660	109400	160940	54510	94901	100310	177781	150010	118060	30480	164761	79400	66510	108130	110550	7780	154610	139601	101880	133140	170661	102650	86360	166180	124640	98220	163600	117611	123050	138200	115871	160371	89180	121871	80250	89430	0	70770	107340	117700	176950	176091	158281	126520	117981	131310	94980	127740	105510	152980	97870	130770	108211	119071	87510	114700	110090	171501	176350	85760	187531	50300	115430	143430	174761	113570	92980	42390	58860	121710	109480	101931	157451	18980	121950	164051	174191	51400	
39550	54790	94470	49640	95400	51020	11770	22330	120331	58510	124530	118570	87050	126650	88650	74670	76890	25520	111860	129590	38600	58460	16540	67310	84820	105230	49450	55960	49030	124081	98430	68110	40940	118900	19230	35780	47960	82540	66700	98070	115001	56320	79690	124800	76320	28680	114370	64470	46630	111640	72660	73080	80100	74010	110171	36300	80700	36890	42970	71200	0	56310	93120	125260	130230	107341	73070	73890	107760	69640	67570	54480	101020	79580	70640	69790	71820	62170	61520	59060	123510	122060	62400	133831	31300	66140	82180	121061	88990	33920	33200	56870	93700	49310	59670	112340	60690	66480	113851	128330	32380	
18640	38290	43200	84020	76701	23460	58260	36690	69061	4770	81650	67100	38890	76350	69951	31870	30500	53680	65040	82600	87220	14380	64930	59500	71630	58700	79690	23450	9330	72811	47140	16190	77420	68990	41650	44230	29050	58400	103180	52370	93590	10240	30900	73610	59571	30490	62900	49000	12090	60170	23410	21610	35960	24760	58901	20570	31450	29390	18110	107680	56810	0	75730	73790	80980	56071	24280	24640	97441	54341	43010	3050	49550	85210	30240	23430	20550	49810	11830	5320	74260	73860	64150	82561	62600	14870	43300	69791	73030	24280	69680	87680	63950	32240	15250	60260	97170	21420	62581	79080	62640	
75501	106931	84620	72570	146981	92171	82390	76440	116670	77150	54100	118940	105220	95100	140231	48540	56150	100690	126630	69100	121040	64320	84190	28320	9410	124210	67130	55620	74241	120530	101440	77590	85950	93980	87530	60780	93611	18660	112370	118700	22991	66790	92850	98930	19340	75700	118580	116661	75791	119320	66110	81320	103200	61170	104020	68811	65520	61510	66391	116870	92600	75820	0	125630	87840	103030	90610	64540	23730	26260	115490	75580	106250	28740	100460	55820	72320	33240	79530	74860	74530	128260	30800	114620	66530	72400	111450	113210	5080	72731	75200	72300	19330	98421	61990	96820	103520	94360	105670	92080	66110	
87500	78380	42550	151960	93320	79340	127300	105730	17200	71570	104380	11430	43770	54260	88250	81630	75250	117300	21230	89570	178590	78260	134350	119470	125060	23860	147630	83420	80180	14990	28380	58490	145360	49340	110690	112170	83200	111290	171120	38400	136110	75060	50570	48290	115050	99530	13740	89300	81410	17160	63480	52990	49510	67300	29950	89990	65610	97330	87530	175620	126230	73910	125790	0	64220	26660	57360	64880	146550	112790	69690	72960	27390	144020	59400	75270	58330	109780	65400	69280	70300	10390	124120	38670	130540	61770	55100	26230	125810	92420	137620	155620	108260	81670	76060	42580	165110	67520	31450	57970	130580	
94950	117970	43730	148111	147370	103140	130820	110120	47360	82100	44280	62450	85371	12240	141540	68030	61180	130770	74690	28560	160030	76430	137490	99980	90580	76340	143030	78490	85700	51070	53600	74350	141491	17990	116010	108321	108360	82510	170241	89470	84070	74510	80280	18340	90830	104820	63050	128810	88460	68330	59340	70290	89210	56790	38860	94900	51200	97450	92440	176261	131110	81490	87840	64430	0	41700	87070	58640	105320	92610	111910	82730	61130	112450	96470	64360	63460	94940	81660	79810	13710	71770	106220	31690	126691	69310	100061	37860	88140	99830	133751	151010	70310	111550	74050	30030	161241	96970	34720	6960	126731	
71541	77300	19440	133461	105311	73140	109181	87611	14770	54591	81400	21160	45391	32330	98970	59640	52340	107100	33300	66590	176820	59040	115851	99030	103070	34930	129131	64200	62291	18630	13210	42561	126861	27080	92571	93541	78730	89300	152621	48010	112860	56700	40300	28080	93060	81411	21660	88170	65051	26870	41650	37420	49230	45310	4460	71491	42360	78831	69031	157121	107731	55601	102540	26620	41960	0	47090	42890	123300	91660	71740	56841	19720	122030	56490	53280	39110	90560	49830	52301	47410	30480	104900	28040	112041	43271	60081	14170	102840	76421	119121	137121	85010	79080	56840	18670	146611	62860	8060	35710	112081	
35090	33120	43860	103120	67790	30130	74710	53140	58380	22390	94950	50240	15680	77550	61960	46400	44930	67710	41830	95900	132290	33620	81380	76480	86420	35490	98790	40430	28790	62120	35000	15900	96520	71170	58100	63330	33990	73190	122280	29160	108120	28950	6830	73300	76310	46940	44110	43990	29100	40830	31700	17080	15410	36590	51160	39130	40760	47970	37810	126780	73260	24040	90520	57400	86540	47140	0	33860	112231	71321	30460	21810	34520	102190	12670	37960	25760	66790	13430	20100	82660	50650	81130	74740	81700	21630	23660	60870	87820	39830	88780	106780	78480	33320	33070	58310	116270	15770	54760	80930	81740	
38240	61260	24900	94121	99240	46430	74420	53720	56700	24870	62860	58250	44180	54750	92921	18000	11790	74030	62910	63810	103630	20130	81090	57500	61430	60490	89791	24490	28990	60560	38290	19060	87501	47000	59270	54331	51650	47660	113261	57560	79720	18110	29660	52900	51420	48110	54990	71970	31750	55600	2290	17540	44910	3450	45150	38190	8800	41930	35730	117761	74430	24780	64450	64940	58330	43060	34230	0	86580	50130	61910	26020	42530	80390	44120	11750	8500	49370	26370	22580	51610	67570	63760	66240	72701	13960	55110	56780	62180	43120	79761	97781	50080	54840	17930	41380	107251	41680	48830	56430	72741	
95751	127181	105520	80970	167231	112421	97320	96690	137570	98920	62280	139840	126990	112740	160481	70660	78270	120940	148750	79130	135970	85611	99120	46910	26451	146330	75780	76400	94491	141430	123290	99360	100880	112250	107780	79260	113861	41480	126900	140470	23480	88391	114620	116570	39590	95950	139480	136911	96041	141440	88230	103090	124970	83290	124920	89061	86420	81761	86641	130860	107530	97590	23900	146530	105190	123930	112380	86660	0	46510	137260	96901	128370	32960	122230	77940	94440	53490	101300	96630	92140	149160	45830	132260	81460	94170	133220	133920	25990	92981	90130	78870	40230	118671	83591	117530	112850	115681	126570	109720	81040	
51891	83321	73850	55560	123371	68561	59290	51900	105650	55751	66980	106410	86371	98420	116621	35570	42380	75750	109840	78000	97860	41751	62950	7370	20620	106181	50120	32701	50631	109510	86160	58841	64710	90960	62590	35840	70001	17830	90470	99851	48091	44531	75100	96860	7250	51160	102330	93051	52181	102530	50850	63570	84351	47060	94100	45201	53060	36970	42781	94970	69500	54421	26210	113100	92590	92010	71761	50300	46431	0	93411	53041	89870	32950	80641	39410	54960	8300	60681	56011	79280	115730	13630	111470	45290	54650	92601	105730	22450	49121	53960	58100	30580	74811	39731	88340	83170	71821	96850	96810	44870	
43920	13500	71830	106100	42090	26740	69140	54490	79270	45250	121100	65060	29760	102290	35340	71320	69950	52460	52610	122050	103540	53450	75810	96550	111331	46270	105910	62870	45910	80830	59740	43870	97400	95910	50940	74300	25690	98110	123160	33800	133040	51310	37100	98040	98631	50870	58930	24080	44941	53180	59670	45050	22710	64030	75900	48710	68730	59090	53771	127660	67580	43050	115440	69620	112110	71880	30530	61830	137142	93401	0	40820	59260	120460	18930	62880	53730	86860	36180	43230	110440	61250	99620	100430	87760	48630	15520	85160	112740	45900	89660	113330	103400	22510	54660	83050	117150	22320	79500	105860	88840	
15900	36000	44440	82190	74411	21170	56360	34790	70170	5260	82890	66150	36600	77590	67661	33110	31740	50880	62750	83840	85320	12910	63030	58380	71151	56410	77860	22330	7500	73920	46190	15760	75590	70230	39750	42400	26760	58440	101350	50080	94130	10770	28610	74850	58451	28590	61950	46710	9810	59220	24650	20660	33670	26000	60141	18740	32690	27560	16280	105850	54910	3060	75770	72840	82220	57311	21990	25880	96962	53221	40720	0	48600	84090	27950	24670	21790	48690	9540	5810	75500	71570	63030	83801	60770	16110	41010	71031	72981	21480	67850	85850	64490	29950	14120	61500	95340	19130	63821	80320	60810	
63250	64750	25930	128320	90850	64200	103050	81480	29440	47320	94070	20690	32841	51350	85020	59630	53250	98050	23910	79740	164270	55170	110710	96380	103060	23300	123990	60330	55930	31000	8530	34240	121720	45190	86440	88530	68060	89290	147480	34060	119890	50810	27750	47100	93050	75280	16490	75620	57160	16350	40390	28740	36680	45250	23860	66350	47060	73690	63890	151980	102590	49660	106080	27380	60980	19840	34540	42400	128210	89700	59190	48710	0	122020	43940	52500	35240	86690	41150	45030	60850	30010	101030	47440	106900	38040	47500	33570	103810	68170	113980	131980	91710	66530	52970	32930	141470	50310	27460	54730	106940	
78590	109930	103980	49080	149980	95260	69200	73600	135780	86340	82020	137330	116960	119650	143230	64470	72080	94330	140480	94620	106780	72340	69750	27520	22460	136770	43890	63290	80870	139800	117370	89430	71510	118530	84220	53900	96700	38220	94700	130440	50560	75120	105740	123480	30480	74870	134640	119660	80930	133170	82040	94210	114940	77100	124230	71890	82800	62960	72140	97850	79410	85010	28840	144020	112390	122140	102350	80470	32990	32830	120260	83630	122180	0	111230	71750	87460	37770	91270	86600	99080	146650	21670	139170	52090	85290	123190	135510	26110	75690	59020	46980	43970	101510	70320	118040	80650	102410	126550	116630	51670	
39240	21600	54130	107510	58401	20780	72700	52530	67810	32180	105220	54170	16670	86980	51651	56670	55200	58360	41720	106170	120770	40720	79370	86190	96690	35380	103180	50140	33180	69940	44430	26170	100910	80600	53400	67720	24640	83460	126670	28220	118390	38580	19400	82730	86261	48530	48040	32470	33490	42290	41970	27350	10250	46860	60590	43520	51030	52360	43520	131170	71140	30320	100790	58910	96610	56570	12830	44130	122501	81031	18740	28090	43950	111900	0	48230	36030	76500	22840	29890	92930	50540	90840	84410	86090	31900	16170	70300	98090	42700	93170	111170	88750	23110	41930	67740	120660	9300	64190	90360	86130	
37080	60180	34930	84971	98591	45350	69970	49240	66730	24720	59060	68280	52790	60220	91841	9280	7470	72860	72760	60010	99180	16010	74371	46770	52710	70340	80641	15350	27910	70590	48320	24250	78351	52470	58100	45181	50570	38940	104111	66270	71000	16600	38570	58370	42700	46940	64920	70890	30670	65450	11930	26450	50770	8270	55180	37020	14270	34310	33270	108611	70260	23700	55730	74970	63800	53090	38180	11380	77860	39400	63060	24940	52460	71670	48030	0	17720	38610	27100	22430	57080	77600	53030	72980	63551	18820	59020	66810	53460	41950	70611	88631	41360	53760	13570	49850	98101	42410	58360	61900	63591	
36330	54630	22920	95061	91040	41650	73970	52400	52820	19220	69290	51690	35770	55900	85210	25480	19270	71900	55440	70240	102930	20770	80640	61980	68900	53020	90731	25930	27080	56590	31440	11030	88441	48540	57360	55271	47240	55140	114201	49150	87200	18430	21250	53160	58790	46200	47610	65340	29840	48130	6040	9130	36500	10930	41270	36280	15100	42240	33820	118701	72520	20390	71930	58380	62880	39180	26030	8200	94060	55300	53710	21630	35150	87690	35920	18150	0	52290	18340	16930	57910	61010	66630	63650	73641	5990	46910	52900	69660	41210	80701	98721	57560	50430	18570	39810	108191	33650	44950	59280	73681	
45200	76540	72820	55220	116590	61870	51890	44500	104620	51150	71180	103720	81770	97980	109840	34900	41710	68350	105290	82200	90360	37150	55550	10790	27750	101580	49780	28100	45680	108480	83470	54240	57310	90230	55190	28440	63310	22850	83070	95250	55221	39930	70550	96130	15050	43760	99640	86270	47230	97980	49810	59020	79750	46030	93070	38500	52030	29570	38220	87570	62100	49820	33340	110410	94980	90980	67160	49270	53561	8370	86870	48440	87180	37770	76040	38320	52270	0	56080	51410	81670	113040	17240	110740	37890	50100	88000	104700	29580	42300	46560	57760	34780	68120	35130	87610	75770	67220	96120	97790	37470	
23760	36650	39380	91520	74111	24370	63560	41990	62650	10200	85370	58630	28280	74150	67361	35590	34220	57920	54430	86320	92520	22240	70230	65670	75610	48090	87190	29620	16830	66400	38670	8240	84920	66790	46950	51730	29960	62380	110680	41760	97310	18140	20290	71410	65500	35790	54430	47360	17670	51700	23990	13140	25350	28300	52870	27700	33120	36540	25610	115180	62110	11840	79710	65320	81130	50040	13670	26150	101421	60511	36400	9610	41080	91380	22610	27150	18350	55980	0	7910	75930	63250	70320	76530	70100	12900	33600	63760	77010	28680	77180	95180	67670	33150	22260	56591	104670	15750	56550	77530	70140	
21400	41050	39720	86780	79461	26220	61020	39450	65601	2990	80730	62480	34920	72870	72711	30950	29580	56440	61070	81680	89980	16210	67690	61030	70970	54730	82450	24980	12090	69351	42520	11570	80180	65510	44410	46990	31810	57740	105940	48400	92670	12070	26930	70130	60860	33250	58280	51760	14850	55550	20920	16990	32400	23660	55441	23330	29860	32150	20870	110440	59570	5330	75070	69170	79390	52611	20310	22420	96781	55871	43450	5810	44930	86740	29660	22510	17070	51340	7910	0	72670	69890	65680	79101	65360	11390	40650	66331	72370	27040	72440	90440	63030	35000	17080	56780	99930	22800	59121	76250	65400	
87470	110490	39170	134470	145670	95660	123340	102640	53700	74620	34200	67400	83861	21860	139840	54350	50970	123290	79640	19390	152550	68950	130010	86300	76900	80010	129350	70480	78220	57410	53550	68270	134011	22410	108530	100821	100880	68830	159771	90620	70860	67030	77770	26260	77150	97340	68000	121330	80980	72690	51860	65730	87700	49310	43810	87420	43980	89970	84960	171221	123630	74010	74160	70770	13510	46650	82770	51160	91960	78930	110210	75250	60870	98770	92660	56880	57640	81260	75580	72330	0	76720	92540	41330	114940	63220	98551	44200	74460	92350	123910	137330	56630	104070	66570	31270	153120	90890	39670	18130	114520	
84870	69970	45170	152940	84910	70930	122850	102680	25110	72170	110820	12750	35360	61750	79840	84250	77870	108540	12820	96010	170180	80880	129550	122090	127680	15450	148610	86040	78570	24920	31000	61110	146390	56500	103550	113110	74790	113910	172150	29990	138730	77680	49370	56480	117670	96720	15060	80840	78880	16980	66100	55610	41100	69920	33650	88910	68230	97750	87590	176650	121320	73820	128410	10350	71380	30360	50540	67500	149170	115410	61280	71590	30010	146640	50990	77890	60950	112400	63210	69880	76830	0	126740	46910	131480	64390	46690	34470	128430	89610	138600	156600	110880	73260	78680	48100	166140	59110	36970	65130	131520	
57810	89150	87370	42350	129200	74480	51950	53590	119060	65360	78050	117930	95980	111940	122450	49090	55900	77080	119500	90440	89530	51360	53750	7960	22780	115790	36910	42310	59890	122830	97680	68450	55510	104480	64210	33890	75920	28880	81270	109460	53021	54140	84760	110380	17290	54860	113850	98880	60150	112190	64370	73230	93960	60580	107510	51110	66580	42180	51360	85770	62160	64030	31140	124620	106110	105420	81370	63820	45800	13510	99480	62650	101390	21740	90250	52930	66480	17370	70290	65620	92800	127250	0	124990	36090	64310	102210	119140	26950	54910	44760	44890	40000	80730	49340	101860	73300	81430	110370	110330	35670	
97821	107280	42010	156661	130770	100020	135461	113891	21730	80871	75080	42980	72620	22070	124050	78380	69730	133611	55780	59360	164421	83150	142131	118450	117040	57430	152331	87040	88571	24340	40510	68841	150041	22480	118851	116871	105640	108020	181291	71220	111500	80810	67600	17390	111800	107691	44140	118150	91331	50010	64650	63760	76530	65340	23920	97771	59750	105111	95311	187311	134011	81881	114300	38800	31250	27540	74390	65890	132140	111080	99790	83121	47020	138910	83940	72910	63220	110460	76170	78581	40960	46610	124710	0	135241	68970	84660	15140	114600	102701	142301	160321	96770	108670	80950	25760	175281	90310	20090	24490	135281	
51600	75340	96581	26380	115950	68270	20660	40820	126001	65260	110240	124350	96850	123601	109200	64050	70860	46070	123000	117410	58520	55120	19450	41950	58470	116660	22050	50671	56030	129751	104100	73780	19880	115841	39780	20160	68510	59620	45640	110330	88651	57600	88860	121741	51860	42350	120270	85020	53940	117690	73381	78770	93920	71641	115841	44900	77641	35970	45150	50140	31150	63060	66770	131040	127181	113011	82240	73751	81410	45270	88120	61230	107070	52080	86490	63981	74841	37800	70420	65810	115280	131820	36050	136361	0	71150	99550	126731	62640	48700	10990	30040	70780	69860	57410	113221	38340	77670	119521	125281	2640	
30790	49060	28740	92140	86441	36080	68430	46860	56881	13680	75050	55230	35540	61890	79691	27150	24790	66360	55760	76000	97390	18430	75100	59640	68250	53340	87810	23590	21540	60631	34980	5730	85540	54530	51820	52350	41670	55020	111300	48920	88870	13920	21020	59150	58140	40660	51150	59770	24300	48450	11730	9490	34470	16450	46721	30740	20860	37510	28280	115800	66980	14850	72350	61920	68870	43891	21840	13720	94061	54481	48730	16090	37830	85350	31730	18710	6090	49950	12770	11390	63670	64550	64290	69470	70720	0	42720	57611	69650	35670	77800	95800	59230	44860	16230	45800	105290	28080	50401	65270	70760	
50810	28110	62001	120530	45930	32240	83750	63990	65100	42940	115980	50890	16370	90881	40100	67430	65960	67070	38100	116930	78500	53740	90420	97510	107450	31760	116200	61460	46200	66660	48331	36930	112010	84501	64860	80740	36100	94220	137770	19030	129150	49980	26640	86631	97340	59990	44760	38690	46510	39010	52730	38110	11240	57620	64491	55600	61790	65380	56540	143920	82190	43340	111550	54980	100511	60471	23590	54890	133261	92351	15530	41110	47440	123220	16090	58990	46790	87820	33600	40650	99031	46610	102160	85050	99110	42660	0	70990	108850	54160	104270	124190	99510	34570	54100	71641	131760	22610	68091	94261	99150	
85501	91100	32990	147421	117110	87100	123141	101571	9500	68551	78140	29900	58980	28020	109580	73040	64390	121070	42140	63330	152101	72780	129811	112770	115570	43790	143091	77940	76251	13210	27010	56521	140801	23100	106531	107321	92690	102700	166561	57580	113750	70440	54100	22050	106460	95371	30500	103550	79011	36370	55390	51380	63030	59050	11960	85451	54410	92791	82991	174841	121691	69561	112830	26570	37980	14050	60890	56630	133590	105400	85320	70801	33470	135430	70290	67020	52850	104300	63790	66261	44060	34380	118640	15650	126001	57231	71020	0	113130	90381	133061	151081	95300	92880	70580	18860	160551	76660	9600	31730	126041	
71631	103061	85150	68160	143111	88301	77980	72570	117200	74220	58000	118880	102290	95630	136361	46020	53630	96820	124110	70600	116630	61390	79780	24120	4940	121690	62720	52280	70371	121060	98920	74660	81540	94510	83660	56910	89741	15730	107960	115770	27751	63860	89920	99460	15470	71830	116190	112791	71921	116800	63590	78390	100270	58650	104550	64941	64350	57640	62521	112460	88190	72890	5710	125570	88370	103560	87680	62020	26080	22390	112560	72650	103730	26290	97530	53300	69780	29370	76600	71930	75060	128200	26390	115150	62120	69470	108520	113740	0	68861	70790	68050	19950	94551	59060	97350	99110	91430	106200	92610	61700	
6610	35950	63440	69780	76000	22020	35860	14290	89301	26720	99200	85630	54740	95620	69250	46510	48380	34010	80890	100640	64810	27430	42530	52090	66901	74550	65450	27720	16220	93051	65670	35240	63180	87870	19250	29990	23000	59300	88940	68220	94372	25290	46750	93770	54201	8090	81430	45680	14050	78700	41630	40140	51810	42980	79141	5270	49670	14630	11940	93440	34410	24520	72491	92320	99200	76321	40130	42860	92712	48971	46280	21720	68080	76000	42700	41280	40790	42400	28580	27270	92480	89710	55160	102801	48360	35110	54280	90031	68731	0	55440	73440	68610	27810	28640	80500	82930	35210	82821	97300	48400	
58130	77350	103061	17880	117960	73580	22670	42830	133611	71790	119070	131960	103380	130081	111210	72730	77561	48080	129530	126090	60530	61890	21460	50630	67150	123190	17690	57151	62560	137361	111500	80310	14860	122321	41790	28760	70520	68300	38940	116860	97331	64130	95390	128221	60540	48610	127880	87030	60470	125090	79861	85300	100450	78121	122621	51430	84121	42500	51680	42090	33160	69590	75450	138650	133661	120531	88770	80231	90090	53950	90130	67760	114470	58930	93020	70461	81321	46480	76950	72340	123960	138540	44730	142841	11190	77680	104740	134341	71320	55230	0	25110	79460	71870	64181	119701	30120	84200	126301	131761	12290	
76580	100760	120540	10740	141370	93250	46080	66060	152061	90240	122750	150410	121830	148250	134620	87190	94000	71490	147980	135350	83940	80100	44870	51660	64040	141640	8980	74630	81010	155811	129950	98760	37300	140490	65200	45140	93930	72920	57240	135310	94480	82580	113840	146390	61330	67330	146170	110440	78920	143540	97340	103750	118900	96290	140100	69880	102290	60950	70130	58430	56570	88040	72540	157100	150360	138010	107220	97830	78840	57550	113540	86210	132920	47010	111470	88630	98800	57810	95400	90790	137050	156990	44420	161010	29900	96130	124530	152650	68210	73680	24850	0	83900	95280	81660	137250	40500	102650	143780	149930	28630	
71770	99690	67010	82450	138101	83890	84770	72540	99060	65020	39700	101330	93090	77490	131351	33870	41480	97310	111850	52460	122530	52780	88660	35710	22040	109540	77010	45810	64920	102920	84780	64550	90470	76370	83770	61320	88790	15310	116890	106570	30690	55250	78810	81320	24880	71800	100970	109831	67680	104290	51440	66690	91070	46500	86410	65080	47910	57610	61570	121390	93270	63810	19250	108020	70230	85420	78480	49870	40010	30500	103360	64040	91580	43910	88330	41150	57650	34750	67400	62730	56920	110650	40680	97010	71000	59120	99320	95600	19600	69000	79670	84560	0	91980	50450	79210	108930	82710	88060	74470	70580	
24920	11540	71370	88160	51920	9560	51200	36190	90530	34410	111920	76360	39390	106550	45170	62140	60770	36860	63910	113170	106780	40990	57870	78000	92651	57570	87970	50410	29820	92130	67150	40230	79460	99170	31900	55900	6690	85050	105220	50410	120122	38850	39540	103711	79951	32570	70230	21270	28080	64480	53680	45130	32440	55030	83310	29710	61720	40540	35150	109720	49640	32210	98241	81100	111250	79290	32880	54910	118462	74721	22200	29980	66670	101910	22980	53700	50340	68310	33090	34960	104530	72730	81070	108500	69820	44830	34550	93020	94481	27600	71720	95390	92570	0	42200	88581	99210	20260	86910	109350	70900	
23980	49710	39990	77801	88121	33910	59550	38850	70830	16560	71320	69700	47750	69940	81371	21540	20200	59760	71270	72270	88760	2620	66220	44720	57491	67560	73471	8670	14940	74600	49450	20220	71181	62190	45000	38011	38810	44780	96941	61230	80470	5340	36530	68090	44791	33840	65620	59851	17700	63960	16790	25000	45730	17290	59280	23920	23990	25510	20100	101441	59840	15230	62110	76390	73520	57190	33140	18020	83302	39561	54430	14060	53160	70430	41660	13100	18250	35030	22060	17110	66800	79020	49370	81330	56381	16080	53980	70910	59321	28850	63441	81461	50830	42000	0	56470	90931	32840	62960	71620	56421	
75940	88790	19540	133101	116801	79191	112930	92170	26640	58830	65050	38920	56881	20300	110971	55570	46920	112260	50340	50240	142140	58590	119600	95640	99000	50960	128771	63750	66690	31080	25350	47761	126481	12940	97500	93091	84781	85230	152241	61720	100500	56570	51790	16680	88990	85970	38700	100310	69450	43620	40040	43101	60720	42530	15390	75890	36940	80390	73430	156741	112660	60000	96790	42630	29930	18230	58580	41280	117550	88270	83230	61240	32970	117960	67980	50100	39750	87650	55881	56540	31350	48240	101900	26040	111681	45600	71571	19030	97090	80820	118741	136761	79260	87971	56390	0	146231	71191	11250	23680	111721	
85190	104270	130121	33060	144880	100500	49590	69750	161221	98850	148940	159570	130440	157141	138130	101131	104621	75000	156650	155720	87450	88950	48380	79400	94950	150250	38070	84211	89620	164971	139320	107370	23850	149381	68710	55820	97440	97070	18230	143920	126121	91190	122450	155281	89310	75670	155490	113950	87530	152910	106921	112360	127510	105181	149681	78490	111181	69560	78740	19120	60080	96650	103410	166260	160721	147591	115830	107291	112770	82720	117050	94820	142290	80480	120080	97521	108381	75250	104010	99400	153590	165660	72790	175171	38040	104740	131660	161951	99120	82290	29820	40400	108230	98790	91241	146761	0	111260	153361	158821	39140	
30390	21390	54680	98660	59481	17220	69140	48110	73750	23670	100670	62310	24680	89450	52731	50890	49520	54800	49860	101620	117610	31870	75810	77340	90111	43520	94330	41290	24330	77490	50370	23540	92060	82090	49840	58870	21080	77400	117820	36360	112610	29730	22200	86710	77411	41910	56180	32100	24640	50430	39290	28440	18390	43600	66530	34670	48420	43510	34670	122320	67580	21470	94730	67050	96430	62510	15540	41450	115922	72181	22310	19240	49890	103050	9270	42450	33650	67650	15750	22800	91230	58680	81990	90350	77240	28200	22600	76240	91941	35130	84320	102320	82970	20320	33080	71891	111810	0	70130	92830	77280	
78281	85000	24730	139351	114660	79880	115921	94351	15510	61331	73970	27850	53091	24900	107530	64050	55400	113850	40090	59160	144881	64750	122591	104120	107480	41740	135021	69910	69031	19950	20910	49301	132731	19650	99311	99251	85470	93710	158491	55530	109580	62410	48000	20650	97470	88151	28450	97450	71791	34320	47360	44160	56930	51010	4320	78231	45420	85571	75771	162991	114471	62341	105600	31500	34530	7940	54790	48600	126360	96750	79440	63581	27420	126440	64190	58580	44820	96130	56570	59041	39980	37170	110380	20330	117931	50011	67781	9590	105900	83161	124991	143011	88070	86780	62550	11250	152481	70560	0	28280	117971	
92760	113020	39090	145921	141100	100790	128630	107930	41090	78330	51150	56180	79101	5910	135270	67640	58990	128580	68420	35430	157840	74240	135300	103960	94560	70070	141591	76300	83510	44800	47330	69720	139301	11720	113820	106131	106170	86490	168051	83200	88380	72320	74010	11510	94810	102630	56780	123890	86270	62060	57150	65650	82940	54600	32590	92710	49010	95260	90250	174071	128920	79300	91820	58160	6870	35430	80800	56450	109480	96590	105640	80540	54860	116430	90200	62170	59250	97910	77450	76040	17870	65500	110200	24860	124501	65100	93791	31590	92120	97640	131561	149581	74290	109360	71860	23760	159051	92760	28450	0	124541	
51380	76380	96361	25090	116990	68050	21980	40860	125781	65040	109690	124130	96630	123381	110240	63500	70310	47110	122780	116860	59560	54900	20900	41400	57920	116440	20760	50451	55810	129531	103880	73560	20980	115621	40820	19940	69110	59070	46740	110110	88101	57380	88640	121521	51310	42130	120050	86060	53720	117470	73161	78550	93700	71421	115621	44680	77421	35750	44930	51240	32190	62840	66220	130820	126961	112791	82020	73531	80860	44720	89160	61010	106850	51530	86270	63761	74621	37250	70200	65590	114730	131600	35500	136141	2640	70930	99330	126511	62090	48480	12090	28750	70230	70900	57190	113001	39440	77450	119301	125061	0	


0	 Abram                              0		0		32400		0

1	 Preston                            406		4544		23673		812
2	 Meltham                            148		3221		22601		296
3	 Brymbo                             311		4761		24509		622
4	 Morecambe                          443		4189		23728		886
5	 Chorley                            593		1221		21628		1186
6	 Bebington                          416		4210		23168		832
7	 Prescot                            401		3028		22175		802
8	 Leeds                              119		3546		22453		238
9	 Little_Lever                       778		1623		21944		1556
10	 Matlock                            434		2318		21533		868
11	 Baildon                            294		3546		22377		588
12	 Brierfield                         263		4905		23495		526
13	 Darfield                           827		2156		22787		1654
14	 Lancaster                          793		4201		25154		1586
15	 Poynton                            796		1164		21096		1592
16	 Marple                             569		1541		22629		1138
17	 Formby                             167		4634		24499		334
18	 Silsden                            414		1765		20670		828
19	 Chesterfield                       554		993		20401		1108
20	 Donaghadee                         209		5370		25758		418
21	 Urmston                            448		4286		24099		896
22	 Heswall                            601		1119		21943		1202
23	 Crewe                              117		2636		21648		234
24	 Newcastle_under_Lyme               255		1679		22120		510
25	 Glusburn                           134		3727		23291		268
26	 Wrecsam                            294		3748		22525		588
27	 Altrincham                         526		4295		24322		1052
28	 Tyldesley                          437		4692		23707		874
29	 Chapel_Allerton                    307		3006		22906		614
30	 Halifax                            789		1237		21223		1578
31	 Heywood                            390		4616		24290		780
32	 Flint                              567		3389		23936		1134
33	 Barnsley                           639		4979		25658		1278
34	 Kirkby                             509		3946		24596		1018
35	 Frodsham                           520		3880		23679		1040
36	 Euxton                             128		1306		20621		256
37	 Biddulph                           379		4634		23699		758
38	 Rhyl                               115		1894		21323		230
39	 Barnoldswick                       198		831		19984		396
40	 Uttoxeter                          576		5220		25766		1152
41	 Eccles                             125		5132		23544		250
42	 Bacup                              611		2809		22983		1222
43	 Cudworth                           625		3260		23041		1250
44	 Alsager                            276		3241		23670		552
45	 Saint_Helens                       681		3602		23673		1362
46	 Bingley                            652		3562		24233		1304
47	 Freckleton                         352		1312		21817		704
48	 Atherton                           691		1589		22866		1382
49	 Keighley                           410		2807		23353		820
50	 Ashton-under-Lyne                  807		4015		23928		1614
51	 Rochdale                           531		4480		25125		1062
52	 Padiham                            354		3792		22645		708
53	 Hyde                               468		2469		23010		936
54	 Dewsbury                           161		2547		22316		322
55	 Golborne                           740		3058		24139		1480
56	 Longdendale                        779		5081		26354		1558
57	 Warrington                         586		2163		22962		1172
58	 Culcheth                           279		3504		23078		558
59	 Abergele                           505		3596		22981		1010
60	 Wallasey                           123		4845		24082		246
61	 Kearsley                           554		5136		25867		1108
62	 Longton                            628		2342		22413		1256
63	 Otley                              503		4052		24094		1006
64	 Rawmarsh                           718		2293		22713		1436
65	 Heckmondwike                       337		1115		20431		674
66	 Rawtenstall                        510		3094		23237		1020
67	 Dukinfield                         536		2792		23702		1072
68	 Stafford                           385		1492		21356		770
69	 Sandbach                           382		3239		22445		764
70	 Longridge                          429		712		19857		858
71	 Farnworth                          582		4037		23577		1164
72	 Queensbury                         136		3345		22487		272
73	 Market_Drayton                     753		3598		23827		1506
74	 Rishton                            770		608		21316		1540
75	 Stockport                          784		1818		21470		1568
76	 Oldham                             338		628		19834		676
77	 Middlewich                         294		706		20817		588
78	 Tottington                         172		4812		24723		344
79	 Radcliffe                          679		2286		21850		1358
80	 Sheffield                          241		4935		25287		482
81	 Ilkley                             719		4528		24473		1438
82	 Nantwich                           467		2896		22234		934
83	 Pontefract                         777		5279		26187		1554
84	 Blacon                             250		1899		21714		500
85	 Middleton                          829		4303		25694		1658
86	 Clitheroe                          233		1254		20633		466
87	 Lofthouse                          293		1328		20134		586
88	 Stoke-on-Trent                     458		4040		24940		916
89	 Ashton_in_Makerfield               177		1351		20575		354
90	 Hawarden                           585		5153		26280		1170
91	 Rhosllanerchrugog                  246		1194		21571		492
92	 Leek                               765		1563		22426		1530
93	 Leyland                            482		5250		24627		964
94	 Stretford                          528		2013		21581		1056
95	 Clayton_West                       793		3144		23698		1586
96	 Denbigh                            168		4359		23117		336
97	 Darwen                             102		1304		19858		204
98	 Ossett                             414		973		20743		828
99	 Wath_upon_Dearne                   238		2912		23034		476
100	 Chester                            278		4258		23013		556
