   ID  Type     x     y demand ReadyTime DueDate ServiceTime 
    0     0    40    50      0         0    1236           0 
    1     1    45    68     10         0    1127          90 
    2     1    45    70     30         0    1125          90 
    3     1    42    66     10         0    1129          90 
    4     1    42    68     10       727     782          90 
    5     1    42    65     10         0    1130          90 
    6     1    40    69     20       621     702          90 
    7     1    40    66     20         0    1130          90 
    8     1    38    68     20       255     324          90 
    9     1    38    70     10       534     605          90 
   10     1    35    66     10       357     410          90 
   11     1    35    69     10       448     505          90 
   12     1    25    85     20         0    1107          90 
   13     1    22    75     30        30      92          90 
   14     1    22    85     10         0    1106          90 
   15     1    20    80     40       384     429          90 
   16     1    20    85     40         0    1105          90 
   17     1    18    75     20        99     148          90 
   18     1    15    75     20         0    1110          90 
   19     1    15    80     10         0    1106          90 
   20     1    30    50     10         0    1136          90 
   21     1    30    52     20         0    1135          90 
   22     1    28    52     20       812     883          90 
   23     1    28    55     10       732     777          90 
   24     1    25    50     10         0    1131          90 
   25     1    25    52     40       169     224          90 
   26     1    25    55     10         0    1130          90 
   27     1    23    52     10       261     316          90 
   28     1    23    55     20         0    1128          90 
   29     1    20    50     10         0    1126          90 
   30     1    20    55     10       449     504          90 
   31     1    10    35     20         0    1112          90 
   32     1    10    40     30         0    1114          90 
   33     1     8    40     40        87     158          90 
   34     1     8    45     20         0    1113          90 
   35     1     5    35     10       283     344          90 
   36     1     5    45     10       665     716          90 
   37     1     2    40     20         0    1106          90 
   38     1     0    40     30       479     522          90 
   39     1     0    45     20       567     624          90 
   40     1    35    30     10       264     321          90 
   41     1    35    32     10       166     235          90 
   42     1    33    32     20        68     149          90 
   43     1    33    35     10         0    1129          90 
   44     1    32    30     10       359     412          90 
   45     1    30    30     10       541     600          90 
   46     1    30    32     30         0    1125          90 
   47     1    30    35     10         0    1127          90 
   48     1    28    30     10         0    1122          90 
   49     1    28    35     10      1001    1066          90 
   50     1    26    32     10         0    1123          90 
   51     1    25    30     10         0    1121          90 
   52     1    25    35     10         0    1124          90 
   53     1    44     5     20       286     347          90 
   54     1    42    10     40         0    1105          90 
   55     1    42    15     10        95     158          90 
   56     1    40     5     30       385     436          90 
   57     1    40    15     40         0    1111          90 
   58     1    38     5     30       471     534          90 
   59     1    38    15     10         0    1110          90 
   60     1    35     5     20         0    1100          90 
   61     1    50    30     10         0    1123          90 
   62     1    50    35     20       262     317          90 
   63     1    50    40     50         0    1131          90 
   64     1    48    30     10       632     693          90 
   65     1    48    40     10        76     129          90 
   66     1    47    35     10       826     875          90 
   67     1    47    40     10        12      77          90 
   68     1    45    30     10       734     777          90 
   69     1    45    35     10       916     969          90 
   70     1    95    30     30       387     456          90 
   71     1    95    35     20         0    1088          90 
   72     1    53    30     10         0    1122          90 
   73     1    92    30     10         0    1090          90 
   74     1    53    35     50       353     412          90 
   75     1    45    65     20         0    1130          90 
   76     1    90    35     10       203     260          90 
   77     1    88    30     10       574     643          90 
   78     1    88    35     20       109     170          90 
   79     1    87    30     10       668     731          90 
   80     1    85    25     10       769     820          90 
   81     1    85    35     30         0    1098          90 
   82     1    75    55     20         0    1110          90 
   83     1    72    55     10         0    1113          90 
   84     1    70    58     20       458     523          90 
   85     1    68    60     30         0    1116          90 
   86     1    66    55     10         0    1119          90 
   87     1    65    55     20        85     144          90 
   88     1    65    60     30       645     708          90 
   89     1    63    58     10         0    1121          90 
   90     1    60    55     10         0    1125          90 
   91     1    60    60     10         0    1123          90 
   92     1    67    85     20       368     441          90 
   93     1    65    85     40       475     518          90 
   94     1    65    82     10         0    1105          90 
   95     1    62    80     30         0    1108          90 
   96     1    60    80     10         0    1109          90 
   97     1    60    85     30         0    1105          90 
   98     1    58    75     20         0    1115          90 
   99     1    55    80     10       743     820          90 
  100     1    55    85     20       647     726          90 
  101     2    40    50      0         0    1236           0 
  102     2    73    52      0         0    1236           0 
  103     2    90    55      0         0    1236           0 
  104     2    55    79      0         0    1236           0 
  105     2    69    89      0         0    1236           0 
  106     2    32    80      0         0    1236           0 
  107     2    39    96      0         0    1236           0 
  108     2    23    80      0         0    1236           0 
  109     2     4    83      0         0    1236           0 
  110     2    18    58      0         0    1236           0 
  111     2     1    56      0         0    1236           0 
  112     2    13    31      0         0    1236           0 
  113     2    -5    38      0         0    1236           0 
  114     2    26    37      0         0    1236           0 
  115     2    28    13      0         0    1236           0 
  116     2    39    31      0         0    1236           0 
  117     2    48    11      0         0    1236           0 
  118     2    59    17      0         0    1236           0 
  119     2    73    23      0         0    1236           0 
  120     2    74    32      0         0    1236           0 
  121     2    90    44      0         0    1236           0 

ECV fuel tank capacity /79.69/
BSV fuel tank capacity /159.38/
ECV load capacity /200/
BSV load capacity /5/
ECV consumption rate /1/
BSV consumption rate /1/
ECV inverse refueling rate /10.17/
Swapping service time /3.00/
Velocity /1/
