   ID  Type     x     y demand ReadyTime DueDate ServiceTime 
    0     0    40    50      0         0    1236           0 
    1     1    45    68     10       850    1030          90 
    2     1    45    70     30       758     938          90 
    3     1    42    66     10        16     196          90 
    4     1    42    68     10       665     845          90 
    5     1    42    65     10        15     195          90 
    6     1    40    69     20       572     752          90 
    7     1    40    66     20       108     288          90 
    8     1    38    68     20       200     380          90 
    9     1    38    70     10       480     660          90 
   10     1    35    66     10       294     474          90 
   11     1    35    69     10       387     567          90 
   12     1    25    85     20       597     777          90 
   13     1    22    75     30        30     210          90 
   14     1    22    85     10       504     684          90 
   15     1    20    80     40       317     497          90 
   16     1    20    85     40       412     592          90 
   17     1    18    75     20        34     214          90 
   18     1    15    75     20       127     307          90 
   19     1    15    80     10       222     402          90 
   20     1    30    50     10        10     190          90 
   21     1    30    52     20       850    1030          90 
   22     1    28    52     20       758     938          90 
   23     1    28    55     10       665     845          90 
   24     1    25    50     10        15     195          90 
   25     1    25    52     40       107     287          90 
   26     1    25    55     10       572     752          90 
   27     1    23    52     10       199     379          90 
   28     1    23    55     20       480     660          90 
   29     1    20    50     10       292     472          90 
   30     1    20    55     10       387     567          90 
   31     1    10    35     20       129     309          90 
   32     1    10    40     30        31     211          90 
   33     1     8    40     40        33     213          90 
   34     1     8    45     20       694     874          90 
   35     1     5    35     10       224     404          90 
   36     1     5    45     10       601     781          90 
   37     1     2    40     20       319     499          90 
   38     1     0    40     30       411     591          90 
   39     1     0    45     20       506     686          90 
   40     1    35    30     10       203     383          90 
   41     1    35    32     10       111     291          90 
   42     1    33    32     20        19     199          90 
   43     1    33    35     10        16     196          90 
   44     1    32    30     10       296     476          90 
   45     1    30    30     10       481     661          90 
   46     1    30    32     30       389     569          90 
   47     1    30    35     10       947    1127          90 
   48     1    28    30     10       573     753          90 
   49     1    28    35     10       944    1124          90 
   50     1    26    32     10       758     938          90 
   51     1    25    30     10       666     846          90 
   52     1    25    35     10       851    1031          90 
   53     1    44     5     20       227     407          90 
   54     1    42    10     40       132     312          90 
   55     1    42    15     10        37     217          90 
   56     1    40     5     30       321     501          90 
   57     1    40    15     40        35     215          90 
   58     1    38     5     30       413     593          90 
   59     1    38    15     10       606     786          90 
   60     1    35     5     20       506     686          90 
   61     1    50    30     10       481     661          90 
   62     1    50    35     20       200     380          90 
   63     1    50    40     50       105     285          90 
   64     1    48    30     10       573     753          90 
   65     1    48    40     10        13     193          90 
   66     1    47    35     10       761     941          90 
   67     1    47    40     10        12     192          90 
   68     1    45    30     10       666     846          90 
   69     1    45    35     10       853    1033          90 
   70     1    95    30     30       332     512          90 
   71     1    95    35     20       237     417          90 
   72     1    53    30     10       388     568          90 
   73     1    92    30     10       425     605          90 
   74     1    53    35     50       293     473          90 
   75     1    45    65     20       943    1123          90 
   76     1    90    35     10       142     322          90 
   77     1    88    30     10       519     699          90 
   78     1    88    35     20        50     230          90 
   79     1    87    30     10       610     790          90 
   80     1    85    25     10       705     885          90 
   81     1    85    35     30        47     227          90 
   82     1    75    55     20       305     485          90 
   83     1    72    55     10       212     392          90 
   84     1    70    58     20       401     581          90 
   85     1    68    60     30       494     674          90 
   86     1    66    55     10       116     296          90 
   87     1    65    55     20        25     205          90 
   88     1    65    60     30       587     767          90 
   89     1    63    58     10       680     860          90 
   90     1    60    55     10        20     200          90 
   91     1    60    60     10       773     953          90 
   92     1    67    85     20       315     495          90 
   93     1    65    85     40       407     587          90 
   94     1    65    82     10       221     401          90 
   95     1    62    80     30       128     308          90 
   96     1    60    80     10        36     216          90 
   97     1    60    85     30       502     682          90 
   98     1    58    75     20        30     210          90 
   99     1    55    80     10       692     872          90 
  100     1    55    85     20       597     777          90 
  101     2    40    50      0         0    1236           0 
  102     2    73    52      0         0    1236           0 
  103     2    90    55      0         0    1236           0 
  104     2    55    79      0         0    1236           0 
  105     2    69    89      0         0    1236           0 
  106     2    32    80      0         0    1236           0 
  107     2    39    96      0         0    1236           0 
  108     2    23    80      0         0    1236           0 
  109     2     4    83      0         0    1236           0 
  110     2    18    58      0         0    1236           0 
  111     2     1    56      0         0    1236           0 
  112     2    13    31      0         0    1236           0 
  113     2    -5    38      0         0    1236           0 
  114     2    26    37      0         0    1236           0 
  115     2    28    13      0         0    1236           0 
  116     2    39    31      0         0    1236           0 
  117     2    48    11      0         0    1236           0 
  118     2    59    17      0         0    1236           0 
  119     2    73    23      0         0    1236           0 
  120     2    74    32      0         0    1236           0 
  121     2    90    44      0         0    1236           0 

ECV fuel tank capacity /79.69/
BSV fuel tank capacity /159.38/
ECV load capacity /200/
BSV load capacity /5/
ECV consumption rate /1/
BSV consumption rate /1/
ECV inverse refueling rate /10.17/
Swapping service time /3.00/
Velocity /1/
