   ID  Type     x     y demand ReadyTime DueDate ServiceTime 
    0     0    40    50      0         0    1236           0 
    1     1    45    68     10       830    1049          90 
    2     1    45    70     30       756     939          90 
    3     1    42    66     10        16     336          90 
    4     1    42    68     10       643     866          90 
    5     1    42    65     10        15     226          90 
    6     1    40    69     20       499     824          90 
    7     1    40    66     20        87     308          90 
    8     1    38    68     20       150     429          90 
    9     1    38    70     10       429     710          90 
   10     1    35    66     10       279     488          90 
   11     1    35    69     10       363     590          90 
   12     1    25    85     20       547     826          90 
   13     1    22    75     30        30     280          90 
   14     1    22    85     10       489     698          90 
   15     1    20    80     40       318     495          90 
   16     1    20    85     40       394     609          90 
   17     1    18    75     20        33     226          90 
   18     1    15    75     20        68     365          90 
   19     1    15    80     10       176     447          90 
   20     1    30    50     10        10     265          90 
   21     1    30    52     20       836    1043          90 
   22     1    28    52     20       704     991          90 
   23     1    28    55     10       664     845          90 
   24     1    25    50     10        15     333          90 
   25     1    25    52     40        88     305          90 
   26     1    25    55     10       502     821          90 
   27     1    23    52     10       179     398          90 
   28     1    23    55     20       476     663          90 
   29     1    20    50     10       288     475          90 
   30     1    20    55     10       368     585          90 
   31     1    10    35     20       144     293          90 
   32     1    10    40     30        31     309          90 
   33     1     8    40     40        33     313          90 
   34     1     8    45     20       655     912          90 
   35     1     5    35     10       191     436          90 
   36     1     5    45     10       588     793          90 
   37     1     2    40     20       305     512          90 
   38     1     0    40     30       414     587          90 
   39     1     0    45     20       481     710          90 
   40     1    35    30     10       180     405          90 
   41     1    35    32     10        63     338          90 
   42     1    33    32     20        19     345          90 
   43     1    33    35     10        16     273          90 
   44     1    32    30     10       278     493          90 
   45     1    30    30     10       453     688          90 
   46     1    30    32     30       355     602          90 
   47     1    30    35     10       837    1127          90 
   48     1    28    30     10       539     786          90 
   49     1    28    35     10       867    1126          90 
   50     1    26    32     10       719     976          90 
   51     1    25    30     10       635     876          90 
   52     1    25    35     10       825    1056          90 
   53     1    44     5     20       193     440          90 
   54     1    42    10     40        78     365          90 
   55     1    42    15     10        35     287          90 
   56     1    40     5     30       308     513          90 
   57     1    40    15     40        35     246          90 
   58     1    38     5     30       376     629          90 
   59     1    38    15     10       519     872          90 
   60     1    35     5     20       463     728          90 
   61     1    50    30     10       412     729          90 
   62     1    50    35     20       181     398          90 
   63     1    50    40     50       100     289          90 
   64     1    48    30     10       539     786          90 
   65     1    48    40     10        12     223          90 
   66     1    47    35     10       753     948          90 
   67     1    47    40     10        12     275          90 
   68     1    45    30     10       669     842          90 
   69     1    45    35     10       836    1049          90 
   70     1    95    30     30       284     559          90 
   71     1    95    35     20       194     459          90 
   72     1    53    30     10       367     588          90 
   73     1    92    30     10       370     659          90 
   74     1    53    35     50       263     502          90 
   75     1    45    65     20       847    1130          90 
   76     1    90    35     10       119     344          90 
   77     1    88    30     10       469     748          90 
   78     1    88    35     20        50     295          90 
   79     1    87    30     10       573     826          90 
   80     1    85    25     10       694     895          90 
   81     1    85    35     30        47     356          90 
   82     1    75    55     20       293     496          90 
   83     1    72    55     10       154     449          90 
   84     1    70    58     20       360     621          90 
   85     1    68    60     30       470     697          90 
   86     1    66    55     10        76     335          90 
   87     1    65    55     20        25     260          90 
   88     1    65    60     30       551     802          90 
   89     1    63    58     10       640     899          90 
   90     1    60    55     10        20     276          90 
   91     1    60    60     10       756     969          90 
   92     1    67    85     20       257     552          90 
   93     1    65    85     40       409     584          90 
   94     1    65    82     10       209     412          90 
   95     1    62    80     30       130     305          90 
   96     1    60    80     10        36     283          90 
   97     1    60    85     30       470     713          90 
   98     1    58    75     20        30     248          90 
   99     1    55    80     10       628     935          90 
  100     1    55    85     20       530     843          90 
  101     2    40    50      0         0    1236           0 
  102     2    73    52      0         0    1236           0 
  103     2    90    55      0         0    1236           0 
  104     2    55    79      0         0    1236           0 
  105     2    69    89      0         0    1236           0 
  106     2    32    80      0         0    1236           0 
  107     2    39    96      0         0    1236           0 
  108     2    23    80      0         0    1236           0 
  109     2     4    83      0         0    1236           0 
  110     2    18    58      0         0    1236           0 
  111     2     1    56      0         0    1236           0 
  112     2    13    31      0         0    1236           0 
  113     2    -5    38      0         0    1236           0 
  114     2    26    37      0         0    1236           0 
  115     2    28    13      0         0    1236           0 
  116     2    39    31      0         0    1236           0 
  117     2    48    11      0         0    1236           0 
  118     2    59    17      0         0    1236           0 
  119     2    73    23      0         0    1236           0 
  120     2    74    32      0         0    1236           0 
  121     2    90    44      0         0    1236           0 

ECV fuel tank capacity /79.69/
BSV fuel tank capacity /159.38/
ECV load capacity /200/
BSV load capacity /5/
ECV consumption rate /1/
BSV consumption rate /1/
ECV inverse refueling rate /10.17/
Swapping service time /3.00/
Velocity /1/
