   ID  Type     x     y demand ReadyTime DueDate ServiceTime 
    0     0    40    50      0         0    3390           0 
    1     1    52    75     10       231     551          90 
    2     1    45    70     30       133     453          90 
    3     1    62    69     10      1087    1407          90 
    4     1    60    66     10      1181    1501          90 
    5     1    42    65     10        15     335          90 
    6     1    16    42     20       417     737          90 
    7     1    58    70     20       993    1313          90 
    8     1    34    60     20      2807    3127          90 
    9     1    28    70     10      2521    2841          90 
   10     1    35    66     10      2711    3031          90 
   11     1    35    69     10      2618    2938          90 
   12     1    25    85     20      2039    2359          90 
   13     1    22    75     30      2325    2645          90 
   14     1    22    85     10      1946    2266          90 
   15     1    20    80     40      2136    2456          90 
   16     1    20    85     40      1854    2174          90 
   17     1    18    75     20      2231    2551          90 
   18     1    15    75     20      1662    1982          90 
   19     1    15    80     10      1757    2077          90 
   20     1    30    50     10        10     330          90 
   21     1    30    56     20      2903    3223          90 
   22     1    28    52     20        12     332          90 
   23     1    14    66     10      1563    1883          90 
   24     1    25    50     10        36     356          90 
   25     1    22    66     40      2424    2744          90 
   26     1     8    62     10      1465    1785          90 
   27     1    23    52     10       129     449          90 
   28     1     4    55     20      1367    1687          90 
   29     1    20    50     10       318     638          90 
   30     1    20    55     10       223     543          90 
   31     1    10    35     20       701    1021          90 
   32     1    10    40     30       513     833          90 
   33     1     8    40     40       605     925          90 
   34     1     8    45     20      1266    1586          90 
   35     1     5    35     10       796    1116          90 
   36     1     5    45     10      1173    1493          90 
   37     1     2    40     20       891    1211          90 
   38     1     0    40     30       983    1303          90 
   39     1     0    45     20      1078    1398          90 
   40     1    36    18     10      1739    2059          90 
   41     1    35    32     10      2678    2998          90 
   42     1    33    32     20      2586    2906          90 
   43     1    33    35     10      2493    2813          90 
   44     1    32    20     10      1833    2153          90 
   45     1    30    30     10      2025    2345          90 
   46     1    34    25     30      1929    2249          90 
   47     1    30    35     10      2400    2720          90 
   48     1    36    40     10      2776    3096          90 
   49     1    48    20     10       887    1207          90 
   50     1    26    32     10      2212    2532          90 
   51     1    25    30     10      2120    2440          90 
   52     1    25    35     10      2305    2625          90 
   53     1    44     5     20      1176    1496          90 
   54     1    42    10     40      1080    1400          90 
   55     1    42    15     10       985    1305          90 
   56     1    40     5     30      1270    1590          90 
   57     1    38    15     40      1645    1965          90 
   58     1    38     5     30      1362    1682          90 
   59     1    38    10     10      1550    1870          90 
   60     1    35     5     20      1455    1775          90 
   61     1    50    30     10       321     641          90 
   62     1    50    35     20        40     360          90 
   63     1    50    40     50        14     334          90 
   64     1    48    30     10       413     733          90 
   65     1    44    25     10       791    1111          90 
   66     1    47    35     10       508     828          90 
   67     1    47    40     10        12     332          90 
   68     1    42    30     10       696    1016          90 
   69     1    45    35     10       600     920          90 
   70     1    95    30     30      2241    2561          90 
   71     1    95    35     20      2146    2466          90 
   72     1    53    30     10       228     548          90 
   73     1    92    30     10      2334    2654          90 
   74     1    53    35     50       133     453          90 
   75     1    45    65     20        38     358          90 
   76     1    90    35     10      2051    2371          90 
   77     1    72    45     10      2820    3140          90 
   78     1    78    40     20      2722    3042          90 
   79     1    87    30     10      2528    2848          90 
   80     1    85    25     10      2433    2753          90 
   81     1    85    35     30      2623    2943          90 
   82     1    75    55     20      1845    2165          90 
   83     1    72    55     10      1752    2072          90 
   84     1    70    58     20      1561    1881          90 
   85     1    86    46     30      1949    2269          90 
   86     1    66    55     10      1656    1976          90 
   87     1    64    46     20      2955    3275          90 
   88     1    65    60     30      1466    1786          90 
   89     1    56    64     10      1275    1595          90 
   90     1    60    55     10      2959    3279          90 
   91     1    60    60     10      1371    1691          90 
   92     1    67    85     20       614     934          90 
   93     1    42    58     40         8     328          90 
   94     1    65    82     10       708    1028          90 
   95     1    62    80     30       801    1121          90 
   96     1    62    40     10      2921    3241          90 
   97     1    60    85     30       517     837          90 
   98     1    58    75     20       898    1218          90 
   99     1    55    80     10       327     647          90 
  100     1    55    85     20       422     742          90 
  101     2    40    50      0         0    3390           0 
  102     2    73    52      0         0    3390           0 
  103     2    90    55      0         0    3390           0 
  104     2    55    79      0         0    3390           0 
  105     2    69    89      0         0    3390           0 
  106     2    32    80      0         0    3390           0 
  107     2    39    96      0         0    3390           0 
  108     2    23    80      0         0    3390           0 
  109     2     4    83      0         0    3390           0 
  110     2    18    58      0         0    3390           0 
  111     2     1    56      0         0    3390           0 
  112     2    13    31      0         0    3390           0 
  113     2    -5    38      0         0    3390           0 
  114     2    26    37      0         0    3390           0 
  115     2    28    13      0         0    3390           0 
  116     2    39    31      0         0    3390           0 
  117     2    48    11      0         0    3390           0 
  118     2    59    17      0         0    3390           0 
  119     2    73    23      0         0    3390           0 
  120     2    74    32      0         0    3390           0 
  121     2    90    44      0         0    3390           0 

ECV fuel tank capacity /117.78/
BSV fuel tank capacity /235.56/
ECV load capacity /700/
BSV load capacity /5/
ECV consumption rate /1/
BSV consumption rate /1/
ECV inverse refueling rate /6.87/
Swapping service time /3.00/
Velocity /1/
