   ID  Type     x     y demand ReadyTime DueDate ServiceTime 
    0     0    40    50      0         0    3390           0 
    1     1    52    75     10        71     711          90 
    2     1    45    70     30        20     660          90 
    3     1    62    69     10       927    1567          90 
    4     1    60    66     10      1021    1661          90 
    5     1    42    65     10        15     655          90 
    6     1    16    42     20       257     897          90 
    7     1    58    70     20       833    1473          90 
    8     1    34    60     20      2647    3287          90 
    9     1    28    70     10      2361    3001          90 
   10     1    35    66     10      2551    3191          90 
   11     1    35    69     10      2458    3098          90 
   12     1    25    85     20      1879    2519          90 
   13     1    22    75     30      2165    2805          90 
   14     1    22    85     10      1786    2426          90 
   15     1    20    80     40      1976    2616          90 
   16     1    20    85     40      1694    2334          90 
   17     1    18    75     20      2071    2711          90 
   18     1    15    75     20      1502    2142          90 
   19     1    15    80     10      1597    2237          90 
   20     1    30    50     10        10     650          90 
   21     1    30    56     20      2648    3288          90 
   22     1    28    52     20        12     652          90 
   23     1    14    66     10      1403    2043          90 
   24     1    25    50     10        15     655          90 
   25     1    22    66     40      2264    2904          90 
   26     1     8    62     10      1305    1945          90 
   27     1    23    52     10        17     657          90 
   28     1     4    55     20      1207    1847          90 
   29     1    20    50     10       158     798          90 
   30     1    20    55     10        63     703          90 
   31     1    10    35     20       541    1181          90 
   32     1    10    40     30       353     993          90 
   33     1     8    40     40       445    1085          90 
   34     1     8    45     20      1106    1746          90 
   35     1     5    35     10       636    1276          90 
   36     1     5    45     10      1013    1653          90 
   37     1     2    40     20       731    1371          90 
   38     1     0    40     30       823    1463          90 
   39     1     0    45     20       918    1558          90 
   40     1    36    18     10      1579    2219          90 
   41     1    35    32     10      2518    3158          90 
   42     1    33    32     20      2426    3066          90 
   43     1    33    35     10      2333    2973          90 
   44     1    32    20     10      1673    2313          90 
   45     1    30    30     10      1865    2505          90 
   46     1    34    25     30      1769    2409          90 
   47     1    30    35     10      2240    2880          90 
   48     1    36    40     10      2616    3256          90 
   49     1    48    20     10       727    1367          90 
   50     1    26    32     10      2052    2692          90 
   51     1    25    30     10      1960    2600          90 
   52     1    25    35     10      2145    2785          90 
   53     1    44     5     20      1016    1656          90 
   54     1    42    10     40       920    1560          90 
   55     1    42    15     10       825    1465          90 
   56     1    40     5     30      1110    1750          90 
   57     1    38    15     40      1485    2125          90 
   58     1    38     5     30      1202    1842          90 
   59     1    38    10     10      1390    2030          90 
   60     1    35     5     20      1295    1935          90 
   61     1    50    30     10       161     801          90 
   62     1    50    35     20        18     658          90 
   63     1    50    40     50        14     654          90 
   64     1    48    30     10       253     893          90 
   65     1    44    25     10       631    1271          90 
   66     1    47    35     10       348     988          90 
   67     1    47    40     10        12     652          90 
   68     1    42    30     10       536    1176          90 
   69     1    45    35     10       440    1080          90 
   70     1    95    30     30      2081    2721          90 
   71     1    95    35     20      1986    2626          90 
   72     1    53    30     10        68     708          90 
   73     1    92    30     10      2174    2814          90 
   74     1    53    35     50        19     659          90 
   75     1    45    65     20        15     655          90 
   76     1    90    35     10      1891    2531          90 
   77     1    72    45     10      2627    3267          90 
   78     1    78    40     20      2562    3202          90 
   79     1    87    30     10      2368    3008          90 
   80     1    85    25     10      2273    2913          90 
   81     1    85    35     30      2463    3103          90 
   82     1    75    55     20      1685    2325          90 
   83     1    72    55     10      1592    2232          90 
   84     1    70    58     20      1401    2041          90 
   85     1    86    46     30      1789    2429          90 
   86     1    66    55     10      1496    2136          90 
   87     1    64    46     20      2635    3275          90 
   88     1    65    60     30      1306    1946          90 
   89     1    56    64     10      1115    1755          90 
   90     1    60    55     10      2639    3279          90 
   91     1    60    60     10      1211    1851          90 
   92     1    67    85     20       454    1094          90 
   93     1    42    58     40         8     648          90 
   94     1    65    82     10       548    1188          90 
   95     1    62    80     30       641    1281          90 
   96     1    62    40     10      2635    3275          90 
   97     1    60    85     30       357     997          90 
   98     1    58    75     20       738    1378          90 
   99     1    55    80     10       167     807          90 
  100     1    55    85     20       262     902          90 
  101     2    40    50      0         0    3390           0 
  102     2    73    52      0         0    3390           0 
  103     2    90    55      0         0    3390           0 
  104     2    55    79      0         0    3390           0 
  105     2    69    89      0         0    3390           0 
  106     2    32    80      0         0    3390           0 
  107     2    39    96      0         0    3390           0 
  108     2    23    80      0         0    3390           0 
  109     2     4    83      0         0    3390           0 
  110     2    18    58      0         0    3390           0 
  111     2     1    56      0         0    3390           0 
  112     2    13    31      0         0    3390           0 
  113     2    -5    38      0         0    3390           0 
  114     2    26    37      0         0    3390           0 
  115     2    28    13      0         0    3390           0 
  116     2    39    31      0         0    3390           0 
  117     2    48    11      0         0    3390           0 
  118     2    59    17      0         0    3390           0 
  119     2    73    23      0         0    3390           0 
  120     2    74    32      0         0    3390           0 
  121     2    90    44      0         0    3390           0 

ECV fuel tank capacity /117.66/
BSV fuel tank capacity /235.32/
ECV load capacity /700/
BSV load capacity /5/
ECV consumption rate /1/
BSV consumption rate /1/
ECV inverse refueling rate /6.87/
Swapping service time /3.00/
Velocity /1/
