   ID  Type     x     y demand ReadyTime DueDate ServiceTime 
    0     0    35    35      0         0     230           0 
    1     1    41    49     10         0     204          10 
    2     1    35    17      7         0     202          10 
    3     1    55    45     13         0     197          10 
    4     1    55    20     19       149     159          10 
    5     1    15    30     26         0     199          10 
    6     1    25    30      3        99     109          10 
    7     1    20    50      5         0     198          10 
    8     1    10    43      9        95     105          10 
    9     1    55    60     16        97     107          10 
   10     1    30    60     16       124     134          10 
   11     1    20    65     12        67      77          10 
   12     1    50    35     19         0     205          10 
   13     1    30    25     23       159     169          10 
   14     1    15    10     20         0     187          10 
   15     1    30     5      8        61      71          10 
   16     1    10    20     19         0     190          10 
   17     1     5    30      2       157     167          10 
   18     1    20    40     12         0     204          10 
   19     1    15    60     17         0     187          10 
   20     1    45    65      9         0     188          10 
   21     1    45    20     11         0     201          10 
   22     1    45    10     18        97     107          10 
   23     1    55     5     29        68      78          10 
   24     1    65    35      3         0     190          10 
   25     1    65    20      6       172     182          10 
   26     1    45    30     17         0     208          10 
   27     1    35    40     16        37      47          10 
   28     1    41    37     16         0     213          10 
   29     1    64    42      9         0     190          10 
   30     1    40    60     21        71      81          10 
   31     1    31    52     27         0     202          10 
   32     1    35    69     23         0     186          10 
   33     1    53    52     11        37      47          10 
   34     1    65    55     14         0     183          10 
   35     1    63    65      8       143     153          10 
   36     1     2    60      5        41      51          10 
   37     1    20    20      8         0     198          10 
   38     1     5     5     16        83      93          10 
   39     1    60    12     31        44      54          10 
   40     1    40    25      9        85      95          10 
   41     1    42     7      5        97     107          10 
   42     1    24    12      5        31      41          10 
   43     1    23     3      7         0     185          10 
   44     1    11    14     18        69      79          10 
   45     1     6    38     16        32      42          10 
   46     1     2    48      1         0     184          10 
   47     1     8    56     27         0     185          10 
   48     1    13    52     36         0     192          10 
   49     1     6    68     30       108     118          10 
   50     1    47    47     13         0     203          10 
   51     1    49    58     10         0     193          10 
   52     1    27    43      9         0     208          10 
   53     1    37    31     14        95     105          10 
   54     1    57    29     18         0     197          10 
   55     1    63    23      2       136     146          10 
   56     1    53    12      6       130     140          10 
   57     1    32    12      7         0     196          10 
   58     1    36    26     18       200     210          10 
   59     1    21    24     28         0     202          10 
   60     1    17    34      3         0     201          10 
   61     1    12    24     13         0     194          10 
   62     1    24    58     19        58      68          10 
   63     1    27    69     10         0     185          10 
   64     1    19     7      9        73      83          10 
   65     1    17    27     20        51      61          10 
   66     1    49    73     25       127     137          10 
   67     1    67     5     25        83      93          10 
   68     1    56    39     36       142     152          10 
   69     1    37    47      6        50      60          10 
   70     1    37    56      5       182     192          10 
   71     1    57    68     15         0     180          10 
   72     1    47    16     25         0     197          10 
   73     1    44    17      9         0     199          10 
   74     1    46    13      8       149     159          10 
   75     1    49    11     18         0     192          10 
   76     1    49    42     13        73      83          10 
   77     1    53    43     14       179     189          10 
   78     1    61    52      3        96     106          10 
   79     1    57    48     23        92     102          10 
   80     1    56    37      6       182     192          10 
   81     1    55    54     26         0     192          10 
   82     1    15    47     16         0     196          10 
   83     1    14    37     11         0     198          10 
   84     1    11    31      7       101     111          10 
   85     1    16    22     41         0     196          10 
   86     1     4    18     35         0     184          10 
   87     1    28    18     26        93     103          10 
   88     1    26    52      9        74      84          10 
   89     1    26    35     15         0     211          10 
   90     1    31    67      3         0     187          10 
   91     1    15    19      1         0     194          10 
   92     1    22    22      2        18      28          10 
   93     1    18    24     22       188     198          10 
   94     1    26    27     27         0     207          10 
   95     1    25    24     20         0     205          10 
   96     1    22    27     11         0     204          10 
   97     1    25    21     12         0     202          10 
   98     1    19    21     10         0     198          10 
   99     1    20    26      9        83      93          10 
  100     1    18    18     17       185     195          10 
  101     2    35    35      0         0     230           0 
  102     2    61    37      0         0     230           0 
  103     2    74    39      0         0     230           0 
  104     2    47    57      0         0     230           0 
  105     2    57    65      0         0     230           0 
  106     2    29    59      0         0     230           0 
  107     2    34    71      0         0     230           0 
  108     2    22    58      0         0     230           0 
  109     2     7    61      0         0     230           0 
  110     2    18    41      0         0     230           0 
  111     2     5    39      0         0     230           0 
  112     2    14    20      0         0     230           0 
  113     2     0    26      0         0     230           0 
  114     2    24    25      0         0     230           0 
  115     2    26     6      0         0     230           0 
  116     2    34    20      0         0     230           0 
  117     2    41     5      0         0     230           0 
  118     2    50     9      0         0     230           0 
  119     2    61    14      0         0     230           0 
  120     2    62    21      0         0     230           0 
  121     2    74    30      0         0     230           0 

ECV fuel tank capacity /62.14/
BSV fuel tank capacity /124.28/
ECV load capacity /200/
BSV load capacity /5/
ECV consumption rate /1/
BSV consumption rate /1/
ECV inverse refueling rate /1.44/
Swapping service time /3.00/
Velocity /1/
