   ID  Type     x     y demand ReadyTime DueDate ServiceTime 
    0     0    35    35      0         0     230           0 
    1     1    41    49     10       130     201          10 
    2     1    35    17      7        20      89          10 
    3     1    55    45     13       106     135          10 
    4     1    55    20     19        71     195          10 
    5     1    15    30     26        20     107          10 
    6     1    25    30      3        54     153          10 
    7     1    20    50      5        66     105          10 
    8     1    10    43      9        61     138          10 
    9     1    55    60     16        53     150          10 
   10     1    30    60     16       101     156          10 
   11     1    20    65     12        33     152          10 
   12     1    50    35     19        38      97          10 
   13     1    30    25     23        70     208          10 
   14     1    15    10     20        32     137          10 
   15     1    30     5      8        30     154          10 
   16     1    10    20     19        54     105          10 
   17     1     5    30      2        51     189          10 
   18     1    20    40     12        77     106          10 
   19     1    15    60     17        53     108          10 
   20     1    45    65      9       109     152          10 
   21     1    45    20     11        37      96          10 
   22     1    45    10     18        59     144          10 
   23     1    55     5     29        36     155          10 
   24     1    65    35      3       118     190          10 
   25     1    65    20      6        47     186          10 
   26     1    45    30     17       117     156          10 
   27     1    35    40     16         5     156          10 
   28     1    41    37     16         8      79          10 
   29     1    64    42      9        37      98          10 
   30     1    40    60     21        28     123          10 
   31     1    31    52     27        24      85          10 
   32     1    35    69     23       116     175          10 
   33     1    53    52     11        24     179          10 
   34     1    65    55     14       100     143          10 
   35     1    63    65      8        50     178          10 
   36     1     2    60      5        41     178          10 
   37     1    20    20      8       117     160          10 
   38     1     5     5     16        42     145          10 
   39     1    60    12     31        33     186          10 
   40     1    40    25      9        51     128          10 
   41     1    42     7      5        44     159          10 
   42     1    24    12      5        25     172          10 
   43     1    23     3      7       115     158          10 
   44     1    11    14     18        31     138          10 
   45     1     6    38     16        29     189          10 
   46     1     2    48      1        93     150          10 
   47     1     8    56     27        34     116          10 
   48     1    13    52     36       125     192          10 
   49     1     6    68     30        93     132          10 
   50     1    47    47     13       105     152          10 
   51     1    49    58     10        66     119          10 
   52     1    27    43      9        25      88          10 
   53     1    37    31     14        62     137          10 
   54     1    57    29     18       121     168          10 
   55     1    63    23      2        70     189          10 
   56     1    53    12      6        81     188          10 
   57     1    32    12      7        78     133          10 
   58     1    36    26     18        79     210          10 
   59     1    21    24     28        17     123          10 
   60     1    17    34      3       130     201          10 
   61     1    12    24     13        59     102          10 
   62     1    24    58     19        25     164          10 
   63     1    27    69     10        34     112          10 
   64     1    15    77      9        46     165          10 
   65     1    62    77     20        49     170          10 
   66     1    49    73     25        77     179          10 
   67     1    67     5     25        43     150          10 
   68     1    56    39     36        82     198          10 
   69     1    37    47      6        12     142          10 
   70     1    37    56      5        21     198          10 
   71     1    57    68     15        57     106          10 
   72     1    47    16     25        22     110          10 
   73     1    44    17      9        60     105          10 
   74     1    46    13      8        73     195          10 
   75     1    49    11     18        46     101          10 
   76     1    49    42     13        36     119          10 
   77     1    53    43     14        65     200          10 
   78     1    61    52      3        43     158          10 
   79     1    57    48     23        58     135          10 
   80     1    56    37      6        69     198          10 
   81     1    55    54     26        87     110          10 
   82     1    15    47     16        28      91          10 
   83     1    14    37     11        21      97          10 
   84     1    11    31      7        68     143          10 
   85     1    16    22     41        74     117          10 
   86     1     4    18     35        79     118          10 
   87     1    28    18     26        84     111          10 
   88     1    26    52      9        24     133          10 
   89     1    26    35     15       128     211          10 
   90     1    31    67      3        76     123          10 
   91     1    15    19      1       130     194          10 
   92     1    22    22      2        18     181          10 
   93     1    18    24     22        41     199          10 
   94     1    26    27     27        88     121          10 
   95     1    25    24     20        14      83          10 
   96     1    22    27     11       119     160          10 
   97     1    25    21     12       122     153          10 
   98     1    19    21     10        32      93          10 
   99     1    20    26      9        38     137          10 
  100     1    18    18     17        28     195          10 
  101     2    35    35      0         0     230           0 
  102     2    61    37      0         0     230           0 
  103     2    74    39      0         0     230           0 
  104     2    47    57      0         0     230           0 
  105     2    57    65      0         0     230           0 
  106     2    29    59      0         0     230           0 
  107     2    34    71      0         0     230           0 
  108     2    22    58      0         0     230           0 
  109     2     7    61      0         0     230           0 
  110     2    18    41      0         0     230           0 
  111     2     5    39      0         0     230           0 
  112     2    14    20      0         0     230           0 
  113     2     0    26      0         0     230           0 
  114     2    24    25      0         0     230           0 
  115     2    26     6      0         0     230           0 
  116     2    34    20      0         0     230           0 
  117     2    41     5      0         0     230           0 
  118     2    50     9      0         0     230           0 
  119     2    61    14      0         0     230           0 
  120     2    62    21      0         0     230           0 
  121     2    74    30      0         0     230           0 

ECV fuel tank capacity /67.12/
BSV fuel tank capacity /134.24/
ECV load capacity /200/
BSV load capacity /5/
ECV consumption rate /1/
BSV consumption rate /1/
ECV inverse refueling rate /1.35/
Swapping service time /3.00/
Velocity /1/
