   ID  Type     x     y demand ReadyTime DueDate ServiceTime 
    0     0    35    35      0         0    1000           0 
    1     1    41    49     10       707     848          10 
    2     1    35    17      7       143     282          10 
    3     1    55    45     13       527     584          10 
    4     1    55    20     19       678     801          10 
    5     1    15    30     26        34     209          10 
    6     1    25    30      3       415     514          10 
    7     1    20    50      5       331     410          10 
    8     1    10    43      9       404     481          10 
    9     1    55    60     16       400     497          10 
   10     1    30    60     16       577     632          10 
   11     1    20    65     12       206     325          10 
   12     1    50    35     19       228     345          10 
   13     1    30    25     23       690     827          10 
   14     1    15    10     20        32     243          10 
   15     1    30     5      8       175     300          10 
   16     1    10    20     19       272     373          10 
   17     1     5    30      2       733     870          10 
   18     1    20    40     12       377     434          10 
   19     1    15    60     17       269     378          10 
   20     1    45    65      9       581     666          10 
   21     1    45    20     11       214     331          10 
   22     1    45    10     18       409     494          10 
   23     1    55     5     29       206     325          10 
   24     1    65    35      3       704     847          10 
   25     1    65    20      6       817     956          10 
   26     1    45    30     17       588     667          10 
   27     1    35    40     16       104     255          10 
   28     1    41    37     16       114     255          10 
   29     1    64    42      9       190     313          10 
   30     1    40    60     21       259     354          10 
   31     1    31    52     27       152     275          10 
   32     1    35    69     23       660     777          10 
   33     1    53    52     11        45     200          10 
   34     1    65    55     14       529     614          10 
   35     1    63    65      8       686     813          10 
   36     1     2    60      5        41     208          10 
   37     1    20    20      8       606     693          10 
   38     1     5     5     16       302     405          10 
   39     1    60    12     31        33     224          10 
   40     1    40    25      9       360     437          10 
   41     1    42     7      5       396     511          10 
   42     1    24    12      5        25     172          10 
   43     1    23     3      7       620     705          10 
   44     1    11    14     18       233     340          10 
   45     1     6    38     16        29     189          10 
   46     1     2    48      1       515     628          10 
   47     1     8    56     27        85     250          10 
   48     1    13    52     36       773     906          10 
   49     1     6    68     30       501     540          10 
   50     1    47    47     13       547     642          10 
   51     1    49    58     10       348     453          10 
   52     1    27    43      9       174     299          10 
   53     1    37    31     14       414     489          10 
   54     1    57    29     18       641     734          10 
   55     1    63    23      2       620     739          10 
   56     1    53    12      6       585     692          10 
   57     1    32    12      7       421     530          10 
   58     1    36    26     18       849     980          10 
   59     1    21    24     28        17     229          10 
   60     1    17    34      3       721     862          10 
   61     1    12    24     13       290     377          10 
   62     1    24    58     19       163     302          10 
   63     1    27    69     10        34     191          10 
   64     1    15    77      9       214     333          10 
   65     1    62    77     20        49     188          10 
   66     1    49    73     25       592     693          10 
   67     1    67     5     25       294     401          10 
   68     1    56    39     36       637     752          10 
   69     1    37    47      6       162     293          10 
   70     1    37    56      5       788     968          10 
   71     1    57    68     15       268     367          10 
   72     1    47    16     25        31     208          10 
   73     1    44    17      9       308     399          10 
   74     1    46    13      8       681     802          10 
   75     1    49    11     18       236     345          10 
   76     1    49    42     13       290     373          10 
   77     1    53    43     14       817     952          10 
   78     1    61    52      3       384     499          10 
   79     1    57    48     23       388     465          10 
   80     1    56    37      6       839     968          10 
   81     1    55    54     26       411     456          10 
   82     1    15    47     16       162     289          10 
   83     1    14    37     11        96     249          10 
   84     1    11    31      7       436     511          10 
   85     1    16    22     41       376     461          10 
   86     1     4    18     35       388     465          10 
   87     1    28    18     26       420     447          10 
   88     1    26    52      9       279     388          10 
   89     1    26    35     15       755     920          10 
   90     1    31    67      3       392     487          10 
   91     1    15    19      1       739     866          10 
   92     1    22    22      2        18     181          10 
   93     1    18    24     22       811     969          10 
   94     1    26    27     27       436     503          10 
   95     1    25    24     20        92     231          10 
   96     1    22    27     11       607     690          10 
   97     1    25    21     12       612     673          10 
   98     1    19    21     10       183     306          10 
   99     1    20    26      9       333     432          10 
  100     1    18    18     17       798     965          10 
  101     2    35    35      0         0    1000           0 
  102     2    61    37      0         0    1000           0 
  103     2    74    39      0         0    1000           0 
  104     2    47    57      0         0    1000           0 
  105     2    57    65      0         0    1000           0 
  106     2    29    59      0         0    1000           0 
  107     2    34    71      0         0    1000           0 
  108     2    22    58      0         0    1000           0 
  109     2     7    61      0         0    1000           0 
  110     2    18    41      0         0    1000           0 
  111     2     5    39      0         0    1000           0 
  112     2    14    20      0         0    1000           0 
  113     2     0    26      0         0    1000           0 
  114     2    24    25      0         0    1000           0 
  115     2    26     6      0         0    1000           0 
  116     2    34    20      0         0    1000           0 
  117     2    41     5      0         0    1000           0 
  118     2    50     9      0         0    1000           0 
  119     2    61    14      0         0    1000           0 
  120     2    62    21      0         0    1000           0 
  121     2    74    30      0         0    1000           0 

ECV fuel tank capacity /187.86/
BSV fuel tank capacity /375.72/
ECV load capacity /1000/
BSV load capacity /5/
ECV consumption rate /1/
BSV consumption rate /1/
ECV inverse refueling rate /0.48/
Swapping service time /3.00/
Velocity /1/
