   ID  Type     x     y demand ReadyTime DueDate ServiceTime 
    0     0    35    35      0         0    1000           0 
    1     1    41    49     10       451     974          10 
    2     1    35    17      7        18     534          10 
    3     1    55    45     13       378     733          10 
    4     1    55    20     19       477     965          10 
    5     1    15    30     26        20     610          10 
    6     1    25    30      3       245     684          10 
    7     1    20    50      5       172     569          10 
    8     1    10    43      9       245     640          10 
    9     1    55    60     16       231     666          10 
   10     1    30    60     16       430     779          10 
   11     1    20    65     12        33     511          10 
   12     1    50    35     19        50     523          10 
   13     1    30    25     23       462     978          10 
   14     1    15    10     20        32     694          10 
   15     1    30     5      8        30     519          10 
   16     1    10    20     19       102     543          10 
   17     1     5    30      2       444     959          10 
   18     1    20    40     12       229     582          10 
   19     1    15    60     17        95     552          10 
   20     1    45    65      9       418     829          10 
   21     1    45    20     11        36     509          10 
   22     1    45    10     18       246     657          10 
   23     1    55     5     29        36     514          10 
   24     1    65    35      3       435     960          10 
   25     1    65    20      6       438     956          10 
   26     1    45    30     17       428     827          10 
   27     1    35    40     16         5     548          10 
   28     1    41    37     16         6     526          10 
   29     1    64    42      9        29     513          10 
   30     1    40    60     21        91     522          10 
   31     1    31    52     27        17     501          10 
   32     1    35    69     23       482     955          10 
   33     1    53    52     11        24     575          10 
   34     1    65    55     14       367     776          10 
   35     1    63    65      8       453     948          10 
   36     1     2    60      5        41     615          10 
   37     1    20    20      8       443     856          10 
   38     1     5     5     16       130     577          10 
   39     1    60    12     31        33     655          10 
   40     1    40    25      9       201     596          10 
   41     1    42     7      5       219     688          10 
   42     1    24    12      5        25     560          10 
   43     1    23     3      7       458     867          10 
   44     1    11    14     18        59     514          10 
   45     1     6    38     16        29     589          10 
   46     1     2    48      1       338     805          10 
   47     1     8    56     27        34     602          10 
   48     1    13    52     36       454     962          10 
   49     1     6    68     30       362     679          10 
   50     1    47    47     13       379     810          10 
   51     1    49    58     10       176     625          10 
   52     1    27    43      9        11     502          10 
   53     1    37    31     14       256     647          10 
   54     1    57    29     18       475     900          10 
   55     1    63    23      2       441     918          10 
   56     1    53    12      6       412     865          10 
   57     1    32    12      7       246     705          10 
   58     1    36    26     18       479     980          10 
   59     1    21    24     28        17     681          10 
   60     1    17    34      3       449     971          10 
   61     1    12    24     13       126     541          10 
   62     1    24    58     19        25     544          10 
   63     1    27    69     10        34     588          10 
   64     1    15    77      9        46     524          10 
   65     1    62    77     20        49     568          10 
   66     1    49    73     25       421     864          10 
   67     1    67     5     25       120     575          10 
   68     1    56    39     36       459     930          10 
   69     1    37    47      6        12     513          10 
   70     1    37    56      5       368     968          10 
   71     1    57    68     15        98     537          10 
   72     1    47    16     25        22     617          10 
   73     1    44    17      9       143     564          10 
   74     1    46    13      8       482     965          10 
   75     1    49    11     18        62     519          10 
   76     1    49    42     13       129     534          10 
   77     1    53    43     14       460     970          10 
   78     1    61    52      3       207     676          10 
   79     1    57    48     23       230     623          10 
   80     1    56    37      6       470     968          10 
   81     1    55    54     26       268     599          10 
   82     1    15    47     16        23     515          10 
   83     1    14    37     11        21     568          10 
   84     1    11    31      7       278     669          10 
   85     1    16    22     41       213     624          10 
   86     1     4    18     35       230     623          10 
   87     1    28    18     26       287     580          10 
   88     1    26    52      9       104     563          10 
   89     1    26    35     15       409     981          10 
   90     1    31    67      3       225     654          10 
   91     1    15    19      1       469     964          10 
   92     1    22    22      2        18     585          10 
   93     1    18    24     22       414     969          10 
   94     1    26    27     27       283     656          10 
   95     1    25    24     20        14     533          10 
   96     1    22    27     11       445     852          10 
   97     1    25    21     12       462     823          10 
   98     1    19    21     10        21     506          10 
   99     1    20    26      9       164     601          10 
  100     1    18    18     17       391     965          10 
  101     2    35    35      0         0    1000           0 
  102     2    61    37      0         0    1000           0 
  103     2    74    39      0         0    1000           0 
  104     2    47    57      0         0    1000           0 
  105     2    57    65      0         0    1000           0 
  106     2    29    59      0         0    1000           0 
  107     2    34    71      0         0    1000           0 
  108     2    22    58      0         0    1000           0 
  109     2     7    61      0         0    1000           0 
  110     2    18    41      0         0    1000           0 
  111     2     5    39      0         0    1000           0 
  112     2    14    20      0         0    1000           0 
  113     2     0    26      0         0    1000           0 
  114     2    24    25      0         0    1000           0 
  115     2    26     6      0         0    1000           0 
  116     2    34    20      0         0    1000           0 
  117     2    41     5      0         0    1000           0 
  118     2    50     9      0         0    1000           0 
  119     2    61    14      0         0    1000           0 
  120     2    62    21      0         0    1000           0 
  121     2    74    30      0         0    1000           0 

ECV fuel tank capacity /265.71/
BSV fuel tank capacity /531.42/
ECV load capacity /1000/
BSV load capacity /5/
ECV consumption rate /1/
BSV consumption rate /1/
ECV inverse refueling rate /0.33/
Swapping service time /3.00/
Velocity /1/
