   ID  Type     x     y demand ReadyTime DueDate ServiceTime 
    0     0    40    50      0         0     240           0 
    1     1    25    85     20       125     191          10 
    2     1    22    75     30        32      97          10 
    3     1    22    85     10       101     146          10 
    4     1    20    80     40        71     193          10 
    5     1    20    85     20        40     113          10 
    6     1    18    75     20        55     164          10 
    7     1    15    75     20        69     118          10 
    8     1    15    80     10        56     155          10 
    9     1    10    35     20        51     160          10 
   10     1    10    40     30        90     177          10 
   11     1     8    40     40        33     152          10 
   12     1     8    45     20        49     108          10 
   13     1     5    35     10        62     191          10 
   14     1     5    45     10        35     117          10 
   15     1     2    40     20        39     161          10 
   16     1     0    40     20        59     114          10 
   17     1     0    45     20        60     189          10 
   18     1    44     5     20        79     124          10 
   19     1    42    10     40        58     115          10 
   20     1    42    15     10       111     162          10 
   21     1    40     5     10        52     111          10 
   22     1    40    15     40        55     158          10 
   23     1    38     5     30        45     164          10 
   24     1    38    15     10       128     194          10 
   25     1    35     5     20        54     184          10 
   26     1    95    30     30       105     154          10 
   27     1    95    35     20        57     172          10 
   28     1    92    30     10        55     120          10 
   29     1    90    35     10        52     112          10 
   30     1    88    30     10        52     159          10 
   31     1    88    35     20        50     110          10 
   32     1    87    30     10       116     175          10 
   33     1    85    25     10        51     178          10 
   34     1    85    35     30       100     151          10 
   35     1    67    85     20        61     185          10 
   36     1    65    85     40        43     186          10 
   37     1    65    82     10       113     164          10 
   38     1    62    80     30        37     148          10 
   39     1    60    80     10        36     191          10 
   40     1    60    85     30        50     149          10 
   41     1    58    75     20        48     165          10 
   42     1    55    80     10        33     166          10 
   43     1    55    85     20       117     168          10 
   44     1    55    82     10        35     148          10 
   45     1    20    82     10        37     177          10 
   46     1    18    80     10        98     157          10 
   47     1     2    45     10        38     109          10 
   48     1    42     5     10       120     184          10 
   49     1    42    12     10        79     158          10 
   50     1    72    35     30       104     157          10 
   51     1    55    20     19        69     126          10 
   52     1    25    30      3        36      97          10 
   53     1    20    50      5        57     154          10 
   54     1    55    60     16       127     180          10 
   55     1    30    60     16        95     214          10 
   56     1    50    35     19        88     201          10 
   57     1    30    25     23        82     139          10 
   58     1    15    10     20        56     182          10 
   59     1    10    20     19        42     125          10 
   60     1    15    60     17       137     202          10 
   61     1    45    65      9        55     106          10 
   62     1    65    35      3        29     158          10 
   63     1    65    20      6        39     108          10 
   64     1    45    30     17        20     139          10 
   65     1    35    40     16        11     140          10 
   66     1    41    37     16        92     203          10 
   67     1    64    42      9        28     141          10 
   68     1    40    60     21       100     217          10 
   69     1    31    52     27         9     134          10 
   70     1    35    69     23        60     210          10 
   71     1    65    55     14        52     107          10 
   72     1    63    65      8        27     101          10 
   73     1     2    60      5        65     118          10 
   74     1    20    20      8        72     193          10 
   75     1    61    86     16        60     117          10 
   76     1    60    12     31        42     143          10 
   77     1    23     3      7        52     180          10 
   78     1     8    56     27        46     163          10 
   79     1     6    68     30        54     153          10 
   80     1    47    47     13        97     222          10 
   81     1    49    58     10        80     121          10 
   82     1    27    43      9        26      87          10 
   83     1    37    31     14        19      87          10 
   84     1    57    29     18        62     159          10 
   85     1    63    23      2        76     127          10 
   86     1    21    24     28        77     126          10 
   87     1    12    24     13        68     141          10 
   88     1    24    58     19        24     139          10 
   89     1    67     5     25       105     177          10 
   90     1    37    47      6        74     127          10 
   91     1    49    42     13       151     212          10 
   92     1    53    43     14        14     155          10 
   93     1    61    52      3        69     208          10 
   94     1    57    48     23        86     133          10 
   95     1    56    37      6        20      84          10 
   96     1    55    54     26       121     172          10 
   97     1     4    18     35       112     157          10 
   98     1    26    52      9        30      91          10 
   99     1    26    35     15        37     146          10 
  100     1    31    67      3        66     210          10 
  101     2    40    50      0         0     240           0 
  102     2    73    52      0         0     240           0 
  103     2    90    55      0         0     240           0 
  104     2    55    79      0         0     240           0 
  105     2    69    89      0         0     240           0 
  106     2    32    80      0         0     240           0 
  107     2    39    96      0         0     240           0 
  108     2    23    80      0         0     240           0 
  109     2     4    83      0         0     240           0 
  110     2    18    58      0         0     240           0 
  111     2     1    56      0         0     240           0 
  112     2    13    31      0         0     240           0 
  113     2    -5    38      0         0     240           0 
  114     2    26    37      0         0     240           0 
  115     2    28    13      0         0     240           0 
  116     2    39    31      0         0     240           0 
  117     2    48    11      0         0     240           0 
  118     2    59    17      0         0     240           0 
  119     2    73    23      0         0     240           0 
  120     2    74    32      0         0     240           0 
  121     2    90    44      0         0     240           0 

ECV fuel tank capacity /79.69/
BSV fuel tank capacity /159.38/
ECV load capacity /200/
BSV load capacity /5/
ECV consumption rate /1/
BSV consumption rate /1/
ECV inverse refueling rate /1.14/
Swapping service time /3.00/
Velocity /1/
