   ID  Type     x     y demand ReadyTime DueDate ServiceTime 
    0     0    40    50      0         0     240           0 
    1     1    25    85     20       130     190          10 
    2     1    22    75     30        35      95          10 
    3     1    22    85     10        94     154          10 
    4     1    20    80     40       126     186          10 
    5     1    20    85     20        40     100          10 
    6     1    18    75     20        80     140          10 
    7     1    15    75     20        64     124          10 
    8     1    15    80     10        76     136          10 
    9     1    10    35     20        76     136          10 
   10     1    10    40     30       104     164          10 
   11     1     8    40     40        44     104          10 
   12     1     8    45     20        49     109          10 
   13     1     5    35     10       127     187          10 
   14     1     5    45     10        35      95          10 
   15     1     2    40     20        43     103          10 
   16     1     0    40     20        57     117          10 
   17     1     0    45     20       129     189          10 
   18     1    44     5     20        72     132          10 
   19     1    42    10     40        57     117          10 
   20     1    42    15     10       107     167          10 
   21     1    40     5     10        52     112          10 
   22     1    40    15     40        77     137          10 
   23     1    38     5     30        50     110          10 
   24     1    38    15     10       133     193          10 
   25     1    35     5     20       124     184          10 
   26     1    95    30     30       100     160          10 
   27     1    95    35     20        57     117          10 
   28     1    92    30     10        55     115          10 
   29     1    90    35     10        52     112          10 
   30     1    88    30     10        59     119          10 
   31     1    88    35     20        50     110          10 
   32     1    87    30     10       116     176          10 
   33     1    85    25     10        51     111          10 
   34     1    85    35     30        96     156          10 
   35     1    67    85     20       124     184          10 
   36     1    65    85     40        43     103          10 
   37     1    65    82     10       109     169          10 
   38     1    62    80     30        60     120          10 
   39     1    60    80     10        36      96          10 
   40     1    60    85     30        70     130          10 
   41     1    58    75     20        77     137          10 
   42     1    55    80     10        33      93          10 
   43     1    55    85     20       113     173          10 
   44     1    55    82     10        49     109          10 
   45     1    20    82     10        37      97          10 
   46     1    18    80     10        98     158          10 
   47     1     2    45     10        38      98          10 
   48     1    42     5     10       124     184          10 
   49     1    42    12     10        89     149          10 
   50     1    72    35     30       101     161          10 
   51     1    55    20     19        68     128          10 
   52     1    25    30      3        37      97          10 
   53     1    20    50      5        76     136          10 
   54     1    55    60     16       124     184          10 
   55     1    30    60     16       125     185          10 
   56     1    50    35     19       115     175          10 
   57     1    30    25     23        81     141          10 
   58     1    15    10     20       122     182          10 
   59     1    10    20     19        42     102          10 
   60     1    15    60     17       140     200          10 
   61     1    45    65      9        51     111          10 
   62     1    65    35      3        37      97          10 
   63     1    65    20      6        39      99          10 
   64     1    45    30     17        38      98          10 
   65     1    35    40     16        11      71          10 
   66     1    41    37     16       118     178          10 
   67     1    64    42      9        55     115          10 
   68     1    40    60     21       129     189          10 
   69     1    31    52     27        26      86          10 
   70     1    35    69     23       150     210          10 
   71     1    65    55     14        50     110          10 
   72     1    63    65      8        27      87          10 
   73     1     2    60      5        62     122          10 
   74     1    20    20      8       126     186          10 
   75     1    52    42     16        59     119          10 
   76     1    60    12     31        60     120          10 
   77     1    23     3      7       120     180          10 
   78     1     8    56     27        75     135          10 
   79     1     6    68     30        74     134          10 
   80     1    47    47     13       162     222          10 
   81     1    49    58     10        71     131          10 
   82     1    27    43      9        27      87          10 
   83     1    37    31     14        20      80          10 
   84     1    57    29     18        81     141          10 
   85     1    63    23      2        72     132          10 
   86     1    21    24     28        72     132          10 
   87     1    12    24     13        75     135          10 
   88     1    24    58     19        52     112          10 
   89     1    67     5     25       117     177          10 
   90     1    37    47      6        71     131          10 
   91     1    49    42     13       152     212          10 
   92     1    53    43     14        14      74          10 
   93     1    61    52      3       148     208          10 
   94     1    57    48     23        80     140          10 
   95     1    56    37      6        20      80          10 
   96     1    55    54     26       117     177          10 
   97     1     4    18     35       105     165          10 
   98     1    26    52      9        31      91          10 
   99     1    26    35     15        62     122          10 
  100     1    31    67      3       150     210          10 
  101     2    40    50      0         0     240           0 
  102     2    73    52      0         0     240           0 
  103     2    90    55      0         0     240           0 
  104     2    55    79      0         0     240           0 
  105     2    69    89      0         0     240           0 
  106     2    32    80      0         0     240           0 
  107     2    39    96      0         0     240           0 
  108     2    23    80      0         0     240           0 
  109     2     4    83      0         0     240           0 
  110     2    18    58      0         0     240           0 
  111     2     1    56      0         0     240           0 
  112     2    13    31      0         0     240           0 
  113     2    -5    38      0         0     240           0 
  114     2    26    37      0         0     240           0 
  115     2    28    13      0         0     240           0 
  116     2    39    31      0         0     240           0 
  117     2    48    11      0         0     240           0 
  118     2    59    17      0         0     240           0 
  119     2    73    23      0         0     240           0 
  120     2    74    32      0         0     240           0 
  121     2    90    44      0         0     240           0 

ECV fuel tank capacity /79.69/
BSV fuel tank capacity /159.38/
ECV load capacity /200/
BSV load capacity /5/
ECV consumption rate /1/
BSV consumption rate /1/
ECV inverse refueling rate /1.14/
Swapping service time /3.00/
Velocity /1/
