   ID  Type     x     y demand ReadyTime DueDate ServiceTime 
    0     0    40    50      0         0     960           0 
    1     1    25    85     20       431     911          10 
    2     1    22    75     30        30     510          10 
    3     1    22    85     10       291     771          10 
    4     1    20    80     40       674     734          10 
    5     1    20    85     20        40     520          10 
    6     1    18    75     20       393     502          10 
    7     1    15    75     20       120     600          10 
    8     1    15    80     10       397     457          10 
    9     1    10    35     20       401     461          10 
   10     1    10    40     30       535     622          10 
   11     1     8    40     40       225     285          10 
   12     1     8    45     20        43     523          10 
   13     1     5    35     10       683     743          10 
   14     1     5    45     10        35     366          10 
   15     1     2    40     20       204     264          10 
   16     1     0    40     20       204     425          10 
   17     1     0    45     20       698     827          10 
   18     1    44     5     20       306     483          10 
   19     1    42    10     40       199     428          10 
   20     1    42    15     10       494     699          10 
   21     1    40     5     10        45     525          10 
   22     1    40    15     40       383     486          10 
   23     1    38     5     30       231     291          10 
   24     1    38    15     10       609     872          10 
   25     1    35     5     20       821     881          10 
   26     1    95    30     30       349     829          10 
   27     1    95    35     20       138     273          10 
   28     1    92    30     10        78     339          10 
   29     1    90    35     10       132     375          10 
   30     1    88    30     10       252     359          10 
   31     1    88    35     20        50     530          10 
   32     1    87    30     10       562     799          10 
   33     1    85    25     10        71     208          10 
   34     1    85    35     30       307     787          10 
   35     1    67    85     20       655     778          10 
   36     1    65    85     40        43     186          10 
   37     1    65    82     10       377     857          10 
   38     1    62    80     30       308     368          10 
   39     1    60    80     10        46     201          10 
   40     1    60    85     30       339     438          10 
   41     1    58    75     20       377     494          10 
   42     1    55    80     10        33     166          10 
   43     1    55    85     20       531     736          10 
   44     1    55    82     10       247     307          10 
   45     1    20    82     10        37     177          10 
   46     1    18    80     10       432     665          10 
   47     1     2    45     10        38     322          10 
   48     1    42     5     10       424     904          10 
   49     1    42    12     10       460     539          10 
   50     1    72    35     30       327     807          10 
   51     1    55    20     19       273     498          10 
   52     1    25    30      3        25     505          10 
   53     1    20    50      5       405     465          10 
   54     1    55    60     16       554     767          10 
   55     1    30    60     16       629     689          10 
   56     1    50    35     19       560     673          10 
   57     1    30    25     23       342     571          10 
   58     1    15    10     20       842     902          10 
   59     1    10    20     19        42     522          10 
   60     1    15    60     17       623     884          10 
   61     1    45    65      9       214     421          10 
   62     1    65    35      3       197     257          10 
   63     1    65    20      6        39     316          10 
   64     1    45    30     17       191     310          10 
   65     1    35    40     16        11     140          10 
   66     1    41    37     16       570     681          10 
   67     1    64    42      9       298     358          10 
   68     1    40    60     21       613     730          10 
   69     1    31    52     27       187     247          10 
   70     1    35    69     23       780     930          10 
   71     1    65    55     14       191     410          10 
   72     1    63    65      8        27     507          10 
   73     1     2    60      5       240     451          10 
   74     1    20    20      8       675     735          10 
   75     1     5     5     16        57     537          10 
   76     1    60    12     31       298     358          10 
   77     1    23     3      7       794     854          10 
   78     1     8    56     27       366     483          10 
   79     1     6    68     30       382     442          10 
   80     1    47    47     13       817     942          10 
   81     1    49    58     10       332     497          10 
   82     1    27    43      9        14     494          10 
   83     1    37    31     14        19     499          10 
   84     1    57    29     18       425     485          10 
   85     1    63    23      2       164     644          10 
   86     1    21    24     28       310     507          10 
   87     1    12    24     13       389     449          10 
   88     1    24    58     19       262     377          10 
   89     1    67     5     25       611     897          10 
   90     1    37    47      6       311     526          10 
   91     1    49    42     13       457     937          10 
   92     1    53    43     14        14      74          10 
   93     1    61    52      3       789     928          10 
   94     1    57    48     23       212     692          10 
   95     1    56    37      6        20     500          10 
   96     1    55    54     26       382     862          10 
   97     1     4    18     35       516     697          10 
   98     1    26    52      9        14     494          10 
   99     1    26    35     15       338     398          10 
  100     1    31    67      3       870     930          10 
  101     2    40    50      0         0     960           0 
  102     2    73    52      0         0     960           0 
  103     2    90    55      0         0     960           0 
  104     2    55    79      0         0     960           0 
  105     2    69    89      0         0     960           0 
  106     2    32    80      0         0     960           0 
  107     2    39    96      0         0     960           0 
  108     2    23    80      0         0     960           0 
  109     2     4    83      0         0     960           0 
  110     2    18    58      0         0     960           0 
  111     2     1    56      0         0     960           0 
  112     2    13    31      0         0     960           0 
  113     2    -5    38      0         0     960           0 
  114     2    26    37      0         0     960           0 
  115     2    28    13      0         0     960           0 
  116     2    39    31      0         0     960           0 
  117     2    48    11      0         0     960           0 
  118     2    59    17      0         0     960           0 
  119     2    73    23      0         0     960           0 
  120     2    74    32      0         0     960           0 
  121     2    90    44      0         0     960           0 

ECV fuel tank capacity /194.58/
BSV fuel tank capacity /389.16/
ECV load capacity /1000/
BSV load capacity /5/
ECV consumption rate /1/
BSV consumption rate /1/
ECV inverse refueling rate /0.45/
Swapping service time /3.00/
Velocity /1/
