   ID  Type     x     y demand ReadyTime DueDate ServiceTime 
    0     0    40    50      0         0     960           0 
    1     1    25    85     20         0     911          10 
    2     1    22    75     30         0     919          10 
    3     1    22    85     10         0     910          10 
    4     1    20    80     40       644     764          10 
    5     1    20    85     20         0     909          10 
    6     1    18    75     20       388     508          10 
    7     1    15    75     20         0     914          10 
    8     1    15    80     10       367     487          10 
    9     1    10    35     20       371     491          10 
   10     1    10    40     30       519     639          10 
   11     1     8    40     40       195     315          10 
   12     1     8    45     20         0     917          10 
   13     1     5    35     10       653     773          10 
   14     1     5    45     10         0     914          10 
   15     1     2    40     20       174     294          10 
   16     1     0    40     20         0     908          10 
   17     1     0    45     20       703     823          10 
   18     1    44     5     20         0     904          10 
   19     1    42    10     40         0     909          10 
   20     1    42    15     10         0     914          10 
   21     1    40     5     10         0     905          10 
   22     1    40    15     40       375     495          10 
   23     1    38     5     30       201     321          10 
   24     1    38    15     10         0     914          10 
   25     1    35     5     20       784     904          10 
   26     1    95    30     30         0     891          10 
   27     1    95    35     20       146     266          10 
   28     1    92    30     10         0     894          10 
   29     1    90    35     10         0     897          10 
   30     1    88    30     10       246     366          10 
   31     1    88    35     20         0     899          10 
   32     1    87    30     10         0     898          10 
   33     1    85    25     10        80     200          10 
   34     1    85    35     30         0     902          10 
   35     1    67    85     20       657     777          10 
   36     1    65    85     40        43     163          10 
   37     1    65    82     10         0     909          10 
   38     1    62    80     30       278     398          10 
   39     1    60    80     10        64     184          10 
   40     1    60    85     30       329     449          10 
   41     1    58    75     20       376     496          10 
   42     1    55    80     10        33     153          10 
   43     1    55    85     20         0     911          10 
   44     1    55    82     10       217     337          10 
   45     1    20    82     10        37     157          10 
   46     1    18    80     10         0     912          10 
   47     1     2    45     10         0     911          10 
   48     1    42     5     10         0     904          10 
   49     1    42    12     10       440     560          10 
   50     1    72    35     30         0     914          10 
   51     1    55    20     19         0     916          10 
   52     1    25    30      3         0     925          10 
   53     1    20    50      5       375     495          10 
   54     1    55    60     16         0     931          10 
   55     1    30    60     16       599     719          10 
   56     1    50    35     19       557     677          10 
   57     1    30    25     23         0     923          10 
   58     1    15    10     20       782     902          10 
   59     1    10    20     19         0     907          10 
   60     1    15    60     17         0     923          10 
   61     1    45    65      9         0     934          10 
   62     1    65    35      3       167     287          10 
   63     1    65    20      6         0     910          10 
   64     1    45    30     17       191     311          10 
   65     1    35    40     16        11     131          10 
   66     1    41    37     16       566     686          10 
   67     1    64    42      9       268     388          10 
   68     1    40    60     21       612     732          10 
   69     1    31    52     27       157     277          10 
   70     1    35    69     23       810     930          10 
   71     1    65    55     14         0     924          10 
   72     1    63    65      8         0     922          10 
   73     1     2    60      5         0     910          10 
   74     1    20    20      8       645     765          10 
   75     1     5     5     16         0     892          10 
   76     1    60    12     31       268     388          10 
   77     1    23     3      7       764     884          10 
   78     1     8    56     27       365     485          10 
   79     1     6    68     30       352     472          10 
   80     1    47    47     13       822     942          10 
   81     1    49    58     10         0     937          10 
   82     1    27    43      9         0     935          10 
   83     1    37    31     14         0     930          10 
   84     1    57    29     18       395     515          10 
   85     1    63    23      2         0     914          10 
   86     1    21    24     28         0     917          10 
   87     1    12    24     13       359     479          10 
   88     1    24    58     19       260     380          10 
   89     1    67     5     25         0     897          10 
   90     1    37    47      6         0     945          10 
   91     1    49    42     13         0     937          10 
   92     1    53    43     14        14     134          10 
   93     1    61    52      3       808     928          10 
   94     1    57    48     23         0     932          10 
   95     1    56    37      6         0     929          10 
   96     1    55    54     26         0     934          10 
   97     1     4    18     35         0     901          10 
   98     1    26    52      9         0     935          10 
   99     1    26    35     15       308     428          10 
  100     1    31    67      3       810     930          10 
  101     2    40    50      0         0     960           0 
  102     2    73    52      0         0     960           0 
  103     2    90    55      0         0     960           0 
  104     2    55    79      0         0     960           0 
  105     2    69    89      0         0     960           0 
  106     2    32    80      0         0     960           0 
  107     2    39    96      0         0     960           0 
  108     2    23    80      0         0     960           0 
  109     2     4    83      0         0     960           0 
  110     2    18    58      0         0     960           0 
  111     2     1    56      0         0     960           0 
  112     2    13    31      0         0     960           0 
  113     2    -5    38      0         0     960           0 
  114     2    26    37      0         0     960           0 
  115     2    28    13      0         0     960           0 
  116     2    39    31      0         0     960           0 
  117     2    48    11      0         0     960           0 
  118     2    59    17      0         0     960           0 
  119     2    73    23      0         0     960           0 
  120     2    74    32      0         0     960           0 
  121     2    90    44      0         0     960           0 

ECV fuel tank capacity /209.92/
BSV fuel tank capacity /419.84/
ECV load capacity /1000/
BSV load capacity /5/
ECV consumption rate /1/
BSV consumption rate /1/
ECV inverse refueling rate /0.42/
Swapping service time /3.00/
Velocity /1/
