15

6350	3650

20	90

0	87020	68200	97400	98981	75370	78820	77080	72160	44640	96311	99851	81970	61770	47060	51760	
86920	0	152630	72541	138422	92980	135330	136960	155710	124830	141702	140822	83320	77230	43440	111310	
69350	152450	0	158980	98420	103360	104790	60470	6220	61590	92950	101990	118071	122260	109130	59620	
97760	72323	158660	0	185955	149712	92330	189724	162620	109320	189235	188355	142892	40260	87770	149440	
101180	138662	99170	185784	0	44130	172140	39590	100370	130370	9320	5540	62870	158322	99813	48750	
76360	92940	103570	151121	44010	0	148790	58830	104770	114610	51640	43960	21180	127820	61190	45390	
78480	135300	105220	92600	169610	149160	0	140100	109180	48680	164251	173291	158740	60080	117750	122610	
78380	137360	60720	189403	39460	58640	139570	0	61920	96370	33990	43030	77750	138170	99881	26200	
73240	154930	5940	162870	99800	104740	108680	61850	0	65480	94330	103370	119841	126150	111610	61000	
44380	124980	61880	109110	130281	115060	48780	96760	65840	0	124922	133962	124500	70520	89930	83020	
96780	141782	93560	188904	9300	51470	166890	33980	94760	125130	0	10730	70210	157740	102933	43510	
103650	141132	102450	188254	5560	44070	175671	42870	103650	134020	10620	0	62331	160792	102283	52400	
82210	83300	118900	144751	62720	21230	159150	78010	120470	124850	70350	62200	0	126480	57670	64820	
61820	77270	122160	39850	159370	127800	60080	138250	126120	69660	157491	161770	126590	0	70660	112940	
47070	43390	109260	87770	100143	61370	117980	99511	112340	90270	103423	102543	58000	70700	0	73861	
53220	111650	58810	149730	49170	45140	122670	27030	60010	82900	44150	52920	64530	113010	74171	0	


0	 Bulford                            0		0		32400		0

1	 Stonehouse                         383		5078		24949		766
2	 Lee-on-the-Solent                  142		1916		20405		284
3	 Weston-super-Mare                  135		4215		22903		270
4	 Windsor                            346		3131		21927		692
5	 Wallingford                        457		3776		22877		914
6	 Dorchester                         393		1737		20701		786
7	 Farnham                            694		3784		24215		1388
8	 Gosport                            285		4402		24469		570
9	 Verwood                            407		2759		23264		814
10	 Egham                              215		4022		23639		430
11	 Slough                             628		4427		24549		1256
12	 Oxford                             783		2900		24200		1566
13	 Shepton_Mallet                     528		4187		24944		1056
14	 Wootton_Bassett                    469		5335		26105		938
15	 Basingstoke                        363		714		20400		726
