15

6350	3650

20	90

0	65100	27431	22380	62360	99730	74220	86200	48130	97920	77870	67400	64890	99670	83590	25061	
65170	0	56760	54630	12900	54490	28170	56980	39020	68700	48650	37570	26390	108280	38540	60610	
27411	56920	0	43750	51490	85960	60640	68120	24160	79610	61270	52290	51310	116210	70010	4460	
22390	54080	43830	0	59661	100530	74430	87380	51460	99100	79050	68580	65880	85690	84140	44841	
62150	12760	50300	59780	0	43820	17470	45280	30460	57000	36950	25870	14580	118451	27870	54470	
99350	54340	85340	100260	44200	0	28490	38940	64120	40270	31670	39110	36870	164960	16570	89510	
73970	28040	60050	74000	18000	28530	0	39020	38830	46570	31410	21650	11960	135810	12580	64220	
85990	56950	69010	87160	45670	39180	38990	0	48100	14580	11600	20060	32910	157380	33250	73180	
48110	38890	23930	52200	31100	64240	39170	47820	0	59310	40970	31350	29840	118280	48540	28100	
97000	67960	79570	98170	56680	40020	46640	13870	58660	0	22610	31070	43920	170120	37730	83740	
78290	49250	62250	79460	37970	31970	31330	11820	41340	22280	0	12360	25210	148630	25720	66420	
67160	37650	52940	68330	26370	39240	21260	20400	31020	32120	12070	0	13610	132450	28430	57110	
64820	26730	50900	65820	15210	36840	11890	33160	29680	44880	24830	13750	0	126381	21260	55070	
99490	108370	116090	85490	117881	164970	133481	157700	117540	170930	148470	132770	126231	0	148810	118300	
83450	38440	69440	83700	28300	16600	12590	33260	48220	37750	25810	28400	21350	148780	0	73610	
25051	60550	4470	44821	55540	90201	64690	72170	28210	83660	65320	56340	55360	118460	74060	0	


0	 Largs                              0		0		32400		0

1	 Strathaven                         110		641		18980		220
2	 Port_Glasgow                       385		887		21042		770
3	 Saltcoats                          678		1052		22286		1356
4	 Hamilton                           795		3387		23637		1590
5	 Broxburn                           793		3048		23891		1586
6	 Kirk_of_Shotts                     101		3161		21838		202
7	 Bannockburn                        748		920		21064		1496
8	 Clydebank                          349		769		19683		698
9	 Alloa                              661		2933		23078		1322
10	 Denny                              660		3784		23719		1320
11	 Cumbernauld                        355		2224		21943		710
12	 Airdrie                            804		2191		22295		1608
13	 Donaghadee                         620		4609		24797		1240
14	 Whitburn                           700		4097		23984		1400
15	 Greenock                           102		4810		23501		204
