15

6350	3650

20	90

0	46260	88331	96601	68010	40810	24590	53600	48171	57840	60170	15290	47450	82821	83910	27190	
46200	0	44050	53150	66490	25450	49960	29770	15250	12230	56760	42810	34020	38540	48650	52250	
88091	44000	0	10290	83590	52550	82560	42950	41410	33650	73770	80971	54750	6230	24190	86310	
96571	52970	10270	0	89550	59570	88520	47860	49890	42620	78830	89400	60710	15880	19280	92270	
67970	66570	83920	89190	0	47270	45750	42630	53260	66910	10200	53220	33960	79620	70880	43830	
40950	25360	52600	59620	47130	0	32600	14550	12970	29620	37390	31340	13860	47090	44860	36350	
24920	49140	82550	88550	46100	32550	0	42320	43540	60190	39940	9880	31020	77660	72910	5280	
53110	28910	42460	47600	42550	13940	42040	0	15870	26840	32820	42920	13800	38350	31620	45790	
48461	14990	41850	50120	53300	13330	43600	16560	0	18540	43570	41341	20830	36340	41040	47341	
57760	12070	33500	42600	65680	29030	59300	26860	17890	0	55950	54370	36320	27990	42300	63050	
60410	56920	74120	78510	10170	37460	39870	33020	43610	57300	0	45370	24150	70010	61270	41960	
15550	42970	81311	89440	53260	31300	9820	43500	41151	54550	45400	0	33290	75801	73810	12440	
47750	33830	54780	60780	33890	13930	30970	13680	20520	37060	24150	33270	0	50670	44950	34720	
82531	38440	6160	15800	79260	46990	77260	38620	35850	28090	69440	75411	50420	0	25810	81010	
84400	49250	24150	19530	71980	45230	73330	32310	41510	42820	62250	74210	45350	25720	0	77080	
27510	51700	86310	92310	43840	36310	5290	46080	47061	63280	42040	12760	34780	81420	76670	0	


0	 Prestwick                          0		0		32400		0

1	 Strathaven                         624		4107		24390		1248
2	 Bathgate                           540		3112		23088		1080
3	 Linlithgow                         659		1679		22175		1318
4	 Gourock                            485		778		21289		970
5	 Newton_Mearns                      459		2428		21845		918
6	 Kilwinning                         123		776		20990		246
7	 Glasgow                            810		3065		24408		1620
8	 East_Kilbride                      148		4747		24282		296
9	 Larkhall                           407		3319		23381		814
10	 Port_Glasgow                       364		3199		22064		728
11	 Irvine                             184		3005		21769		368
12	 Paisley                            171		3845		23447		342
13	 Whitburn                           378		1494		22189		756
14	 Denny                              388		3172		23617		776
15	 Stevenston                         301		3791		23442		602
