Instance: E030-04s.DAT
Class:  1
   29 --- number of customers (no depot)
    4 --- number of vehicles
   29 --- number of items
Capacity - height - width of vehicles
  4500     40     20
Node - x - y - demand
    0   162.0   354.0     0.0
    1   218.0   382.0   300.0
    2   218.0   358.0  3100.0
    3   201.0   370.0   125.0
    4   214.0   371.0   100.0
    5   224.0   370.0   200.0
    6   210.0   382.0   150.0
    7   104.0   354.0   150.0
    8   126.0   338.0   450.0
    9   119.0   340.0   300.0
   10   129.0   349.0   100.0
   11   126.0   347.0   950.0
   12   125.0   346.0   125.0
   13   116.0   355.0   150.0
   14   126.0   335.0   150.0
   15   125.0   355.0   550.0
   16   119.0   357.0   150.0
   17   115.0   341.0   100.0
   18   153.0   351.0   150.0
   19   175.0   363.0   400.0
   20   180.0   360.0   300.0
   21   159.0   331.0  1500.0
   22   188.0   357.0   100.0
   23   152.0   349.0   300.0
   24   215.0   389.0   500.0
   25   212.0   394.0   800.0
   26   188.0   393.0   300.0
   27   207.0   406.0   100.0
   28   184.0   410.0   150.0
   29   207.0   392.0  1000.0
Node - number of items - h - w for each item
    0   0
    1   1    1    1
    2   1    1    1
    3   1    1    1
    4   1    1    1
    5   1    1    1
    6   1    1    1
    7   1    1    1
    8   1    1    1
    9   1    1    1
   10   1    1    1
   11   1    1    1
   12   1    1    1
   13   1    1    1
   14   1    1    1
   15   1    1    1
   16   1    1    1
   17   1    1    1
   18   1    1    1
   19   1    1    1
   20   1    1    1
   21   1    1    1
   22   1    1    1
   23   1    1    1
   24   1    1    1
   25   1    1    1
   26   1    1    1
   27   1    1    1
   28   1    1    1
   29   1    1    1
