Instance: E021-04m.dat
Class:  5
   20 --- number of customers (no depot)
    5 --- number of vehicles
   49 --- number of items
Capacity - height - width of vehicles
    85     40     20
Node - x - y - demand
    0    30.0    40.0     0.0
    1    42.0    41.0    19.0
    2    31.0    32.0    29.0
    3     5.0    25.0    23.0
    4    12.0    42.0    21.0
    5    36.0    16.0    10.0
    6    52.0    41.0    15.0
    7    27.0    23.0     3.0
    8    17.0    33.0    41.0
    9    13.0    13.0     9.0
   10    57.0    58.0    28.0
   11    62.0    42.0     8.0
   12    42.0    57.0     8.0
   13    16.0    57.0    16.0
   14     8.0    52.0    10.0
   15     7.0    38.0    28.0
   16    27.0    68.0     7.0
   17    30.0    48.0    15.0
   18    43.0    67.0    14.0
   19    58.0    48.0     6.0
   20    58.0    27.0    19.0
Node - number of items - h - w for each item
    0   0
    1   3    7   11    5    6   15    4
    2   2    5    2    6    4
    3   2   14    3    8    4
    4   1    5    5
    5   1    5    6
    6   2    8    6   21    3
    7   3   11    2   19    4    7   11
    8   4   14    4   19    4   14    3    7   10
    9   1   21    2
   10   3    5    3   17    3    5    4
   11   2    5    9    6    9
   12   1    6    3
   13   1    4    8
   14   2    8    5   18    4
   15   4   10    3   22    3    7    6    6    2
   16   4    8    5    8    3    7    4    4    3
   17   4    6    9   22    4    4    5   21    2
   18   4   23    4    5    6    5    5   20    4
   19   1    5    4
   20   4    7   11    8    3    7   10    5    7
