Instance: E021-04m.dat
Class:  3
   20 --- number of customers (no depot)
    5 --- number of vehicles
   46 --- number of items
Capacity - height - width of vehicles
    85     40     20
Node - x - y - demand
    0    30.0    40.0     0.0
    1    42.0    41.0    19.0
    2    31.0    32.0    29.0
    3     5.0    25.0    23.0
    4    12.0    42.0    21.0
    5    36.0    16.0    10.0
    6    52.0    41.0    15.0
    7    27.0    23.0     3.0
    8    17.0    33.0    41.0
    9    13.0    13.0     9.0
   10    57.0    58.0    28.0
   11    62.0    42.0     8.0
   12    42.0    57.0     8.0
   13    16.0    57.0    16.0
   14     8.0    52.0    10.0
   15     7.0    38.0    28.0
   16    27.0    68.0     7.0
   17    30.0    48.0    15.0
   18    43.0    67.0    14.0
   19    58.0    48.0     6.0
   20    58.0    27.0    19.0
Node - number of items - h - w for each item
    0   0
    1   2    9    5   14    2
    2   1   14    2
    3   2    8    6   13    7
    4   3    6    6    7    9    6   15
    5   1   15    5
    6   3    6    9   12    6    8    9
    7   1    7    6
    8   2   14    3    6   13
    9   2    9    7    7   13
   10   3   20    3   15    3   24    4
   11   3   22    2    7   12   14    8
   12   2    7   14   15    5
   13   3   18    3   30    2    5   14
   14   3    6   11    4   10    8    7
   15   2   27    3   15    5
   16   3   14    6   16    6    6   12
   17   2    8   13    6    8
   18   3    6   13    8   11   21    3
   19   3    8    9   16    3   14    3
   20   2    6    8   21    4
