Instance: E016-03m.dat
Class:  4
   15 --- number of customers (no depot)
    4 --- number of vehicles
   37 --- number of items
Capacity - height - width of vehicles
    90     40     20
Node - x - y - demand
    0    30.0    40.0     0.0
    1    37.0    52.0     7.0
    2    49.0    49.0    30.0
    3    52.0    64.0    16.0
    4    20.0    26.0     9.0
    5    40.0    30.0    21.0
    6    21.0    47.0    15.0
    7    17.0    63.0    19.0
    8    31.0    62.0    23.0
    9    52.0    33.0    11.0
   10    51.0    21.0     5.0
   11    42.0    41.0    19.0
   12    31.0    32.0    29.0
   13     5.0    25.0    23.0
   14    12.0    42.0    21.0
   15    36.0    16.0    10.0
Node - number of items - h - w for each item
    0   0
    1   4    5   12    7    7   15    3   11    3
    2   2   28    2    6   14
    3   1    8    9
    4   4    8   11   15    7   11    2    6    9
    5   1   13    2
    6   4   12    5   16    3   29    3   13    7
    7   3    8    4    6    6    6    5
    8   3    7    6   16    6   13    8
    9   2   21    2    5   12
   10   1    5    9
   11   1   11    3
   12   1    7   12
   13   3    7   13    7   13    8    7
   14   3   26    3   17    3   32    3
   15   4   24    3    9    5    5    6    5   10
