Instance: E033-05s.dat
Class:  2
   32 --- number of customers (no depot)
    6 --- number of vehicles
   48 --- number of items
Capacity - height - width of vehicles
  8000     40     20
Node - x - y - demand
    0   292.0   495.0     0.0
    1   298.0   427.0   700.0
    2   309.0   445.0   400.0
    3   307.0   464.0   400.0
    4   336.0   475.0  1200.0
    5   320.0   439.0    40.0
    6   321.0   437.0    80.0
    7   322.0   437.0  2000.0
    8   323.0   433.0   900.0
    9   324.0   433.0   600.0
   10   323.0   429.0   750.0
   11   314.0   435.0  1500.0
   12   311.0   442.0   150.0
   13   304.0   427.0   250.0
   14   293.0   421.0  1600.0
   15   296.0   418.0   450.0
   16   261.0   384.0   700.0
   17   297.0   410.0   550.0
   18   315.0   407.0   650.0
   19   314.0   406.0   200.0
   20   321.0   391.0   400.0
   21   321.0   398.0   300.0
   22   314.0   394.0  1300.0
   23   313.0   378.0   700.0
   24   304.0   382.0   750.0
   25   295.0   402.0  1400.0
   26   283.0   406.0  4000.0
   27   279.0   399.0   600.0
   28   271.0   401.0  1000.0
   29   264.0   414.0   500.0
   30   277.0   439.0  2500.0
   31   290.0   434.0  1700.0
   32   319.0   433.0  1100.0
Node - number of items - h - w for each item
    0   0
    1   2   21    3   19    3
    2   1    5    9
    3   2    7   12   15    9
    4   2    7   10   28    3
    5   1   18    5
    6   1    6   10
    7   2    6   11   28    3
    8   1   13    9
    9   2   13    5   10    5
   10   2    5   14    8    4
   11   2    8   13   27    2
   12   1   18    8
   13   2   10    9   12    5
   14   2    4   12   24    4
   15   1   26    3
   16   1    9    9
   17   1    6    7
   18   1    9    9
   19   1    7   15
   20   1   11    7
   21   1   10    8
   22   2    6   17   12    7
   23   1    5    9
   24   1   17    6
   25   2   19    5   17    3
   26   2   19    4   21    2
   27   1   19    4
   28   2    7   15   16    3
   29   1    8    7
   30   2    6   15    4   15
   31   2   23    4   21    2
   32   2   14    8   18    2
