Instance: E041-14h.dat
Class:  4
   40 --- number of customers (no depot)
   14 --- number of vehicles
   96 --- number of items
Capacity - height - width of vehicles
    60     40     20
Node - x - y - demand
    0    40.0    40.0     0.0
    1    22.0    22.0    18.0
    2    36.0    26.0    26.0
    3    21.0    45.0    11.0
    4    45.0    35.0    30.0
    5    55.0    20.0    21.0
    6    33.0    34.0    19.0
    7    50.0    50.0    15.0
    8    55.0    45.0    16.0
    9    26.0    59.0    29.0
   10    40.0    66.0    26.0
   11    55.0    65.0    37.0
   12    35.0    51.0    16.0
   13    62.0    35.0    12.0
   14    62.0    57.0    31.0
   15    62.0    24.0     8.0
   16    21.0    36.0    19.0
   17    33.0    44.0    20.0
   18     9.0    56.0    13.0
   19    62.0    48.0    15.0
   20    66.0    14.0    22.0
   21    44.0    13.0    28.0
   22    26.0    13.0    12.0
   23    11.0    28.0     6.0
   24     7.0    43.0    27.0
   25    17.0    64.0    14.0
   26    41.0    46.0    18.0
   27    55.0    34.0    17.0
   28    35.0    16.0    29.0
   29    52.0    26.0    13.0
   30    43.0    26.0    22.0
   31    31.0    76.0    25.0
   32    22.0    53.0    28.0
   33    26.0    29.0    27.0
   34    50.0    40.0    19.0
   35    55.0    50.0    10.0
   36    54.0    10.0    12.0
   37    60.0    15.0    14.0
   38    47.0    66.0    24.0
   39    30.0    60.0    16.0
   40    30.0    50.0    33.0
Node - number of items - h - w for each item
    0   0
    1   4   16    5   20    4   18    3    9    3
    2   4    8   12    8    4    5    4    7    3
    3   4    7   10    7    9    5    7   13    4
    4   4    5   12    8    9    6    7   12    3
    5   3    7   12    7    8   31    3
    6   4    5   13    5   10    4   10    4    9
    7   1    9    8
    8   2    7    7    5    6
    9   1   17    3
   10   2    6   13   20    2
   11   3    6    8   16    5   31    2
   12   4    4   12   13    6    6    5   26    3
   13   1    6   12
   14   1    6   13
   15   2   28    4   28    4
   16   1   32    3
   17   1    9    7
   18   3    6   14   15    5   17    3
   19   3   31    3   31    3   31    3
   20   1    5    6
   21   2   12    7   31    2
   22   2    7    3   12    2
   23   1   13    3
   24   3   13    7    6    5   13    4
   25   2    7    6   23    3
   26   1   13    3
   27   2   16    5   23    3
   28   3    4   13   11    3   10    3
   29   2    6   12   13    4
   30   3    4    7   26    4   23    3
   31   1    8   13
   32   4    4   12   16    8    8    6   25    3
   33   3    7    8    7    6   26    4
   34   4    5   10   21    4   21    3    8    2
   35   1    8    5
   36   3    8    9   31    2   11    2
   37   1   23    2
   38   4    8   13    6   10    7    7   24    2
   39   1   12    3
   40   4    6    7    4    7    7    6   30    3
