Instance: E036-11h.dat
Class:  4
   35 --- number of customers (no depot)
   11 --- number of vehicles
   93 --- number of items
Capacity - height - width of vehicles
    67     40     20
Node - x - y - demand
    0    40.0    40.0     0.0
    1    22.0    22.0    18.0
    2    36.0    26.0    26.0
    3    21.0    45.0    11.0
    4    45.0    35.0    30.0
    5    55.0    20.0    21.0
    6    33.0    34.0    19.0
    7    50.0    50.0    15.0
    8    55.0    45.0    16.0
    9    26.0    59.0    29.0
   10    40.0    66.0    26.0
   11    55.0    65.0    37.0
   12    35.0    51.0    16.0
   13    62.0    35.0    12.0
   14    62.0    57.0    31.0
   15    62.0    24.0     8.0
   16    21.0    36.0    19.0
   17    33.0    44.0    20.0
   18     9.0    56.0    13.0
   19    62.0    48.0    15.0
   20    66.0    14.0    22.0
   21    44.0    13.0    28.0
   22    26.0    13.0    12.0
   23    11.0    28.0     6.0
   24     7.0    43.0    27.0
   25    17.0    64.0    14.0
   26    41.0    46.0    18.0
   27    55.0    34.0    17.0
   28    35.0    16.0    29.0
   29    52.0    26.0    13.0
   30    43.0    26.0    22.0
   31    31.0    76.0    25.0
   32    22.0    53.0    28.0
   33    26.0    29.0    27.0
   34    50.0    40.0    19.0
   35    55.0    50.0    10.0
Node - number of items - h - w for each item
    0   0
    1   1   22    3
    2   4    6    9   14    8   14    4    9    4
    3   4    6   10    7    5   20    3   12    3
    4   4    8   10    5    9    7    8   17    3
    5   4    6   10   11    6    8    4   28    2
    6   3    7   14    5   13    6   11
    7   2   16    7   11    4
    8   1    4   14
    9   2   17    4   27    3
   10   2    5    5   28    3
   11   3    5   10    8    6   11    5
   12   3   15    6    6    4   25    2
   13   1    4    5
   14   1    5   11
   15   3    5   11   18    4   11    4
   16   2   10    8   20    2
   17   1    9    8
   18   2   10    3    8    3
   19   4    6   10    5    5   27    3   25    3
   20   4    7   11    8    7    6    6   21    3
   21   1    7    9
   22   3    8   11   10    4   21    3
   23   3    6   14   13    6   31    4
   24   3    7   14   10    7   29    2
   25   4    7   12    6   12    8   11   22    4
   26   3    6    4    5    4   15    3
   27   4    5   12    6   11    7    9    9    7
   28   1   18    4
   29   4    7    8    7    8   15    6   12    4
   30   4    5   14    7   10    8    7   14    6
   31   4    6    9   20    3   14    3   16    2
   32   3   11    7    4    6   21    3
   33   1    6   11
   34   2    7    6   13    5
   35   2    8    6   13    3
