Instance: E030-04s.DAT
Class:  4
   29 --- number of customers (no depot)
    7 --- number of vehicles
   74 --- number of items
Capacity - height - width of vehicles
  4500     40     20
Node - x - y - demand
    0   162.0   354.0     0.0
    1   218.0   382.0   300.0
    2   218.0   358.0  3100.0
    3   201.0   370.0   125.0
    4   214.0   371.0   100.0
    5   224.0   370.0   200.0
    6   210.0   382.0   150.0
    7   104.0   354.0   150.0
    8   126.0   338.0   450.0
    9   119.0   340.0   300.0
   10   129.0   349.0   100.0
   11   126.0   347.0   950.0
   12   125.0   346.0   125.0
   13   116.0   355.0   150.0
   14   126.0   335.0   150.0
   15   125.0   355.0   550.0
   16   119.0   357.0   150.0
   17   115.0   341.0   100.0
   18   153.0   351.0   150.0
   19   175.0   363.0   400.0
   20   180.0   360.0   300.0
   21   159.0   331.0  1500.0
   22   188.0   357.0   100.0
   23   152.0   349.0   300.0
   24   215.0   389.0   500.0
   25   212.0   394.0   800.0
   26   188.0   393.0   300.0
   27   207.0   406.0   100.0
   28   184.0   410.0   150.0
   29   207.0   392.0  1000.0
Node - number of items - h - w for each item
    0   0
    1   3    4   11   21    4   29    3
    2   1    7   12
    3   4    5   12    7   11    8    7    7    4
    4   4    5   11   10    7    9    7   14    6
    5   4   10    7    4    5   27    3   13    3
    6   2    8   10   14    6
    7   3    8   14   16    5   26    4
    8   1   20    4
    9   2    8   14   13    4
   10   3    4    7    7    5   32    4
   11   3    7    6    8    5   30    3
   12   1   32    4
   13   2    7   14   19    3
   14   4   11    7   28    3   21    3   12    3
   15   4   10    7   23    4   14    4   14    4
   16   3    5    5   30    3   15    2
   17   1   26    3
   18   3    6    8    6    5    6    4
   19   2    4    6   14    2
   20   2   14    6   20    2
   21   2   22    4   29    2
   22   2    7   12    8   10
   23   4    5   12    5    8   10    7   11    2
   24   4    6   13    6    8   12    4   21    2
   25   1   22    2
   26   1   20    3
   27   4   10    5    5    5   25    4   19    2
   28   2    8   11   13    2
   29   2   19    4    8    3
