Instance: E023-03g.dat
Class:  3
   22 --- number of customers (no depot)
    5 --- number of vehicles
   41 --- number of items
Capacity - height - width of vehicles
  4500     40     20
Node - x - y - demand
    0   266.0   235.0     0.0
    1   295.0   272.0   125.0
    2   301.0   258.0    84.0
    3   309.0   260.0    60.0
    4   217.0   274.0   500.0
    5   218.0   278.0   300.0
    6   282.0   267.0   175.0
    7   242.0   249.0   350.0
    8   230.0   262.0   150.0
    9   249.0   268.0  1100.0
   10   256.0   267.0  4100.0
   11   265.0   257.0   225.0
   12   267.0   242.0   300.0
   13   259.0   265.0   250.0
   14   315.0   233.0   500.0
   15   329.0   252.0   150.0
   16   318.0   252.0   100.0
   17   329.0   224.0   250.0
   18   267.0   213.0   120.0
   19   275.0   192.0   600.0
   20   303.0   201.0   500.0
   21   208.0   217.0   175.0
   22   326.0   181.0    75.0
Node - number of items - h - w for each item
    0   0
    1   3    8   14    5   11   15    5
    2   2   14    8   19    2
    3   3    6    7    4    6   16    2
    4   3    5   11   22    4   21    3
    5   1   25    4
    6   1   32    2
    7   1    9    6
    8   1    8   14
    9   2    8    9    6    9
   10   3    5    8   27    3   26    3
   11   2   14    8   15    2
   12   3   11    6   12    5   14    3
   13   1   28    3
   14   1   26    2
   15   1    4    9
   16   1    4   10
   17   3    8   11    6   10   15    3
   18   3    4   10   11    7   16    5
   19   3    6   10   18    4   22    3
   20   1    9    5
   21   1   19    3
   22   1    7   12
