Instance: E022-06m.dat
Class:  5
   21 --- number of customers (no depot)
    6 --- number of vehicles
   56 --- number of items
Capacity - height - width of vehicles
  4000     40     20
Node - x - y - demand
    0   145.0   215.0     0.0
    1   151.0   264.0  1100.0
    2   159.0   261.0   700.0
    3   130.0   254.0   800.0
    4   128.0   252.0  1400.0
    5   163.0   247.0  2100.0
    6   146.0   246.0   400.0
    7   161.0   242.0   800.0
    8   142.0   239.0   100.0
    9   163.0   236.0   500.0
   10   148.0   232.0   600.0
   11   128.0   231.0  1200.0
   12   156.0   217.0  1300.0
   13   129.0   214.0  1300.0
   14   146.0   208.0   300.0
   15   164.0   208.0   900.0
   16   141.0   206.0  2100.0
   17   147.0   193.0  1000.0
   18   164.0   193.0   900.0
   19   129.0   189.0  2500.0
   20   155.0   185.0  1800.0
   21   139.0   182.0   700.0
Node - number of items - h - w for each item
    0   0
    1   4    5   11    7    4    7    3    5    3
    2   2    5    7   13    4
    3   4    7    9    8    4    9    3   11    2
    4   1   11    6
    5   3    7    7   21    3    7    2
    6   5    6    6    6    6    5    6   23    2   22    2
    7   2   12    5    9    4
    8   3    4    7    6    6    5    2
    9   1    5   11
   10   2   22    4   11    3
   11   1    9    6
   12   5    5   11   10    5    4    4   11    3    6    2
   13   3    7   10   23    3    7    3
   14   4   19    3   11    3    6    3    8    2
   15   2    6    5    6    2
   16   3    8    9    9    4    6    3
   17   5   10    6    7    6   14    3   13    3    4    3
   18   3    7    6   22    3   19    2
   19   1    8    8
   20   1    7    6
   21   1    7    4
