Instance: E021-06m.dat
Class:  5
   20 --- number of customers (no depot)
    6 --- number of vehicles
   62 --- number of items
Capacity - height - width of vehicles
    58     40     20
Node - x - y - demand
    0    30.0    40.0     0.0
    1    42.0    41.0    19.0
    2    31.0    32.0    29.0
    3     5.0    25.0    23.0
    4    12.0    42.0    21.0
    5    36.0    16.0    10.0
    6    52.0    41.0    15.0
    7    27.0    23.0     3.0
    8    17.0    33.0    41.0
    9    13.0    13.0     9.0
   10    57.0    58.0    28.0
   11    62.0    42.0     8.0
   12    42.0    57.0     8.0
   13    16.0    57.0    16.0
   14     8.0    52.0    10.0
   15     7.0    38.0    28.0
   16    27.0    68.0     7.0
   17    30.0    48.0    15.0
   18    43.0    67.0    14.0
   19    58.0    48.0     6.0
   20    58.0    27.0    19.0
Node - number of items - h - w for each item
    0   0
    1   4    7    6    7    6   13    4    8    4
    2   4   18    3   12    2   10    4    4    4
    3   1   23    3
    4   3    8    3    7    8   19    3
    5   5    9    5    6    3    6    6   10    4    6    3
    6   1    9    2
    7   4   11    4    9    3    7    3    7    4
    8   2    7    2   14    3
    9   4   11    3    5    2    5    3   12    5
   10   2   12    3    6    7
   11   1    8    8
   12   5    5    4    6    9    4    9    7    4    6    5
   13   4    5    4    8    2   11    3    7    5
   14   1   12    4
   15   1    7    5
   16   5    6    6   14    3   18    3   10    6    4    5
   17   4    6    3   10    4   11    3   13    2
   18   5    6    5   12    5    6    5   15    3   12    3
   19   4    7   10    7    3    7   10    4    5
   20   2    4    4   23    2
