Instance: E022-04g.dat
Class:  5
   21 --- number of customers (no depot)
    5 --- number of vehicles
   57 --- number of items
Capacity - height - width of vehicles
  6000     40     20
Node - x - y - demand
    0   145.0   215.0     0.0
    1   151.0   264.0  1100.0
    2   159.0   261.0   700.0
    3   130.0   254.0   800.0
    4   128.0   252.0  1400.0
    5   163.0   247.0  2100.0
    6   146.0   246.0   400.0
    7   161.0   242.0   800.0
    8   142.0   239.0   100.0
    9   163.0   236.0   500.0
   10   148.0   232.0   600.0
   11   128.0   231.0  1200.0
   12   156.0   217.0  1300.0
   13   129.0   214.0  1300.0
   14   146.0   208.0   300.0
   15   164.0   208.0   900.0
   16   141.0   206.0  2100.0
   17   147.0   193.0  1000.0
   18   164.0   193.0   900.0
   19   129.0   189.0  2500.0
   20   155.0   185.0  1800.0
   21   139.0   182.0   700.0
Node - number of items - h - w for each item
    0   0
    1   2    8    5    8    5
    2   3    8   12    7    6    6    5
    3   1    6    8
    4   5    6   12    8    6   10    4    5    4   11    3
    5   1    7    4
    6   1    7    4
    7   3    7    9   12    5   12    2
    8   2   22    4    9    4
    9   2   10    4    7    4
   10   1   16    2
   11   4    4    5   23    3   13    3    4    2
   12   5    4    8    5    6   21    3    6    2    5    2
   13   2    8    6    5    4
   14   3    4    4   10    3   11    2
   15   3    7    8    7    6    8    2
   16   4    7   10    8    5    7    5    7    4
   17   2   13    4    9    3
   18   5    4   11   12    3    5    2    5    2    4    2
   19   4    5   10    8    3   21    2    7    2
   20   2    4    6    8    2
   21   2    6    8   16    4
