Instance: E030-04s.DAT
Class:  5
   29 --- number of customers (no depot)
    7 --- number of vehicles
   91 --- number of items
Capacity - height - width of vehicles
  4500     40     20
Node - x - y - demand
    0   162.0   354.0     0.0
    1   218.0   382.0   300.0
    2   218.0   358.0  3100.0
    3   201.0   370.0   125.0
    4   214.0   371.0   100.0
    5   224.0   370.0   200.0
    6   210.0   382.0   150.0
    7   104.0   354.0   150.0
    8   126.0   338.0   450.0
    9   119.0   340.0   300.0
   10   129.0   349.0   100.0
   11   126.0   347.0   950.0
   12   125.0   346.0   125.0
   13   116.0   355.0   150.0
   14   126.0   335.0   150.0
   15   125.0   355.0   550.0
   16   119.0   357.0   150.0
   17   115.0   341.0   100.0
   18   153.0   351.0   150.0
   19   175.0   363.0   400.0
   20   180.0   360.0   300.0
   21   159.0   331.0  1500.0
   22   188.0   357.0   100.0
   23   152.0   349.0   300.0
   24   215.0   389.0   500.0
   25   212.0   394.0   800.0
   26   188.0   393.0   300.0
   27   207.0   406.0   100.0
   28   184.0   410.0   150.0
   29   207.0   392.0  1000.0
Node - number of items - h - w for each item
    0   0
    1   2   18    4    4    2
    2   4    7    7   23    4    7    4    7    3
    3   3    8   12   10    6   15    2
    4   2   11    3    8    3
    5   1    7    5
    6   1    7    7
    7   3    8    9    6    5   10    3
    8   3    4    6   12    4   10    3
    9   2   11    4   18    3
   10   3   15    4    5    4   17    3
   11   4    7    8    6    6   12    4    6    3
   12   3    6    5   16    3   11    3
   13   5    5   12    7   10   11    4    7    4    9    3
   14   1    9    3
   15   3    5    5    7    4   17    3
   16   1   11    2
   17   5   16    3   11    3    8    3    7    3   18    2
   18   3    6    6    8    4    7    4
   19   2    5    9    9    5
   20   5    5    7    5    5   10    4   22    3   20    3
   21   4    5   11    6    3    5    3   16    2
   22   4    7   10    6    7   14    4    5    4
   23   5    6   10    4    5   10    4   12    3   19    2
   24   5    5    6   14    4    7    4    9    3    8    2
   25   3   12    5    4    5   14    4
   26   1    7    2
   27   5    4   11    7    5   11    3   10    3    9    2
   28   4    4    7   10    5   15    4    6    2
   29   4   22    3   12    3    7    3   11    2
