Instance: E023-05s.DAT
Class:  5
   22 --- number of customers (no depot)
    6 --- number of vehicles
   52 --- number of items
Capacity - height - width of vehicles
  4500     40     20
Node - x - y - demand
    0   266.0   235.0     0.0
    1   295.0   272.0   125.0
    2   301.0   258.0    84.0
    3   309.0   260.0    60.0
    4   217.0   274.0   500.0
    5   218.0   278.0   300.0
    6   282.0   267.0   175.0
    7   242.0   249.0   350.0
    8   230.0   262.0   150.0
    9   249.0   268.0  1100.0
   10   256.0   267.0  4100.0
   11   265.0   257.0   225.0
   12   267.0   242.0   300.0
   13   259.0   265.0   250.0
   14   315.0   233.0   500.0
   15   329.0   252.0   150.0
   16   318.0   252.0   100.0
   17   329.0   224.0   250.0
   18   267.0   213.0   120.0
   19   275.0   192.0   600.0
   20   303.0   201.0   500.0
   21   208.0   217.0   175.0
   22   326.0   181.0    75.0
Node - number of items - h - w for each item
    0   0
    1   3    5    6   13    4   19    3
    2   1   10    3
    3   1    8    2
    4   5   13    2    9    3   10    6   14    4   11    3
    5   3    4    2   12    3   10    2
    6   1    5    2
    7   1   11    3
    8   3    5   11   10    6    5    4
    9   2    7    5    7    2
   10   1    4    6
   11   4    5    2    5    4    5    4    9    3
   12   1    5    4
   13   1    8   10
   14   1   20    4
   15   4    6    4    5   11    6   10    6    6
   16   2    8    2    7    3
   17   2    5    6   15    3
   18   4    4    5    4    7    8    3   20    3
   19   3    7    2    6    3    5    3
   20   1    6   10
   21   5    7    4    6    5   18    4   12    4    6    6
   22   3    8    4   11    3    7    6
