Instance: E023-03g.dat
Class:  4
   22 --- number of customers (no depot)
    5 --- number of vehicles
   51 --- number of items
Capacity - height - width of vehicles
  4500     40     20
Node - x - y - demand
    0   266.0   235.0     0.0
    1   295.0   272.0   125.0
    2   301.0   258.0    84.0
    3   309.0   260.0    60.0
    4   217.0   274.0   500.0
    5   218.0   278.0   300.0
    6   282.0   267.0   175.0
    7   242.0   249.0   350.0
    8   230.0   262.0   150.0
    9   249.0   268.0  1100.0
   10   256.0   267.0  4100.0
   11   265.0   257.0   225.0
   12   267.0   242.0   300.0
   13   259.0   265.0   250.0
   14   315.0   233.0   500.0
   15   329.0   252.0   150.0
   16   318.0   252.0   100.0
   17   329.0   224.0   250.0
   18   267.0   213.0   120.0
   19   275.0   192.0   600.0
   20   303.0   201.0   500.0
   21   208.0   217.0   175.0
   22   326.0   181.0    75.0
Node - number of items - h - w for each item
    0   0
    1   3    6   12    6   11    8    9
    2   3   13    2    6    4   25    2
    3   2   11    6    6   11
    4   3   14    3    8    5    4    7
    5   1    5   10
    6   4    6   13    6    6   17    2   10    7
    7   1    8    9
    8   1   27    2
    9   1   24    3
   10   3    5    8   11    6    5    6
   11   4   10    4    8   13    8    3    6    6
   12   4    9    3   27    4    9    5   21    2
   13   1    9    2
   14   1   14    6
   15   2    6    3    8   13
   16   4   21    4   12    7    4    6    8    4
   17   3   14    5   13    3    6    4
   18   3   29    2   12    5    6    7
   19   2    5    7    4    9
   20   1    5   13
   21   2    5   13    5    5
   22   2   17    4   21    3
