Instance: E022-06m.dat
Class:  3
   21 --- number of customers (no depot)
    6 --- number of vehicles
   40 --- number of items
Capacity - height - width of vehicles
  4000     40     20
Node - x - y - demand
    0   145.0   215.0     0.0
    1   151.0   264.0  1100.0
    2   159.0   261.0   700.0
    3   130.0   254.0   800.0
    4   128.0   252.0  1400.0
    5   163.0   247.0  2100.0
    6   146.0   246.0   400.0
    7   161.0   242.0   800.0
    8   142.0   239.0   100.0
    9   163.0   236.0   500.0
   10   148.0   232.0   600.0
   11   128.0   231.0  1200.0
   12   156.0   217.0  1300.0
   13   129.0   214.0  1300.0
   14   146.0   208.0   300.0
   15   164.0   208.0   900.0
   16   141.0   206.0  2100.0
   17   147.0   193.0  1000.0
   18   164.0   193.0   900.0
   19   129.0   189.0  2500.0
   20   155.0   185.0  1800.0
   21   139.0   182.0   700.0
Node - number of items - h - w for each item
    0   0
    1   2   15    8   11    5
    2   3   23    3   11    6   29    3
    3   2   28    3    9    6
    4   1    6    8
    5   3   11    6    5   13   21    4
    6   3   32    3   11    5   11    5
    7   1    8    7
    8   2   14    8   21    3
    9   3   12    6    6   11   21    2
   10   1   14    6
   11   2    7    9    6   13
   12   1   15    8
   13   1   13    6
   14   1   20    4
   15   2   24    4    5    7
   16   3   31    4   14    7    7   12
   17   1    9    6
   18   3    9    6    8   13   27    3
   19   2    7    9   14    7
   20   1   29    3
   21   2   13    4   28    3
