Instance: E030-03g.dat
Class:  3
   29 --- number of customers (no depot)
    6 --- number of vehicles
   49 --- number of items
Capacity - height - width of vehicles
  4500     40     20
Node - x - y - demand
    0   162.0   354.0     0.0
    1   218.0   382.0   300.0
    2   218.0   358.0  3100.0
    3   201.0   370.0   125.0
    4   214.0   371.0   100.0
    5   224.0   370.0   200.0
    6   210.0   382.0   150.0
    7   104.0   354.0   150.0
    8   126.0   338.0   450.0
    9   119.0   340.0   300.0
   10   129.0   349.0   100.0
   11   126.0   347.0   950.0
   12   125.0   346.0   125.0
   13   116.0   355.0   150.0
   14   126.0   335.0   150.0
   15   125.0   355.0   550.0
   16   119.0   357.0   150.0
   17   115.0   341.0   100.0
   18   153.0   351.0   150.0
   19   175.0   363.0   400.0
   20   180.0   360.0   300.0
   21   159.0   331.0  1500.0
   22   188.0   357.0   100.0
   23   152.0   349.0   300.0
   24   215.0   389.0   500.0
   25   212.0   394.0   800.0
   26   188.0   393.0   300.0
   27   207.0   406.0   100.0
   28   184.0   410.0   150.0
   29   207.0   392.0  1000.0
Node - number of items - h - w for each item
    0   0
    1   1    8    7
    2   3    7   16    7    9   15    7
    3   2    6   13   12    5
    4   1   15    6
    5   2   10    5   27    3
    6   1    6   12
    7   3    5   14    6    6   12    4
    8   1   18    3
    9   1    9    4
   10   2    8    6   20    3
   11   1   21    3
   12   1   15    5
   13   1   22    4
   14   1    5   14
   15   3    8    6   23    3   19    2
   16   3    5   15   10    8    8    8
   17   1   20    3
   18   1    6   11
   19   2    8    7   14    5
   20   3   12    5   29    3   13    2
   21   1   14    4
   22   2    7   10   16    4
   23   1   15    5
   24   1   14    4
   25   1   22    3
   26   2    6   14    9    5
   27   3    8    8   21    4   26    2
   28   1    7    7
   29   3   14    5   10    5   15    3
