Instance: E016-03m.dat
Class:  2
   15 --- number of customers (no depot)
    3 --- number of vehicles
   24 --- number of items
Capacity - height - width of vehicles
    90     40     20
Node - x - y - demand
    0    30.0    40.0     0.0
    1    37.0    52.0     7.0
    2    49.0    49.0    30.0
    3    52.0    64.0    16.0
    4    20.0    26.0     9.0
    5    40.0    30.0    21.0
    6    21.0    47.0    15.0
    7    17.0    63.0    19.0
    8    31.0    62.0    23.0
    9    52.0    33.0    11.0
   10    51.0    21.0     5.0
   11    42.0    41.0    19.0
   12    31.0    32.0    29.0
   13     5.0    25.0    23.0
   14    12.0    42.0    21.0
   15    36.0    16.0    10.0
Node - number of items - h - w for each item
    0   0
    1   2    7    9   34    3
    2   2   14    5   36    3
    3   2   29    3    5    8
    4   2   19    3    9    4
    5   2    6   10    8   10
    6   1   19    9
    7   1    7   11
    8   1   12    7
    9   2   22    4   31    3
   10   2   10    4    8    8
   11   2   20    4   30    2
   12   1   17    3
   13   1    7   17
   14   1    5    9
   15   2   18    6   31    3
