Instance: E023-05s.DAT
Class:  3
   22 --- number of customers (no depot)
    5 --- number of vehicles
   42 --- number of items
Capacity - height - width of vehicles
  4500     40     20
Node - x - y - demand
    0   266.0   235.0     0.0
    1   295.0   272.0   125.0
    2   301.0   258.0    84.0
    3   309.0   260.0    60.0
    4   217.0   274.0   500.0
    5   218.0   278.0   300.0
    6   282.0   267.0   175.0
    7   242.0   249.0   350.0
    8   230.0   262.0   150.0
    9   249.0   268.0  1100.0
   10   256.0   267.0  4100.0
   11   265.0   257.0   225.0
   12   267.0   242.0   300.0
   13   259.0   265.0   250.0
   14   315.0   233.0   500.0
   15   329.0   252.0   150.0
   16   318.0   252.0   100.0
   17   329.0   224.0   250.0
   18   267.0   213.0   120.0
   19   275.0   192.0   600.0
   20   303.0   201.0   500.0
   21   208.0   217.0   175.0
   22   326.0   181.0    75.0
Node - number of items - h - w for each item
    0   0
    1   3   13    6   11    4   18    3
    2   1   17    3
    3   3   14    8   14    7   16    2
    4   2   13    7    8    8
    5   1   26    3
    6   1   23    4
    7   1   31    2
    8   1   11    4
    9   1    7    9
   10   1   22    2
   11   3   30    3    7   10   10    7
   12   1   22    3
   13   3   11    5    4    8    8   16
   14   2   12    7   17    3
   15   1    6   14
   16   2   15    7   16    3
   17   3   10    5   19    3   12    8
   18   2    7   12    7    9
   19   3   13    3    6    8    7   12
   20   3   30    4   13    2   27    3
   21   1   13    3
   22   3   16    3   13    4    7    7
