Instance: E026-08m.dat
Class:  4
   25 --- number of customers (no depot)
    8 --- number of vehicles
   63 --- number of items
Capacity - height - width of vehicles
    48     40     20
Node - x - y - demand
    0    30.0    40.0     0.0
    1    52.0    41.0    15.0
    2    27.0    23.0     3.0
    3    17.0    33.0    41.0
    4    13.0    13.0     9.0
    5    57.0    58.0    28.0
    6    62.0    42.0     8.0
    7    42.0    57.0     8.0
    8    16.0    57.0    16.0
    9     8.0    52.0    10.0
   10     7.0    38.0    28.0
   11    27.0    68.0     7.0
   12    30.0    48.0    15.0
   13    43.0    67.0    14.0
   14    58.0    48.0     6.0
   15    58.0    27.0    19.0
   16    37.0    69.0    11.0
   17    38.0    46.0    12.0
   18    46.0    10.0    23.0
   19    61.0    33.0    26.0
   20    62.0    63.0    17.0
   21    63.0    69.0     6.0
   22    32.0    22.0     9.0
   23    45.0    35.0    15.0
   24    59.0    15.0    14.0
   25     5.0     6.0     7.0
Node - number of items - h - w for each item
    0   0
    1   2   14    5    6    5
    2   3   14    4    7    3   24    4
    3   4   18    3    8   14   15    3   15    4
    4   1   18    4
    5   2   10    4    5    8
    6   1   22    2
    7   1   17    3
    8   1    6   14
    9   1   24    3
   10   1   24    3
   11   3   17    2    4   12    4   13
   12   3    7    4   13    8   29    3
   13   3   31    3    5    7   31    3
   14   3    5    2   17    3    9    5
   15   4    7    3   28    4   22    3   24    3
   16   3   21    4   18    3    5    7
   17   3    9    5   24    4    5    7
   18   4   22    2   28    3    6    2   11    6
   19   3   10    3   30    3   27    3
   20   2   16    5   13    3
   21   4   28    2   20    3   27    4   14    4
   22   3   10    6   10    7   14    4
   23   3   29    3    9    7    5    2
   24   1    7   12
   25   4   21    4    7   13   23    3   23    2
