Instance: E022-04g.dat
Class:  3
   21 --- number of customers (no depot)
    4 --- number of vehicles
   37 --- number of items
Capacity - height - width of vehicles
  6000     40     20
Node - x - y - demand
    0   145.0   215.0     0.0
    1   151.0   264.0  1100.0
    2   159.0   261.0   700.0
    3   130.0   254.0   800.0
    4   128.0   252.0  1400.0
    5   163.0   247.0  2100.0
    6   146.0   246.0   400.0
    7   161.0   242.0   800.0
    8   142.0   239.0   100.0
    9   163.0   236.0   500.0
   10   148.0   232.0   600.0
   11   128.0   231.0  1200.0
   12   156.0   217.0  1300.0
   13   129.0   214.0  1300.0
   14   146.0   208.0   300.0
   15   164.0   208.0   900.0
   16   141.0   206.0  2100.0
   17   147.0   193.0  1000.0
   18   164.0   193.0   900.0
   19   129.0   189.0  2500.0
   20   155.0   185.0  1800.0
   21   139.0   182.0   700.0
Node - number of items - h - w for each item
    0   0
    1   2   14    8   11    6
    2   1   12    4
    3   3    8    7    6   10   18    3
    4   1   22    4
    5   2    9    7   31    4
    6   2   14    4    6    8
    7   1   13    8
    8   1   14    5
    9   2    8   13    8    9
   10   2    8    6   31    2
   11   1   20    2
   12   1    6    9
   13   1    7   10
   14   1   10    6
   15   3    9    5   15    5   24    4
   16   3    6   10   27    4    7   13
   17   3    6    9    6    6    8    6
   18   2    5   11    5    6
   19   1    6   12
   20   1    5    7
   21   3    6    9   13    2   20    3
