Instance: E031-09h.dat
Class:  4
   30 --- number of customers (no depot)
    9 --- number of vehicles
   82 --- number of items
Capacity - height - width of vehicles
    68     40     20
Node - x - y - demand
    0    40.0    40.0     0.0
    1    22.0    22.0    18.0
    2    36.0    26.0    26.0
    3    21.0    45.0    11.0
    4    45.0    35.0    30.0
    5    55.0    20.0    21.0
    6    33.0    34.0    19.0
    7    50.0    50.0    15.0
    8    55.0    45.0    16.0
    9    26.0    59.0    29.0
   10    40.0    66.0    26.0
   11    55.0    65.0    37.0
   12    35.0    51.0    16.0
   13    62.0    35.0    12.0
   14    62.0    57.0    31.0
   15    62.0    24.0     8.0
   16    21.0    36.0    19.0
   17    33.0    44.0    20.0
   18     9.0    56.0    13.0
   19    62.0    48.0    15.0
   20    66.0    14.0    22.0
   21    44.0    13.0    28.0
   22    26.0    13.0    12.0
   23    11.0    28.0     6.0
   24     7.0    43.0    27.0
   25    17.0    64.0    14.0
   26    41.0    46.0    18.0
   27    55.0    34.0    17.0
   28    35.0    16.0    29.0
   29    52.0    26.0    13.0
   30    43.0    26.0    22.0
Node - number of items - h - w for each item
    0   0
    1   2    4    6   23    3
    2   1   15    2
    3   1    5   14
    4   4    7   13    6   13    8   10    7    4
    5   2   27    3   15    2
    6   4    7   11    8    6   19    4   15    3
    7   3    8   12   13    3   17    2
    8   4    7   11    5    7   21    4   13    3
    9   3   13    8   20    3   14    3
   10   4    7   11    7    5   13    2    9    2
   11   3   13    4   31    3   15    3
   12   1    6    6
   13   4    8   14    6   12    7    7   24    4
   14   1   21    3
   15   4    6   12   15    6   12    4    4    4
   16   3   15    4    6    4   23    2
   17   1    7   13
   18   4    6    9    5    8    8    5    6    4
   19   3    6    5    5    5    4    5
   20   2    7    9    6    8
   21   2    6   10    9    4
   22   4    6    8   32    4   20    4   29    2
   23   1   11    5
   24   1   27    2
   25   3    6   13    6    9    8    5
   26   2    7   10   12    5
   27   4    6   14    6    5   23    4   14    4
   28   3   11    4   28    3    5    2
   29   4    7   12    5   12    5    9   15    7
   30   4   14    5   14    4    4    4   21    3
