Instance: E021-04m.dat
Class:  2
   20 --- number of customers (no depot)
    5 --- number of vehicles
   29 --- number of items
Capacity - height - width of vehicles
    85     40     20
Node - x - y - demand
    0    30.0    40.0     0.0
    1    42.0    41.0    19.0
    2    31.0    32.0    29.0
    3     5.0    25.0    23.0
    4    12.0    42.0    21.0
    5    36.0    16.0    10.0
    6    52.0    41.0    15.0
    7    27.0    23.0     3.0
    8    17.0    33.0    41.0
    9    13.0    13.0     9.0
   10    57.0    58.0    28.0
   11    62.0    42.0     8.0
   12    42.0    57.0     8.0
   13    16.0    57.0    16.0
   14     8.0    52.0    10.0
   15     7.0    38.0    28.0
   16    27.0    68.0     7.0
   17    30.0    48.0    15.0
   18    43.0    67.0    14.0
   19    58.0    48.0     6.0
   20    58.0    27.0    19.0
Node - number of items - h - w for each item
    0   0
    1   1    7   13
    2   2   30    3   24    3
    3   1    9   10
    4   2   16    6   15    6
    5   1   14    8
    6   1   32    4
    7   1   29    2
    8   1   18    3
    9   2    4   16   17    5
   10   2   15    4   29    3
   11   2    6   18   18    7
   12   2   13   10   22    4
   13   1   18   10
   14   2    7   12   31    3
   15   1   25    2
   16   1   18    8
   17   2   18    7   11    4
   18   1    9   10
   19   1   29    3
   20   2    6   16   35    3
