Instance: E026-08m.dat
Class:  2
   25 --- number of customers (no depot)
    8 --- number of vehicles
   40 --- number of items
Capacity - height - width of vehicles
    48     40     20
Node - x - y - demand
    0    30.0    40.0     0.0
    1    52.0    41.0    15.0
    2    27.0    23.0     3.0
    3    17.0    33.0    41.0
    4    13.0    13.0     9.0
    5    57.0    58.0    28.0
    6    62.0    42.0     8.0
    7    42.0    57.0     8.0
    8    16.0    57.0    16.0
    9     8.0    52.0    10.0
   10     7.0    38.0    28.0
   11    27.0    68.0     7.0
   12    30.0    48.0    15.0
   13    43.0    67.0    14.0
   14    58.0    48.0     6.0
   15    58.0    27.0    19.0
   16    37.0    69.0    11.0
   17    38.0    46.0    12.0
   18    46.0    10.0    23.0
   19    61.0    33.0    26.0
   20    62.0    63.0    17.0
   21    63.0    69.0     6.0
   22    32.0    22.0     9.0
   23    45.0    35.0    15.0
   24    59.0    15.0    14.0
   25     5.0     6.0     7.0
Node - number of items - h - w for each item
    0   0
    1   1    9    9
    2   1   30    4
    3   1   34    4
    4   2   18    3   33    2
    5   2    5    9   15   10
    6   2   30    4   19    4
    7   1   19    8
    8   2    6   10   26    3
    9   1    7   11
   10   2   13    7   24    2
   11   2    9    6   11    8
   12   2    5   14   28    4
   13   2   20    6    7   13
   14   2    4   15    5   16
   15   2    7   16   19    9
   16   2    9    5   16    3
   17   2   17    3    8   18
   18   1   24    4
   19   2   28    4   23    3
   20   1   31    3
   21   2    5   17    4   18
   22   2   17    9    7   14
   23   1   34    2
   24   1    5   17
   25   1   14    7
