Instance: E021-06m.dat
Class:  3
   20 --- number of customers (no depot)
    6 --- number of vehicles
   43 --- number of items
Capacity - height - width of vehicles
    58     40     20
Node - x - y - demand
    0    30.0    40.0     0.0
    1    42.0    41.0    19.0
    2    31.0    32.0    29.0
    3     5.0    25.0    23.0
    4    12.0    42.0    21.0
    5    36.0    16.0    10.0
    6    52.0    41.0    15.0
    7    27.0    23.0     3.0
    8    17.0    33.0    41.0
    9    13.0    13.0     9.0
   10    57.0    58.0    28.0
   11    62.0    42.0     8.0
   12    42.0    57.0     8.0
   13    16.0    57.0    16.0
   14     8.0    52.0    10.0
   15     7.0    38.0    28.0
   16    27.0    68.0     7.0
   17    30.0    48.0    15.0
   18    43.0    67.0    14.0
   19    58.0    48.0     6.0
   20    58.0    27.0    19.0
Node - number of items - h - w for each item
    0   0
    1   1   15    8
    2   2    9    7   30    4
    3   3   15    3   14    6   11    4
    4   3   24    3   30    2    4   10
    5   3   17    3   13    3    7   10
    6   2    8    6    5   14
    7   3   11    5    5   15   22    3
    8   3    7   14   13    3   14    6
    9   3   17    3   10    5   27    3
   10   3    7   11   15    3    7    7
   11   2   30    3   14    7
   12   1    9    6
   13   1   22    3
   14   2    6   10   17    3
   15   2    8    4   13    2
   16   2   13    4    4    6
   17   2    5   11   13    6
   18   1   30    4
   19   1    7   12
   20   3   12    7   13    6    8    5
