Instance: E022-04g.dat
Class:  4
   21 --- number of customers (no depot)
    4 --- number of vehicles
   41 --- number of items
Capacity - height - width of vehicles
  6000     40     20
Node - x - y - demand
    0   145.0   215.0     0.0
    1   151.0   264.0  1100.0
    2   159.0   261.0   700.0
    3   130.0   254.0   800.0
    4   128.0   252.0  1400.0
    5   163.0   247.0  2100.0
    6   146.0   246.0   400.0
    7   161.0   242.0   800.0
    8   142.0   239.0   100.0
    9   163.0   236.0   500.0
   10   148.0   232.0   600.0
   11   128.0   231.0  1200.0
   12   156.0   217.0  1300.0
   13   129.0   214.0  1300.0
   14   146.0   208.0   300.0
   15   164.0   208.0   900.0
   16   141.0   206.0  2100.0
   17   147.0   193.0  1000.0
   18   164.0   193.0   900.0
   19   129.0   189.0  2500.0
   20   155.0   185.0  1800.0
   21   139.0   182.0   700.0
Node - number of items - h - w for each item
    0   0
    1   4    7   11    6    7   11    4   24    2
    2   1    5    5
    3   1   10    3
    4   4   15    7   11    7    6    4    6   11
    5   1    6    4
    6   1   14    3
    7   2    7   11   15    2
    8   1    7    4
    9   2   23    4   12    7
   10   1   21    4
   11   1   21    3
   12   3   31    2   29    3   15    7
   13   1    8   12
   14   4   10    5    6    5   30    3   20    2
   15   1   31    3
   16   1    7    5
   17   4    6    6    4    4    6    8    9    3
   18   2    6   13   28    3
   19   1   21    4
   20   3    4   13   14    3   20    4
   21   2   13    5    5   12
