Instance: E033-05s.dat
Class:  3
   32 --- number of customers (no depot)
    6 --- number of vehicles
   59 --- number of items
Capacity - height - width of vehicles
  8000     40     20
Node - x - y - demand
    0   292.0   495.0     0.0
    1   298.0   427.0   700.0
    2   309.0   445.0   400.0
    3   307.0   464.0   400.0
    4   336.0   475.0  1200.0
    5   320.0   439.0    40.0
    6   321.0   437.0    80.0
    7   322.0   437.0  2000.0
    8   323.0   433.0   900.0
    9   324.0   433.0   600.0
   10   323.0   429.0   750.0
   11   314.0   435.0  1500.0
   12   311.0   442.0   150.0
   13   304.0   427.0   250.0
   14   293.0   421.0  1600.0
   15   296.0   418.0   450.0
   16   261.0   384.0   700.0
   17   297.0   410.0   550.0
   18   315.0   407.0   650.0
   19   314.0   406.0   200.0
   20   321.0   391.0   400.0
   21   321.0   398.0   300.0
   22   314.0   394.0  1300.0
   23   313.0   378.0   700.0
   24   304.0   382.0   750.0
   25   295.0   402.0  1400.0
   26   283.0   406.0  4000.0
   27   279.0   399.0   600.0
   28   271.0   401.0  1000.0
   29   264.0   414.0   500.0
   30   277.0   439.0  2500.0
   31   290.0   434.0  1700.0
   32   319.0   433.0  1100.0
Node - number of items - h - w for each item
    0   0
    1   3    8    8   15    5   16    4
    2   1   16    6
    3   1   14    8
    4   2    5   12   13    6
    5   2    4   14    5    8
    6   1   16    8
    7   3    9    8   14    5   10    4
    8   3   12    7    8    6   26    2
    9   1   20    3
   10   1   23    3
   11   2    5    8    4    6
   12   1    4   14
   13   2   13    6   13    5
   14   2    5   15    9    6
   15   2    6   14    7    8
   16   1   15    7
   17   1    9    5
   18   1    6    7
   19   2    7   16    6    9
   20   1    4   14
   21   1   10    5
   22   3   14    7   14    7   14    5
   23   2   10    7   11    4
   24   3    5   13    8    7   16    4
   25   3    5   13   16    2   15    2
   26   2    7   14   29    3
   27   2    8   12   20    4
   28   2   15    7   27    2
   29   2    8    6   29    3
   30   2   11    8   10    5
   31   1   15    6
   32   3    4   11   11    7   12    4
