Instance: E033-03n.DAT
Class:  1
   32 --- number of customers (no depot)
    3 --- number of vehicles
   32 --- number of items
Capacity - height - width of vehicles
 38000     40     20
Node - x - y - demand
    0   250.0   200.0     0.0
    1    10.0   260.0  3500.0
    2   313.0   382.0 25705.0
    3   467.0    67.0   713.0
    4   205.0   254.0  2267.0
    5   275.0    34.0   447.0
    6   269.0   262.0  1847.0
    7   293.0   269.0  1437.0
    8   333.0   212.0  3720.0
    9   304.0   202.0  1115.0
   10   286.0   207.0   273.0
   11   288.0   191.0  5494.0
   12   295.0   235.0  1944.0
   13    50.0   249.0   250.0
   14   484.0   179.0  1500.0
   15   447.0   189.0  3585.0
   16   215.0   204.0   140.0
   17    22.0   255.0   629.0
   18   267.0   316.0   479.0
   19   391.0   196.0 17456.0
   20   399.0   122.0  1143.0
   21   363.0   187.0  1919.0
   22   355.0   236.0   826.0
   23   378.0   203.0  3264.0
   24   458.0   218.0  1570.0
   25   383.0   181.0  2215.0
   26   240.0   326.0  1239.0
   27   273.0   349.0   580.0
   28   278.0   374.0  5000.0
   29   352.0   271.0   100.0
   30   324.0   295.0   201.0
   31   249.0   250.0  6747.0
   32    65.0   248.0  1260.0
Node - number of items - h - w for each item
    0   0
    1   1    1    1
    2   1    1    1
    3   1    1    1
    4   1    1    1
    5   1    1    1
    6   1    1    1
    7   1    1    1
    8   1    1    1
    9   1    1    1
   10   1    1    1
   11   1    1    1
   12   1    1    1
   13   1    1    1
   14   1    1    1
   15   1    1    1
   16   1    1    1
   17   1    1    1
   18   1    1    1
   19   1    1    1
   20   1    1    1
   21   1    1    1
   22   1    1    1
   23   1    1    1
   24   1    1    1
   25   1    1    1
   26   1    1    1
   27   1    1    1
   28   1    1    1
   29   1    1    1
   30   1    1    1
   31   1    1    1
   32   1    1    1
