Instance: E016-05m.dat
Class:  4
   15 --- number of customers (no depot)
    5 --- number of vehicles
   40 --- number of items
Capacity - height - width of vehicles
    55     40     20
Node - x - y - demand
    0    30.0    40.0     0.0
    1    37.0    52.0     7.0
    2    49.0    49.0    30.0
    3    52.0    64.0    16.0
    4    20.0    26.0     9.0
    5    40.0    30.0    21.0
    6    21.0    47.0    15.0
    7    17.0    63.0    19.0
    8    31.0    62.0    23.0
    9    52.0    33.0    11.0
   10    51.0    21.0     5.0
   11    42.0    41.0    19.0
   12    31.0    32.0    29.0
   13     5.0    25.0    23.0
   14    12.0    42.0    21.0
   15    36.0    16.0    10.0
Node - number of items - h - w for each item
    0   0
    1   3    5   11   11    6   17    4
    2   1   16    3
    3   4   13    3    6    2   11    5   12    5
    4   2    5    4    4   14
    5   4   24    2    5    5    7   10    6    6
    6   4    7    7    6    6   28    4   26    3
    7   2    6    8    5    5
    8   3   25    3    8    2    6   12
    9   2   25    2   17    3
   10   1    5    5
   11   4    6   14   10    8   27    4   10    2
   12   3   21    2    5    4    7    5
   13   3   24    3   14    4    4   11
   14   3   15    5    8    4    4   10
   15   1   31    4
