75

6350	3650

20	90

0	74300	72821	71430	95960	95310	61291	59050	66590	95350	99290	89430	63390	84090	32630	92293	84161	70370	37590	58790	99410	56100	72620	25320	63540	58070	43141	23160	30290	83540	74650	90980	71281	35710	58220	56740	24660	84241	32670	16980	91710	96120	74910	60350	63041	20480	22170	34510	37590	44260	15120	94160	73990	77070	94820	51480	91620	86721	64560	85830	86530	47950	72270	47280	98240	44240	49800	84700	65980	77010	66721	90940	41810	79150	40710	12580	
75000	0	78710	139070	100160	148812	71100	130940	57270	27420	31360	161420	132411	18860	62990	160843	78180	86470	80070	19810	104102	103390	33400	62830	94940	90500	66440	62310	47280	81640	82760	94530	77170	77330	17150	128610	77700	82580	70290	59810	128600	138280	85250	20260	29390	73500	81610	105650	108730	52470	81890	35660	17610	143640	155740	75380	162070	86530	19990	156280	91930	119840	142710	119150	165591	111880	45800	96140	34800	149000	72610	25120	72410	32190	34540	71580	
75032	78130	0	141402	31150	166562	20540	111830	21370	103710	106970	122460	131810	93890	94090	162265	15880	18190	45840	68740	156700	126580	94180	86110	32690	29320	37780	78390	65930	136510	131650	26010	9880	46260	66240	116270	56850	14300	98960	67760	162230	75840	14540	70400	83320	89660	63020	91840	106010	43530	86332	106100	84490	93840	101540	116040	155630	17580	75550	145360	21720	105450	138550	107870	168212	114212	42930	25930	92250	107980	11930	100740	38450	50580	64750	67891	
67440	138180	135852	0	158320	39950	124322	51550	130450	155370	160470	78881	14670	139970	79280	29080	147192	132730	99950	120560	104550	48520	124352	77390	123660	120200	106172	84830	94150	105910	95490	153340	134312	98370	122080	42840	86750	147272	73160	80840	67490	131130	137270	120140	115750	71140	80280	56340	38680	108120	60370	146780	129230	96730	114800	79310	36200	149590	122450	40400	148890	47850	26000	40920	28980	26790	113660	147060	117512	80951	129752	146110	104170	143010	104570	77370	
93510	100700	30990	158320	0	186380	40430	122770	44640	124940	127170	128030	146890	116200	114120	177520	22710	25890	59930	91050	179341	145640	116490	106140	37250	42130	57771	98420	86830	158820	153960	6690	32130	62250	88550	127210	71930	19160	118990	87790	182650	61520	22370	92710	105630	108700	78100	106270	121090	63560	104810	128410	106800	95980	97640	136350	165600	14270	97860	153130	9600	116390	150400	120720	185880	133890	65890	14030	114560	113550	34180	123050	55770	71070	87060	86180	
91750	148893	161212	39820	186490	0	148622	88600	154750	160433	166703	112321	51720	145033	86752	48210	172552	160020	126680	129792	83610	46090	125773	90910	153190	147720	130472	98350	114120	95810	84890	181510	159672	124800	134072	79890	113750	172632	80680	105140	38390	168180	164560	129372	121682	87340	108070	89960	68070	132420	84030	148663	134243	133780	151111	78880	66060	175112	129942	73840	177060	84900	59440	77970	29800	51670	135610	174390	118933	114391	155112	150433	130900	162130	121140	101670	
57742	71310	15480	124112	40460	147992	0	99240	16380	96890	100830	112440	114150	86770	74360	144975	27620	16220	29090	61620	139581	107320	85920	66380	24950	21530	20120	58660	47070	120791	114601	35480	13860	28600	59120	98960	39190	26900	79230	48030	142930	68100	18950	63280	73850	70180	45360	74180	88350	23800	69042	98980	77370	84730	93750	96590	138320	29380	68430	132530	31030	88140	120890	90210	150922	96922	28450	30550	80810	97960	9630	93620	20790	45490	48080	50601	
55710	130510	107050	51340	122900	88210	99370	0	108230	152110	156050	41730	37310	137513	82890	60290	120020	99620	71800	114980	133680	73460	123933	77712	86230	85590	81860	77872	85930	126910	116760	118050	107260	72850	114410	10400	61260	116740	79180	72620	103060	83730	104160	116293	113683	69570	56380	25700	29650	89440	57110	145523	126773	49330	67400	93740	48020	116480	118553	35550	114960	12860	33170	15800	78260	44350	96440	109760	117293	35790	103870	144193	78510	126670	96350	61910	
65062	57330	22420	130600	44730	154480	16630	107690	0	82910	86170	123290	122440	72840	75160	152295	22750	30180	37540	47690	135580	109960	73130	67180	39810	36440	28330	59460	46800	115460	110600	39100	20880	37050	45190	107410	47420	27150	80030	50670	145570	82960	28960	49350	62270	72820	53650	82630	96640	24400	73820	85050	63440	95580	106760	96910	146770	31100	54500	140980	36350	96590	129340	98660	157410	103410	22530	40560	71200	108810	16320	79690	29240	29780	43700	55500	
95650	27140	104000	156060	124890	161583	96390	151710	82560	0	6780	186961	151630	16190	78740	182844	102870	112070	103250	40410	102762	116300	37620	78740	120930	115570	90160	80930	67930	81240	87810	119260	102460	99920	39070	149380	98350	107650	86040	80460	136870	162210	110540	39380	40630	89410	102260	126420	129500	76190	98400	19700	27110	169061	187951	86440	184463	111330	36180	179862	117220	140610	163480	139920	178362	128870	70500	121650	43640	176291	97900	12750	96180	55180	55190	92230	
99790	31280	107830	160610	127220	166863	100530	155850	86310	6820	0	191511	156180	20740	83290	187394	104070	115950	107390	44600	106902	120850	41760	83290	125580	119710	94300	85480	72070	85380	91950	121590	106290	104060	43210	153520	102490	108960	90590	84600	141010	178030	114730	43930	45180	93960	106400	130560	133640	80330	102950	23840	31660	173201	192091	90900	189013	112630	40730	184412	119560	144750	167620	144060	183642	133420	74640	125040	47780	180431	101730	17540	100320	57850	59330	96370	
85720	160520	117510	79090	128160	112400	112000	41770	123530	187003	192083	0	71270	171603	118280	77060	130480	109970	88630	144990	173530	113040	157972	110970	92610	93800	103410	108810	115940	167060	156910	124430	117720	91410	144420	48010	84740	126970	117100	101690	142770	73020	114510	146550	147722	105210	81400	58720	69230	112150	93201	182003	160210	34650	44830	133440	55840	124450	150760	43370	121340	52010	54280	55380	98480	83930	119150	116140	151332	14480	114330	178643	97000	148880	126360	90100	
57382	129052	125794	14720	146290	51590	113581	37510	121322	148731	153831	71361	0	133331	74051	33231	137134	121281	88501	113522	107890	51750	118601	70751	109620	108751	95541	77163	85022	109250	98830	141440	124254	86921	112952	28800	75301	137214	68111	71712	70830	117090	125821	113501	109111	64501	68831	42300	27231	98992	52642	140141	122591	82690	100760	82310	34850	138141	115811	34010	137441	33810	18490	26880	41640	23520	104532	133150	111691	69610	119694	139471	92721	133882	95442	67312	
84550	18850	94400	140070	115850	145593	86790	137091	72960	15890	20730	170971	135640	0	62750	164534	93870	102160	91640	26680	94402	100310	25510	62750	110630	103960	79170	64940	56830	72380	75700	110220	92860	88510	29440	135140	87310	98270	70050	69360	123670	150600	100940	25650	24640	73420	91220	112611	114370	65260	82410	17720	11120	153360	176911	70450	166153	102220	21220	161552	107620	125991	147902	125680	162372	112880	60100	111830	28830	158730	88300	7350	85140	49200	44090	81130	
33200	62650	88820	79630	114070	87012	74240	83000	75230	78130	83230	118051	76010	62730	0	105040	96690	90370	60051	44090	71850	41590	47370	8760	86021	80541	59050	17190	31140	55560	46670	109090	87200	57631	48370	78620	47661	100240	7630	28330	73360	118591	92400	43670	39080	15950	47820	59751	56160	51810	26210	68970	51940	107540	125430	23500	106971	102720	45980	102340	104640	72840	88690	69160	103791	52440	54380	104700	40730	106000	82750	68750	61860	74810	35310	36590	
88924	160594	157336	28970	177130	48480	145123	60310	152864	182955	188035	77440	33692	165245	103720	0	168676	152823	120043	145064	130410	74410	150515	101540	140460	139820	127083	108705	116564	132710	121790	172280	155796	118463	144494	51000	106843	168756	97310	103254	86620	139470	157363	145415	141025	95290	100373	75362	58773	130534	84184	172055	154505	101100	116440	105200	22620	169683	147725	34600	168983	61970	29780	59942	26030	50940	136074	163990	143605	79720	151236	171385	124263	165424	126984	98854	
81382	78940	17450	147752	22550	172912	27640	119870	22880	103140	104080	130500	138160	94440	96740	168615	0	24670	53100	69290	157250	131540	94730	88760	39970	37360	44130	81040	68380	137060	132200	16920	18590	52610	66790	122970	63200	5500	101610	72250	167990	75330	17680	70950	83870	94400	69370	98190	112360	45980	92682	106650	85040	101880	107730	118490	162330	8990	76100	153400	14890	112150	144900	114220	174562	120562	44130	20370	92800	116020	18640	101290	44800	49270	65300	74241	
68080	86480	13390	132830	26050	160040	16150	99430	30150	112490	115930	109840	121460	101940	90430	152492	24840	0	34500	76790	155651	120190	101990	82450	18830	16700	33410	74730	63140	136861	130671	21070	14560	36820	74290	103870	46500	20420	95300	64100	155840	59830	7110	78450	89920	83270	52670	80840	95660	39870	79380	114150	92540	81080	86590	112660	143230	19430	83600	132960	16620	93050	127060	97030	160390	108460	44520	14790	96880	95360	15100	108790	30340	59260	64150	60750	
35310	80020	40980	100060	60180	126760	29380	71640	38240	103840	108040	88860	88690	91820	60160	119722	53230	34590	0	66520	129430	87420	88010	52210	28510	23040	15310	46820	43310	113270	104380	55200	40350	5170	65220	73400	13730	50670	62690	34081	123030	62010	39130	68080	75940	50500	19900	48620	62890	28000	46610	104440	82360	61870	75950	81210	112760	51450	72930	105170	50750	62580	95330	64650	127620	75690	35000	48920	82900	74380	35790	99230	8520	61960	50170	27980	
59400	19680	69390	121190	90840	129992	61780	115340	47950	40130	44670	145820	116760	26700	44180	145243	68860	77150	66430	0	93040	84570	26570	44020	85620	78750	53960	44270	31680	71761	68060	85210	67850	63300	5510	113010	62100	73260	51470	44210	111090	125390	75930	2830	16060	54680	66010	90050	93130	40250	63670	38420	16810	126990	142850	57870	146470	77210	7930	140680	82610	104240	127110	103550	146771	94000	35090	86820	24990	133400	63290	33550	59930	37420	18940	55980	
98170	104443	154292	105030	179542	83980	139712	133930	136020	102450	106550	174600	108220	94370	71200	131110	157440	155842	129181	92850	0	62340	73072	79350	155141	149671	128930	87640	97240	30160	26910	174562	152672	126761	97790	128630	116791	161840	67000	97460	47170	190080	157872	91600	79113	80910	115410	123541	105040	116362	88550	83880	87412	175760	205181	48070	138230	165790	90290	141630	170112	127120	125430	119170	113290	90720	116792	170172	70583	167160	148222	93100	131740	129220	95490	104180	
52540	103260	120910	48570	145850	46080	107220	73510	110070	115640	120740	113050	51730	100240	41660	74590	131530	120260	87480	84700	61960	0	81141	45080	113430	107960	91030	52520	68290	59820	49400	140870	119370	85220	88980	68210	74550	132330	34850	60080	37270	143430	124800	84280	76590	41520	71410	66170	44620	87210	42920	103840	89450	115130	132880	33050	81710	134810	84850	85080	136420	66700	68880	58750	63450	30300	89780	134590	74301	105230	114810	105801	91490	116130	75310	62350	
72860	33290	94590	124412	116040	126383	85610	123891	73150	37420	41520	157711	121400	25240	47220	150294	94060	101740	87830	26330	72292	81511	0	48510	107170	100150	75360	51740	48150	49830	53060	110410	93050	84700	31440	121940	80360	98460	54110	61060	102120	146790	101130	23960	12770	59180	83660	99411	100130	62260	68170	24480	16260	145830	162210	51240	151913	102410	20950	147312	107810	112791	133662	112480	143162	98640	60290	112020	7600	145720	88490	26840	81330	60730	39740	72830	
25770	62920	81480	78230	106730	91400	66900	77901	67890	78900	84000	111340	73800	63500	9000	102230	89350	83030	52101	44360	79720	45580	48770	0	78061	72591	51710	9830	24610	63430	54540	101750	79860	49681	48640	73570	39711	92900	13880	20380	80420	110641	85060	43940	39550	11820	39870	53421	52530	44470	21080	70310	52760	98980	117630	31370	104161	95380	46250	99200	97300	66801	85060	64110	105040	51040	47040	97360	42130	98920	75410	69640	54520	74050	31630	28640	
61150	95060	27760	124150	37250	153110	24860	86100	39730	121210	125820	92500	110230	110520	86120	140850	39840	18800	28930	85370	155390	113380	107231	78170	0	8380	35730	72780	67830	139230	130340	32400	28930	34020	82870	90540	39580	34940	88650	60041	148990	43410	24640	87030	95161	76460	45540	69950	86980	46181	72450	122730	101120	63880	69860	107170	129900	32420	92151	117600	29310	79720	113730	84050	151180	101530	51570	24110	102121	78020	26230	117370	30270	68840	69391	53910	
55770	90380	24380	120320	42310	147730	21360	85620	36330	115960	120160	93680	108950	103940	80740	139982	37350	16720	23550	78640	150010	108000	100130	72790	8470	0	27920	67400	60170	133850	124960	37330	25550	28640	76610	90060	34200	34070	83270	54661	143610	51620	21260	80200	88060	71080	40160	67240	83150	39030	67070	116560	94480	65060	72760	101790	129420	33580	85050	118780	32880	79240	113250	83430	147880	96150	46030	30900	95020	79200	22850	111350	22860	64661	62290	48530	
40262	66050	32750	106632	58340	130512	20240	81900	28690	89950	94140	103810	95960	78940	58550	126992	44090	33260	15180	53640	128791	91180	75130	50570	35890	27980	0	42850	33570	110001	103811	53360	31210	14070	51610	81620	20940	44170	63420	32220	126790	72980	36860	55200	63060	54260	27170	56840	70160	14030	51562	91150	69480	76920	88750	80780	120980	46650	60050	115190	48910	70800	103550	72870	133442	79442	21030	47590	70020	89330	26650	85790	7520	49420	37290	32910	
23470	61640	73280	84820	98530	98220	58700	78481	59690	80691	85651	109040	80390	65291	17280	108820	81150	74830	47100	44491	87860	52400	51711	9300	73060	67590	43510	0	17630	71570	62680	93550	71660	44380	45560	76350	34710	84700	22150	15500	88010	105640	76860	44071	41461	17250	34480	54001	57200	36270	25690	73251	54551	94820	112550	39510	109800	87180	46331	104010	89100	67381	90440	66890	111630	57630	38840	89160	45071	96620	67210	71971	46320	67480	28050	23250	
30610	46900	61820	94680	87070	114090	47240	85800	47270	67950	71890	116180	88021	56690	31160	116453	68730	63370	43520	31390	97540	68270	48030	24340	68000	60490	33960	17750	0	78760	72560	82090	60200	39950	30820	83490	33770	73130	36560	15420	103100	102870	65400	32950	36550	33060	37380	61260	64340	23850	37330	68290	46590	96080	112460	51570	117660	75720	37160	111870	77640	74700	98300	74030	121490	67490	26420	77700	42190	103760	55750	63540	38520	53150	13310	27190	
83730	81931	135982	105720	158650	95740	121402	126900	115760	81250	85350	167860	108910	72840	55190	132860	136670	137532	113171	71861	30470	59660	50470	63340	139131	133661	111152	71630	79440	0	11900	153020	134362	110751	76971	121600	100781	141070	50990	81450	62790	175001	139562	69491	56601	64900	99660	109481	97970	98052	74460	62680	64810	163070	180610	34160	139980	145020	68001	143380	150420	120090	127180	112140	116950	87060	98482	151862	48071	160420	129912	71570	115730	107491	77110	88430	
75010	82440	129572	95490	154190	84810	114992	116810	111300	87490	91590	157770	98680	75310	46470	121930	132210	131122	104451	68130	27290	49430	52670	54620	130411	124941	104200	62910	72520	11900	0	148560	127952	102031	73070	111510	92061	136610	42270	72730	51860	165021	133152	66880	54610	56180	90940	100731	87880	91642	65740	69390	65600	153620	171231	24070	129050	140560	65570	132450	145392	110000	116250	102050	106020	76830	92072	145452	48650	150330	123502	76910	107010	104500	70770	79710	
88450	94990	25930	153200	6700	181300	35370	117840	38930	119230	121460	124240	141830	110490	109060	172590	17000	20830	54870	85340	174281	140560	110780	101080	32320	37070	52711	93360	81770	153110	148250	0	27070	57190	82840	122280	66870	13450	113930	82730	177161	64060	17310	87000	99920	103640	73040	101210	116030	58500	99750	122700	101090	94570	100080	131290	161640	8560	92150	149340	4540	111460	145470	115790	180760	128830	60180	9100	108850	109760	29120	117340	50710	65360	81350	81120	
68392	77300	4860	134762	32330	159922	13900	107410	20970	102880	106470	118110	125170	92760	87450	155625	18730	14810	40110	67610	152671	119940	93050	79470	29310	25940	31140	71750	60160	133881	127691	27190	0	39620	65110	109980	50210	16280	92320	61120	155550	72460	11400	69270	82190	83020	56380	85200	99370	36890	79692	104970	83360	90400	98160	109680	149340	18760	74420	140940	22900	99160	131910	101230	161572	107572	39140	24940	91120	103630	5290	99610	31810	50080	61170	61251	
33240	77150	41130	98550	62620	124690	28620	72860	37480	100470	104410	91710	87180	88570	58090	118212	52470	37030	5290	63270	127360	85350	84760	50140	33720	28250	14080	44330	39710	111200	102310	57640	39590	0	61970	72580	12160	52550	60620	30910	120960	67220	41570	64830	72690	48430	18390	47800	61380	25490	44540	100810	79110	64720	80600	79140	111940	53890	69680	106160	53190	61760	94510	63830	126110	73620	32490	51360	79500	77230	35030	95980	7760	61200	46920	25910	
58770	17080	66870	122840	88320	134312	59260	114710	45430	39440	43380	145190	116181	29610	48490	144613	66340	74630	65070	5510	97980	88890	31680	48330	83100	77020	52230	46080	31050	76871	73000	82690	65330	61940	0	112380	61470	70740	55790	43580	116030	123660	73410	7940	21170	58560	65380	89420	92500	38260	65660	41860	20250	126180	141120	62810	145840	74690	11940	140050	80090	103610	126480	102920	149650	95650	32570	84300	30100	132770	60770	36460	58200	32580	18310	55350	
52980	127780	110840	42840	126690	79710	98960	10550	107820	149380	153320	47970	28810	134833	78290	51020	122810	103410	73460	112250	128200	67980	121253	73350	90020	89380	81450	75192	83200	121430	111280	121840	109930	72440	111680	0	60850	120530	73700	69890	97360	90190	107950	113613	111003	64970	55970	25290	24170	89030	52510	142843	124093	55790	73860	88260	40070	120270	115873	34280	118750	11530	23900	10800	69640	38870	96030	113550	114613	42710	105370	141513	78100	125450	93620	61000	
22120	77910	51900	86670	72680	113570	39390	61240	48080	99510	103450	85300	75300	88250	47920	106332	63240	47090	14310	62400	117190	74400	80480	39970	40260	34790	21350	34580	34110	101030	92140	67700	50360	12730	61830	60960	0	63170	50450	21841	110010	72840	51630	63960	69000	38260	6510	36180	49500	28930	33420	99850	77600	63010	79390	68970	100320	63950	68170	94530	63250	50140	82890	52210	114230	62500	35930	61420	74710	70820	45800	95100	18530	65310	44320	14880	
81312	83190	15020	147682	19770	172842	26820	116590	27130	108080	109150	127000	137560	98690	100370	168545	5510	20100	50600	73540	161500	132860	98980	92390	35080	34080	44060	84670	72630	141310	136450	14140	16160	52540	71040	121030	62600	0	105240	74040	168510	70840	13110	75200	88120	95940	68770	97540	111760	49810	92612	110900	89290	97330	102840	122600	160390	6210	80350	150120	11990	110210	144220	113620	174492	120492	48380	16800	97050	112520	18210	105540	44730	54210	69550	74171	
33010	69940	93750	73650	119000	80660	79170	79190	80160	85420	90520	117031	70030	70020	7630	97650	101620	95300	62850	51380	67430	34840	53750	13690	88810	83340	63890	22120	36430	51140	42250	114020	92130	60580	55660	73890	50460	105170	0	32420	67190	121390	97330	50960	46370	14180	48940	58731	50300	56740	23740	76260	59230	106220	124310	19080	101111	107650	53270	96480	109570	70210	82830	64430	98021	46460	59310	109630	46910	104880	87680	76040	66700	82100	42600	37710	
17090	59370	62560	81160	87920	105040	48090	72280	50940	80420	84360	101900	74501	69160	29030	102933	72400	64220	33891	43860	98430	60230	60770	21080	59851	54381	32420	15320	15360	82140	73250	82940	61020	30830	43290	69970	21501	73980	32630	0	95840	92431	66250	45420	50250	23090	22920	47740	50820	28610	24380	80760	59060	83460	99981	50080	104130	76460	49630	98340	78490	61180	84780	60510	107970	53970	33620	78550	54130	88660	56460	76010	35230	63040	25780	12090	
88120	128330	156530	67650	182810	38210	142800	103230	145650	136800	140900	142731	70840	122990	73350	86040	167780	155890	123060	110860	46780	37240	101980	80180	149010	143540	126610	88100	102920	63000	52080	177361	154950	120800	115800	97300	110130	167950	67120	95660	0	178490	160430	110310	100610	77100	106990	97370	75310	122790	78500	120490	112200	146800	165110	53400	100790	170430	109770	104190	172911	97150	87990	89180	67630	58620	125360	170220	96890	135420	150390	126220	127070	145930	106430	97930	
94410	140940	71970	131400	60850	168270	69070	84030	83940	165190	177701	73620	117370	153170	119380	139690	74630	59920	62890	127870	190730	144370	149360	111430	44530	52590	73990	106040	103610	175051	165731	63460	73140	67980	125840	90610	72840	70170	121910	93301	179350	0	64550	129430	137290	109720	77560	83460	102560	86680	105710	165790	143710	40030	37970	141090	118470	66270	134280	106000	60830	86920	113800	92500	158320	118740	93680	55040	144250	62690	70440	160580	67800	113770	109940	87170	
72590	85400	10200	137340	22190	164550	18970	103940	28890	110980	114770	114350	125970	100860	92620	157002	17860	7090	39010	75710	157841	124700	101150	84640	24580	21210	36490	76920	65330	139051	132861	17210	11340	41330	73210	108380	51010	13440	97490	66290	160350	65090	0	77370	90290	87780	57180	85350	100170	42060	83890	113070	91460	85730	93350	114850	147740	12450	82520	137470	12760	97560	131570	101540	164900	112922	46570	14020	99070	99870	13390	107710	34580	58100	66340	65260	
60940	20060	71040	120760	92490	129562	63430	115991	49600	39090	43870	147360	116330	25660	43740	145224	70510	78800	67970	2820	91843	84140	24190	43580	87270	80290	55500	43840	33220	69381	67460	86860	69500	64840	7930	114040	63640	74910	51040	45750	110490	126930	77580	0	13680	54250	67550	91511	94670	41900	63240	37380	15770	128530	144390	57270	146843	78860	5560	142220	84260	104891	128430	104580	146341	93570	36740	88470	22610	134940	64940	32510	61470	39450	20480	57520	
63060	29300	83800	116340	105250	121942	73060	113761	62360	40130	45230	147581	111910	24730	38960	140804	83270	89190	75280	15540	78413	76520	12730	39160	94620	87600	62810	41610	36850	55951	55420	99620	82260	72150	20650	111810	69060	87670	46260	50710	101080	134240	90340	13170	0	49830	72670	89281	90640	49710	58820	32300	13990	133490	149870	47860	142423	91620	11770	137822	97020	102661	124172	102350	138721	89150	48460	101230	9180	135590	77700	31170	68780	51170	27190	62480	
20840	73370	84100	68670	109050	84250	70090	69310	72940	89350	94450	105321	64240	73950	16010	92670	94400	83460	50680	54810	80440	38430	59220	11650	76640	71170	54220	17360	32940	65190	56300	104070	82560	48410	58570	64930	38290	95520	14320	22950	74040	109220	88000	54390	50000	0	36770	47021	42970	50610	12560	80760	63210	94050	111800	33130	94601	98000	56700	89060	99620	59150	75500	55470	95480	41480	53390	97790	52580	93170	78000	80090	54680	82140	41420	25540	
19630	81010	57710	80610	78490	108060	45200	56300	53890	102610	106550	81380	69240	91350	47680	100272	69050	52900	20120	65500	115780	71700	83271	39730	45840	40370	27160	34340	37210	99910	91020	73510	56170	18540	64930	56020	6920	68980	49040	22791	107310	76820	57440	67060	72100	36850	0	31240	43440	34740	30930	102950	80700	63570	79950	67850	95380	69760	71270	89590	69060	45200	77950	47270	108170	56990	41740	67230	76631	68960	51610	98200	24340	71120	47420	12810	
31070	105320	86750	56600	106620	89770	74240	25940	83100	126920	130860	58710	42570	113283	60491	75111	98090	81030	48740	89790	123971	65810	99703	53482	70090	67260	56730	53642	61290	109791	100871	101640	85210	47720	89220	25660	36130	97550	58891	47980	97430	82890	85570	91350	89453	47001	31250	0	22540	64310	35951	121293	102543	51760	69510	77701	65020	97890	94323	59230	97190	14840	47070	16390	83520	38720	71310	93620	93063	47880	80650	119963	53380	100690	71710	36930	
34070	108300	100560	38720	121340	68280	88050	29660	96740	129900	133840	69200	27160	114700	56320	58382	111900	95750	62970	92790	104730	44660	99970	52120	87000	83220	70010	56282	64290	97960	87960	116360	99020	61390	92220	24360	49770	111830	50380	50980	75480	102080	100290	94350	90480	44840	43300	22740	0	76760	32380	121510	103960	70950	88700	64940	54800	112610	96963	49010	111910	22520	35450	14900	66280	16770	82440	110080	93060	61380	94460	120840	67190	112970	74710	42650	
44090	52310	38470	108530	63720	132410	23890	89470	24710	76210	80150	112410	101871	65520	52020	130303	46170	40020	27900	40370	116171	87140	62510	44040	46100	39060	14270	36320	23660	97381	91191	58740	36850	25520	37870	89190	28510	49890	56890	28600	122750	85700	42050	42030	50440	50750	34740	64410	76700	0	51750	77730	56120	88630	101470	73770	128550	52370	47180	122760	54290	78370	111120	80440	135340	81340	7650	54350	57400	97930	32400	72370	20240	37030	24670	34530	
11700	81230	80972	60730	105010	83980	69442	57270	74110	98670	103770	93021	55590	83270	26740	84043	92312	79420	46640	64130	88800	42720	68540	21240	72590	67120	51292	25630	37220	74590	65700	100030	79432	44760	65150	52890	33710	92392	23720	24460	78330	105170	83960	63710	59320	12860	31030	35771	32460	51780	0	90080	72530	83460	101210	42530	84500	94872	66020	78710	95580	47110	65150	43430	87540	33540	57130	93750	61900	81920	74872	89410	50860	86420	47640	21630	
94870	35590	106280	147492	128780	149463	98670	146041	84840	19380	23480	181831	143410	17640	69600	172304	105750	115090	104120	37990	84312	104591	24800	70520	123460	116440	90760	73640	67880	62790	69760	123150	104740	100760	41410	144090	99190	110160	76900	80410	120640	163080	113870	36960	32520	81190	103100	121561	122140	77140	90180	0	21970	169961	188851	72640	174933	114100	32270	170332	120550	134941	155672	134630	166242	120650	71980	124760	30680	172531	100180	12860	97020	65540	55140	93070	
73920	17700	85190	129180	106640	134583	77580	126461	63750	26980	32080	160281	124750	11580	51740	153644	84660	92950	81550	16900	86602	89300	16090	51860	100890	93870	69080	54310	46200	64140	65780	101010	83650	78420	20320	124510	76720	89060	59040	58730	112660	140510	91730	15390	13750	62530	80630	101981	103480	55980	71520	22490	0	142550	157970	59440	155263	93010	10890	150662	98410	115361	137012	115050	151362	101990	50890	102620	17820	147920	79090	18260	75050	46100	33460	70500	
74190	143120	88920	96530	95750	133400	84590	49160	96140	169611	173551	34720	82500	153780	106400	100790	101890	80850	61940	127090	174870	115000	145541	98880	63900	65090	77100	94680	96290	160690	151770	94450	90090	64720	125730	55740	62750	96990	106110	83430	146940	39560	85800	128650	133480	94040	63510	51740	70840	88610	83170	170571	143161	0	19510	124920	79570	94470	132860	67100	91360	55200	77360	59930	122210	87020	95610	86160	138321	23790	86920	160661	70310	124600	107430	73060	
91920	157750	96630	114540	97610	151240	93610	67170	107350	188461	192401	44810	100510	177151	124180	116340	107530	86490	76020	143450	205662	132950	161901	116660	69800	72800	88970	112190	112650	178420	169500	100090	97800	80380	141580	73750	79110	102630	123840	100171	165360	37440	93290	145010	149840	111770	79870	69470	88570	101660	100900	189421	159521	19520	0	142650	95120	100110	149220	82650	97000	72930	92910	77940	137760	104750	108660	91800	154681	38720	95100	184381	82780	135810	123790	90790	
51740	74990	111070	79450	136430	78850	96600	93860	97450	85050	89730	134380	82360	69650	23200	105470	118910	112730	81181	57520	48400	33030	50390	31350	107141	101671	80930	39640	51640	34180	24030	131450	109530	78761	62460	88560	68791	122490	19000	49460	53420	140571	114760	56970	47270	32910	67670	77461	64970	74030	42470	71620	58860	125250	143140	0	112910	124970	56430	111150	127000	86940	97500	79100	96220	59090	75702	127060	43550	123710	104970	75050	83740	93100	54330	56440	
88070	161360	150720	36260	165420	66160	138840	47870	147700	184454	189534	56070	35191	166744	107092	22800	162720	143290	113340	145830	137790	81700	152014	103792	129870	129260	121330	109301	117270	140000	129080	161690	149810	112320	145260	40440	100730	160410	101152	103960	100670	118100	147830	146914	142524	96750	95850	65170	54970	128910	84290	174424	156004	79730	95070	112830	0	160150	149224	13150	158600	51410	21410	49850	45250	56530	135910	153400	145104	58350	145250	180154	117980	166170	127750	96650	
83882	87120	17590	149410	14250	175412	29390	116010	31060	111360	112520	124530	138040	102620	102940	169072	9130	19160	51080	77470	165430	135430	102910	94960	32610	33280	46630	87240	75650	145240	140380	8620	18730	53400	74970	120450	63080	5580	107810	76610	171080	67110	12170	79130	92050	98510	69250	97420	112240	52380	95182	114830	93220	94860	100370	125170	159810	0	84280	149540	6670	109630	143640	113610	176970	123062	52310	12150	100980	110050	20780	109470	46650	57490	73480	76741	
64980	19730	76180	122550	97630	130112	68570	118151	54740	35910	40690	151400	118120	21340	45530	147014	75650	83940	72610	7900	89553	84690	21060	45370	91950	84930	60140	46000	37260	67091	66170	92000	74640	69480	11960	116200	67780	80050	52830	49790	109820	131570	82720	5550	11550	56040	71690	93671	96850	47040	65030	32680	11070	132570	148950	56600	148633	84000	0	144032	89400	107051	130382	106740	146891	95360	41880	93610	20320	138980	70080	28020	66110	41440	24520	61560	
82200	155490	141290	40420	153890	73730	132720	36340	141580	179392	184472	44540	33930	161682	102010	34420	154260	133860	106040	139960	141220	85120	146952	98370	118340	119530	115210	103431	111400	143430	132510	150160	141500	106200	139390	34320	94610	150980	96070	98090	104100	106570	138400	141520	137462	90880	89730	59050	49100	122790	78420	169362	150942	68200	83540	110630	13080	150720	144162	0	147070	45290	16200	43980	55840	56890	129790	141870	140042	46820	138110	175092	111860	160050	121880	90780	
84260	92530	21740	149010	9780	177110	31180	114950	36260	117160	119390	121350	137640	108030	104870	168672	14930	16640	50680	82880	170091	136370	108320	96890	29430	32880	48521	89170	77580	150650	145111	4800	22880	53000	80380	119390	62680	11380	109740	78540	172971	61540	13120	84540	97460	99450	68850	97020	111840	54310	95560	120240	98630	91680	97190	127100	158750	6570	89690	146450	0	108570	142580	112900	176570	124640	57720	6580	106390	106870	24930	114880	46520	63290	78590	76930	
44590	119390	100130	47730	115980	84600	88250	12820	97110	140990	144930	51960	33700	126393	72750	61950	112100	92700	62750	103860	127020	66800	112813	66592	79310	78670	70740	66752	74810	120250	110100	111130	99220	61730	103290	11640	50140	109820	69810	61500	97530	86340	97240	105173	102563	59430	45260	14580	22640	78320	46970	134403	115653	55210	72960	86720	51000	109560	107433	45210	108040	0	34830	8580	74650	38820	85320	102840	106173	42550	94660	133073	67390	114700	85230	50790	
68720	142010	133100	26260	149920	59570	120590	33100	129450	163602	167550	53911	18540	148202	88530	29680	144440	126640	95090	126480	125150	68950	133472	84330	113250	112610	103080	89951	97920	127360	116440	145070	131560	94070	125910	23790	82480	143760	82590	84610	88030	113420	131180	128040	123982	77400	77600	46760	35620	110660	64940	155012	137462	77090	92430	97150	21290	143500	130682	16200	141980	34760	0	31340	47520	40720	117090	136780	126562	55380	127000	154342	99730	146840	108400	77300	
43780	118580	102700	40850	120350	77720	90190	15840	99050	140180	144120	55380	26820	125633	69090	59361	114040	97070	64690	103050	119000	58780	112053	64150	83680	83040	72680	65992	74000	112230	102080	115500	101160	63670	102480	10860	52080	113710	64500	60690	89320	91980	101610	104413	101803	55770	47200	16360	14970	80260	43310	133643	114893	59880	77950	79060	49860	113930	106673	44070	112410	8510	31320	0	67770	30610	87260	107210	105413	46800	96600	132313	69330	116640	84420	51360	
94450	165190	162862	28810	185680	29360	151332	78570	157460	177702	183972	98690	41690	162302	104021	25960	174202	160090	127310	147061	112470	63080	143042	104400	150680	147560	133182	111840	121160	116580	105660	180700	161322	125730	149090	69480	114110	174282	97670	107850	67500	158150	164630	146641	138951	98150	107640	83360	66040	135130	87380	165932	151512	122350	137690	95870	45230	176762	147211	55850	176250	74870	47350	67940	0	53800	140670	174420	136202	100970	156762	167702	131530	170020	131580	104380	
40650	111370	109062	27190	133960	51510	97532	45190	103660	128310	133410	84730	23570	112910	52490	51190	120402	108370	75590	93770	90370	30300	98180	50600	101540	96070	79382	58040	67360	87340	76920	128980	107522	73710	95290	39890	62660	120482	46370	54050	58710	118670	112910	93350	88960	44350	56980	39330	17270	81330	33580	119720	102170	87540	105290	59120	56170	122962	95660	56920	124530	39110	40720	31140	54000	0	86870	122700	91490	77290	102962	119050	79810	116220	77780	50580	
49720	46000	40480	113870	66170	135570	28540	96450	22790	70500	74440	119390	107211	59810	54630	135643	44190	44670	34830	34660	116821	89750	60100	46650	51180	45990	21200	38930	26270	98031	91841	60540	38940	32450	32160	96170	35490	48590	59500	33650	125360	92630	46650	36320	49040	53550	41720	71390	82330	7710	57090	72020	50410	95560	108400	75680	135530	52540	41470	129740	57860	85350	117010	87420	140680	86680	0	59000	56000	104910	34380	66660	27170	31380	23270	40160	
82310	96650	23760	147060	14070	174270	30380	109660	40380	122330	124850	116060	133790	112150	104660	164410	20390	14690	48730	87000	169881	134420	112440	96680	24140	30930	47640	88960	77370	151091	144901	9220	24900	51050	84500	114100	60730	16700	109530	78330	170070	55800	14400	88660	101580	97500	66900	93510	109890	54100	93610	124360	102750	86390	91900	126890	153460	12030	93810	141160	6590	103280	137290	107610	174620	122690	58750	0	110510	101580	26950	119000	44570	68750	78380	74980	
66990	35280	93570	117462	115020	119433	81270	118021	72130	43700	47800	151841	115530	29230	41350	143482	93040	97400	83490	25310	70263	74561	7700	42640	102830	95810	71020	45870	43160	47801	48840	109390	92030	80340	30420	116070	75370	97440	47160	55190	97370	142450	99430	22940	9950	53310	77790	93541	94260	57920	62300	30780	18440	139430	155810	44290	146043	101390	21350	141442	106790	106921	127792	106610	136212	92090	56670	111000	0	139850	87470	33120	76990	60940	35400	66960	
73300	148100	103030	80830	113680	114140	97520	35780	109050	176531	180471	14470	69500	158440	105860	79240	116000	95490	74150	132570	165960	105470	145552	98550	78130	79320	88930	96390	103520	159260	149340	109950	103240	76930	132000	42740	70260	112490	104680	88750	135460	62150	100030	134130	135302	92790	68980	47960	61660	97670	81740	172873	147790	23780	38910	123490	58020	109970	138340	45550	106860	42750	55660	47010	100660	76540	104670	101660	138912	0	99850	165290	82520	134400	113940	77680	
63912	72820	6880	130282	34350	155442	9670	104010	16490	98400	101990	114710	120690	88280	83020	151145	18700	15040	35630	63130	148241	115460	88570	75040	26330	22960	26660	67320	55730	129451	123261	29210	5340	35140	60630	105500	45730	18300	87890	56690	151070	69480	13420	64790	77710	78540	51900	80720	94890	32460	75212	100490	78880	87000	95180	105250	144860	20780	69940	137540	24920	94680	127430	96750	157092	103092	34660	26960	86640	100230	0	95130	27330	45600	56720	56771	
91220	25110	101270	146740	122720	151143	93660	143761	79830	12400	17450	182001	142310	7340	68750	171204	100740	109030	98890	33550	93192	106271	26860	69420	117500	111210	86040	71610	63500	71170	77050	117090	99730	95720	36310	141810	94180	105140	76050	76030	126110	157850	107810	32520	31220	80090	98090	119281	121040	72130	89080	12970	17790	160230	184401	76000	179953	109090	27890	175352	114490	132661	154572	132350	167922	119550	66970	118700	32880	165590	95170	0	92010	54950	50760	87800	
39530	72150	33370	104730	55990	130980	20860	78450	29720	96050	100240	97030	93360	85040	61640	124392	44710	30400	8300	59740	132220	91640	81230	53660	30370	22860	7440	45940	38370	115020	107040	51010	31830	7810	57710	78170	18400	44790	66510	35310	127250	66910	34710	61300	69160	54720	24570	53390	67560	20130	50830	97250	75580	70040	82680	83870	117530	47030	66150	111740	46560	67350	100100	69420	132290	79910	27130	44730	76120	82550	27270	91890	0	53440	43390	32200	
79200	32250	51520	143270	71250	161412	45490	127970	30000	55410	57930	149870	136611	49270	74730	165043	49230	59280	62040	37400	129350	115850	60990	73650	68910	64890	49620	67410	52850	107451	104370	65620	49980	61550	32510	127010	65080	54010	82030	63050	145920	113810	58060	39490	51750	82250	71310	100980	112930	37300	86490	65660	46200	124890	136070	93460	166270	57690	41540	160480	63590	114940	146910	117010	170080	116080	31610	68860	60680	135390	45420	54820	53740	0	43340	70970	
41300	34470	62940	105370	87580	121230	48360	96490	44690	55520	59460	126970	98711	44260	35210	127143	65600	64490	50580	18960	95440	75410	39810	31480	69920	62900	38110	28610	13580	76650	70460	81950	61320	47450	18390	94180	44100	70000	42510	26110	106400	109540	66520	20520	27740	41460	48010	71950	75030	25010	48190	55860	34160	107160	123540	54310	128350	73950	24730	122560	78760	85390	108990	84720	132180	78180	23760	78820	34700	114550	56870	51110	44080	43780	0	37880	
10220	71160	62621	77790	86210	101670	51091	61780	55720	92210	96150	90300	68460	80950	36530	98653	73961	60620	27840	55650	104480	62470	72560	28580	53790	48320	32830	23190	27150	88610	79720	81230	61081	25960	55080	61250	14910	74041	37740	12080	98080	86370	65160	57210	62040	25550	12740	36920	42660	34600	21520	92550	70850	73080	90830	56550	96690	76521	61420	90900	76780	50680	77340	51260	104600	50600	40280	74950	65920	77880	56521	87800	32060	70810	37570	0	


0	 Lutterworth                        0		0		32400		0

1	 Penkridge                          534		4192		24445		1068
2	 Heanor                             643		3671		23476		1286
3	 Bletchley                          424		2131		22390		848
4	 Warsop                             400		2998		21863		800
5	 Thame                              443		625		20156		886
6	 Long_Eaton                         460		2087		21442		920
7	 Raunds                             194		857		19507		388
8	 Derby                              364		2891		23164		728
9	 Telford                            190		1018		21365		380
10	 Wellington                         430		1972		21666		860
11	 Ramsey                             177		3676		22456		354
12	 Newport_Pagnell                    412		2311		22233		824
13	 Albrighton                         561		3865		23168		1122
14	 Kenilworth                         482		735		20231		964
15	 Luton                              259		2861		21888		518
16	 Alfreton                           764		4851		24775		1528
17	 Arnold                             750		5297		26202		1500
18	 Sileby                             804		3501		23205		1608
19	 Brownhills                         701		1442		22111		1402
20	 Cheltenham                         381		2172		22325		762
21	 Banbury                            475		2619		21589		950
22	 Stourbridge                        481		1804		20897		962
23	 Coventry                           651		5155		24606		1302
24	 Bingham                            415		3918		23784		830
25	 Cotgrave                           277		1497		20548		554
26	 Shepshed                           116		2922		22655		232
27	 Bedworth                           394		2334		21320		788
28	 Atherstone                         190		5160		25040		380
29	 Pershore                           468		1084		21962		936
30	 Evesham                            665		2927		22523		1330
31	 Mansfield_Woodhouse                657		3252		23604		1314
32	 Kimberley                          569		1555		22135		1138
33	 Mountsorrel                        100		2957		21506		200
34	 Chasetown                          111		2844		21533		222
35	 Rushden                            788		2911		23404		1576
36	 Leicester                          705		1839		23240		1410
37	 Pinxton                            338		3163		22316		676
38	 Leamington                         397		5093		24876		794
39	 Hinckley                           107		3072		22359		214
40	 Witney                             711		5069		25891		1422
41	 Sleaford                           349		2858		22360		698
42	 Hucknall_Torkard                   559		2267		22745		1118
43	 Pelsall                            193		2960		22215		386
44	 West_Bromwich                      443		3401		23800		886
45	 Brandon                            652		1679		21159		1304
46	 Wigston_Magna                      559		2807		22940		1118
47	 Rothwell                           520		1435		21605		1040
48	 Northampton                        569		5014		25376		1138
49	 Ashby_de_la_Zouch                  259		4093		23059		518
50	 Rugby                              304		4314		22991		608
51	 Bridgnorth                         257		1106		20748		514
52	 Wolverhampton                      491		3335		22664		982
53	 Market_Deeping                     351		5359		25568		702
54	 Spalding                           502		2132		22245		1004
55	 Stratford-upon-Avon                415		4524		23894		830
56	 Henlow                             803		1786		23339		1606
57	 Sutton_in_Ashfield                 108		1038		20789		216
58	 Walsall                            199		1968		21867		398
59	 Sandy                              435		2287		22152		870
60	 Mansfield                          455		3183		22402		910
61	 Burton_Latimer                     516		1480		21279		1032
62	 Kempston                           446		2582		22177		892
63	 Wellingborough                     714		5395		25437		1428
64	 Tring                              281		2678		21738		562
65	 Towcester                          312		4225		24023		624
66	 Swadlincote                        343		2749		22995		686
67	 Rainworth                          362		2239		21314		724
68	 Halesowen                          609		5260		25797		1218
69	 Yaxley                             651		4657		24117		1302
70	 Ilkeston                           186		854		19519		372
71	 Ryton                              247		3121		22389		494
72	 Loughborough                       355		2067		21533		710
73	 Uttoxeter                          660		4161		23784		1320
74	 Fazeley                            526		4915		25548		1052
75	 Broughton_Astley                   604		4377		24744		1208
