75

6350	3650

20	90

0	53010	88690	38830	82151	49410	60350	37820	97881	45231	69940	64150	94250	74940	64420	59161	34290	92001	98530	54330	34170	97360	73560	63550	46470	29510	41120	55360	61510	98052	49600	46480	17890	35900	67780	89240	55230	25670	56670	39000	30660	44750	43140	58670	30090	97201	98320	60260	88500	57880	50560	60241	64540	54820	82151	73380	78220	87980	81622	42140	77030	9020	44790	74400	99050	41540	88781	89920	45270	87860	98910	26900	56780	69050	65970	74241	
52960	0	99140	20760	127622	94800	89840	25770	54300	84522	91930	109540	49040	120330	108811	98452	79680	46920	143920	83820	20330	92450	117951	39160	6900	74900	86510	100750	31950	137343	28080	58180	36950	26380	109190	112900	5360	31380	102060	38720	24000	13490	15940	56040	56252	58100	143710	11010	137212	36710	33260	46080	109930	99350	127622	119531	89890	106922	120913	81431	121421	53540	45430	119790	141270	14960	49890	137931	45310	136091	109360	72290	102170	98540	95460	60190	
88030	98930	0	77850	91272	56240	40510	115440	150550	110001	24290	105520	139570	111522	127300	123921	97170	146170	161410	41320	103030	47180	136440	134870	92390	91590	102890	60902	129080	162812	120920	45520	94060	114402	59682	26170	103100	95110	99790	117502	92260	109240	100380	42950	59370	157350	150660	108400	87232	129550	126100	138743	113450	56850	91272	85592	12420	17760	146382	106900	139910	79890	123292	126400	78750	106380	149140	105012	123772	103322	11060	89780	94820	42782	38472	154863	
38710	21080	78370	0	111793	77680	70420	42660	73840	74242	72510	93711	68580	104501	93981	88162	63851	66460	128091	64400	30250	73960	103121	58700	14540	59071	70681	84921	51490	127053	47310	38760	28860	43270	89770	93480	25250	23570	86231	49960	19480	32720	22530	35270	38030	77640	127881	30550	117320	55940	52490	65310	94101	79930	111793	102941	69940	87502	110623	71141	106591	37711	55750	103961	120900	32660	69430	122102	56230	120262	88590	56461	86341	79120	76040	79420	
82011	127501	91240	111601	0	51610	55330	112531	174652	83991	67910	36960	175381	27860	82670	96431	63731	168772	101410	57350	108881	131910	90690	138261	120961	56881	61261	41590	136221	126410	124311	82810	92601	110611	31350	75990	129941	100381	40800	113711	105371	119461	117851	103300	87280	173972	79190	134971	16860	132591	125271	134952	45860	48420	0	11250	89740	81870	115280	78521	93770	75721	119501	54930	35250	116251	165552	15370	119981	13530	98970	60361	31710	50870	53170	151012	
49380	94870	56410	76990	52100	0	21920	82860	144981	58611	33080	52210	143980	59380	75920	72541	45790	139101	108950	15560	79210	88550	85060	108590	88330	40350	51420	12020	106550	111432	94640	39450	62930	80940	25640	51610	99040	70710	46480	84040	74290	89790	86770	59940	43920	144301	97350	104340	50420	102920	95600	105281	60140	7010	52100	43440	47660	51120	95002	55520	88530	43090	89830	73090	56910	86580	135881	64350	90310	62510	66052	38400	41510	25060	26440	121341	
60440	89990	40520	70110	55750	22000	0	95350	143710	75751	17190	68020	138450	74820	93060	89681	62930	136330	124760	7320	88270	81670	102200	120110	83450	57350	68180	22360	114320	128572	106160	32570	75410	93430	24160	34180	94160	79350	62290	96530	77500	94480	89980	53060	37040	147510	113160	99460	51710	114790	108130	117811	75950	18560	55750	50070	37910	35230	112142	72660	105670	52300	102320	88900	53870	91620	139300	69490	102800	67800	49492	55540	56950	10240	8630	136001	
38000	25800	115350	42310	112892	83040	95200	0	64670	67942	104790	94810	59410	105600	92221	81862	64451	55940	128261	89180	16320	115670	101361	26400	30810	60170	71780	88990	24360	120753	12450	72261	24030	2910	101410	124090	25150	22330	87330	13760	23670	13070	23680	76980	63390	64840	128980	26120	122482	20890	13570	26260	95200	88450	112892	104801	104440	121472	104323	64841	104831	43870	20470	105060	138850	11870	56420	123201	20350	121361	125570	57560	87710	103900	100820	42880	
97771	53880	150950	72850	174493	142811	142240	64610	0	127703	144330	154581	13580	165371	151992	141633	124222	9490	188032	136220	66900	124980	161132	40390	58990	119941	131551	148761	46090	180524	53040	110420	83570	65840	161181	165300	51830	81280	147101	64400	74250	59890	68030	108130	108492	8830	188751	43650	184083	45290	52330	40310	154971	148221	174493	164572	140910	159322	164094	124612	164602	103641	67740	164831	200382	61210	10210	184802	64410	182962	161170	117331	147481	150940	147860	25700	
43561	83552	109753	73151	84202	58453	75263	67042	127103	0	86423	58270	123472	70750	34230	16770	20900	121223	66320	68903	63392	126751	40910	92772	77132	28010	28490	64541	90732	55661	78822	74731	47112	65122	76961	104913	84452	54892	52400	68222	59882	73972	72362	88061	58341	126423	76560	89482	93792	87102	79782	89463	54540	64473	84202	75480	101003	104463	39231	8440	42890	37271	74012	62660	108531	70762	118003	88600	74492	86540	119355	27690	55460	80313	79743	103463	
69970	92180	24380	72300	68230	33000	17270	104880	146250	86751	0	82280	140990	88480	104060	100681	73930	138870	138170	18080	93740	70090	113200	125580	85640	68350	79650	37860	119790	139572	111630	35820	84310	102960	36640	21900	96350	85360	76550	106060	82970	99950	93630	46090	46220	150050	127420	101650	64190	120260	116810	127341	90210	33610	68230	62550	22880	18110	123142	83660	116670	61830	111850	103160	61150	97090	141840	81970	112330	80280	34781	66540	71580	19740	15430	145113	
64360	109850	105600	93950	36960	52150	67930	94880	157001	58130	82270	0	157730	12790	45760	67770	38160	151121	66080	64750	91230	139060	54900	120610	103310	35480	31180	45860	118570	89500	106660	89960	74950	92960	47860	92580	112290	82730	8500	96060	87720	101810	100200	108860	79140	156321	45840	117320	50520	114940	107620	117301	10530	50830	36960	29760	98170	97510	78370	52660	58370	58070	101850	21580	69400	98600	147901	36050	102330	33990	114610	40540	11760	65370	68600	133361	
94630	49100	139940	68070	176032	143990	137460	59830	13490	124562	139550	157950	0	168740	152151	138492	124521	17510	191401	131440	62120	113980	157991	43720	54210	122820	134430	151370	44850	183893	52150	105640	78790	61060	156810	160520	47050	76500	150470	70440	69470	55110	63250	97290	103712	21120	192120	38870	185310	53580	57330	50540	158340	146970	176032	167941	129900	154490	160953	121471	161461	100850	76550	168200	195452	56430	20400	190162	75330	184501	150160	120210	150850	146160	143080	36620	
75160	120650	111820	104750	27870	59620	74770	105680	167801	70810	88490	12990	168530	0	55610	78820	50840	161921	74350	72110	102030	146420	63630	131410	114110	48160	43860	52700	129370	97840	117460	97320	85750	103760	51930	96650	123090	93530	21180	106860	98520	112610	111000	117810	89940	167121	51970	128120	42520	125740	118420	128101	18800	57670	27870	28110	105530	102450	87170	65340	66710	68870	112650	27710	60910	109400	158701	24690	113130	22630	119550	52630	18810	71450	73750	144161	
64480	108051	127912	94070	83230	76612	93422	91541	151602	34390	104582	46510	148051	56290	0	31560	31080	145722	36200	87062	87891	147670	9300	117271	101631	38850	29210	77620	115231	43900	103321	95650	71611	89621	85110	123072	108951	79391	44760	92721	84381	98471	96861	108980	79260	150922	44610	113981	94151	111601	104281	113962	38540	78680	83230	73570	119162	122622	32610	33350	12770	58190	98511	38200	111850	95261	142502	80140	98991	78080	137514	40360	51680	96340	97902	127962	
57431	97422	123623	87021	96602	72323	89133	80912	140973	16000	100293	67860	137342	79250	31930	0	32840	135093	59740	82773	77262	140621	35690	106642	91002	40410	39570	78411	104602	44750	92692	88601	60982	78992	90831	118783	98322	68762	61990	82092	73752	87842	86232	101931	72211	140293	75910	103352	106192	100972	93652	103333	61500	78343	96602	87770	114873	118333	28320	23320	37020	51141	87882	66210	122090	84632	131873	100890	88362	98830	133225	40620	67750	94183	93613	117333	
34270	79760	97562	63860	64462	46262	63072	64071	124132	21310	74232	38160	125051	50640	30990	33260	0	118252	64540	56722	60421	117460	40130	89801	73220	8270	8380	49930	87761	69280	75851	65440	44141	62151	60050	92722	81481	51921	32290	65251	56911	71001	69391	78770	49050	123452	66710	86511	74052	84131	76811	86492	34430	50980	64462	55230	88812	92272	52850	15840	43600	27980	71041	43190	89280	67791	115032	68350	71521	66290	107164	10010	35210	68122	67552	100492	
91791	46850	145500	65820	166683	136831	135210	55780	9460	121723	137300	148601	16800	159391	146012	135653	118242	0	182052	129190	59870	125940	155152	31230	51960	113961	125571	142781	36930	174544	43880	103390	76540	57880	154560	158270	44800	74250	141121	57770	67220	52860	61000	101100	101462	13260	182771	36620	176273	37060	44100	34020	148991	142241	166683	158592	135260	152292	158114	118632	158622	97661	61760	158851	193352	54180	3500	178822	58430	175152	155720	111351	141501	143910	140830	19720	
98290	144011	162200	127880	101300	108750	124570	127501	189622	66470	138252	65950	190351	74270	36110	60110	64520	183742	0	120732	123851	183660	27540	153231	137591	71690	60590	106580	151191	40700	139281	129460	107571	125581	110220	154240	144911	115351	66930	128681	120341	134431	132821	142790	113070	188942	34610	149941	115950	147561	140241	149922	56190	107640	101300	95620	153562	156910	38760	68130	23610	92000	134471	49710	134340	131221	180522	98120	134951	96060	171914	74030	75190	125300	128030	165982	
54070	83620	41320	63740	57820	15980	7240	88980	137340	69731	17990	65060	132080	72230	87040	83661	56910	129960	121150	0	81900	75300	96180	113740	77080	51330	62630	22290	107950	122552	99790	26200	69040	87060	26230	37290	87790	72980	59330	90160	71130	88110	83610	46690	30670	141140	110200	93090	53780	108420	101720	111401	72990	16390	57820	52140	34410	36030	106122	66640	99650	45930	95950	85940	57360	85250	132930	71560	96430	69870	51581	49520	54360	15710	12860	129631	
34350	20220	103110	30070	109242	79390	88531	16380	67180	64282	93951	91160	61920	101950	88571	78212	60801	59800	124611	82511	0	103430	97711	35810	20430	56520	68130	85340	30020	117103	21860	60021	18420	16810	97760	114921	21120	16310	83680	25620	11430	11110	11950	64740	53150	70980	125330	26250	118832	30490	27040	39860	91550	84800	109242	101151	92200	109232	100673	61191	101181	40220	31940	101410	135200	7730	62770	119551	32420	117711	113330	53910	84060	97231	94151	53970	
97480	92110	46950	74060	132420	88740	81480	115950	124980	128351	70290	139070	114040	146240	147540	142281	117410	126180	182830	75460	103730	0	156680	122812	88600	112630	124240	96890	118930	182352	118340	61120	98840	116560	100830	73120	95820	97050	133340	123412	92960	103750	96590	39300	72290	132610	182620	100110	128380	126970	123520	136340	147000	90990	132420	126740	50690	64710	164742	125260	160150	91270	129202	157520	125700	104690	129150	146160	129682	144470	48820	110020	128370	88980	84670	145370	
73620	117191	137052	103210	90510	85752	102562	100681	160742	40980	113722	55160	157111	63480	9290	36010	40220	154862	27510	96202	97031	156810	0	126411	110771	47990	38350	86760	124371	35350	112461	104790	80751	98761	94250	132212	118091	88531	53900	101861	93521	107611	106001	118120	88400	160062	45810	123121	103291	120741	113421	123102	45400	87820	90510	82710	128302	131762	24680	41850	4220	67330	107651	44580	120990	104401	151642	87330	108131	85270	146654	49500	60820	105480	107042	137102	
63330	39050	134490	58020	138222	108370	119911	26140	40370	93262	125331	120140	43690	130930	117551	107192	89781	31240	153591	113891	35460	122822	126691	0	44160	85500	97110	114320	7260	146083	14240	91401	49360	28240	126740	147041	37000	47660	112660	33390	42810	29910	41120	93300	84530	43570	154310	28820	147812	11220	17710	21770	120530	113780	138222	130131	123580	141063	129653	90171	130161	69200	39380	130390	164180	29790	33620	148531	37120	146691	144710	82890	113040	128611	125531	33060	
46380	6860	92560	14180	121042	88220	83260	30700	59620	77952	85350	102960	54360	113750	102231	91872	73100	52240	137340	77240	20480	88150	111371	44480	0	68320	79930	94170	37270	130763	33090	51600	30370	31310	102610	106320	11030	24800	95480	43650	17620	18500	9360	49460	49672	63420	137130	16330	130632	41720	38270	51090	103350	92770	121042	112951	83310	100342	114333	74851	114841	46960	50360	113210	134690	19440	55210	131351	50240	129511	102780	65710	95590	91960	88880	65200	
29480	74970	91610	59070	56892	40341	57120	60000	120061	28170	68280	35470	122390	47950	38440	40610	7910	114181	71780	50760	56350	112670	47580	85730	68430	0	11740	42930	83690	76730	71780	60650	40070	58080	52010	86801	77410	47850	28890	61180	52840	66930	65320	73980	44260	119381	68940	82440	66482	80060	72740	82421	35160	43980	56892	48801	82860	86320	60300	22700	51050	23190	66970	45020	81240	63720	110961	63600	67450	61540	101243	5190	30460	61650	61631	96421	
40970	86460	103100	70560	61441	51400	68140	71490	131551	28240	79770	31270	133880	43750	28970	39620	8270	125671	60700	62250	67840	124160	38110	97220	79920	11620	0	50150	95180	72710	83270	72140	51560	69570	59120	97810	88900	59340	25400	72670	64330	78420	76810	85470	55750	130871	60220	93930	71031	91550	84230	93911	27540	51210	61441	51400	94350	97810	57440	22770	41580	34680	78460	36300	87980	75210	122451	64520	78940	62460	112723	16680	31380	68870	71600	107911	
55520	101010	61220	85110	42040	12080	22350	89000	151121	65191	37890	46150	151570	52810	77330	79121	49790	145241	106780	21970	85350	96870	86470	114730	94470	43100	50250	0	112690	118012	100780	47770	69070	87080	14170	49150	105180	76850	41190	90180	80430	95930	92910	68260	52240	150441	91290	111270	39230	109060	101740	111421	54850	8090	42040	34000	55980	52400	101582	62100	89940	49230	95970	67030	45720	92720	142021	54910	96450	53070	69500	43110	34940	19790	23020	127481	
61390	31870	129110	50840	136282	106430	114531	24200	46060	91322	119951	118200	44490	128990	115611	105252	87841	36930	151651	108511	30080	118770	124751	7250	36980	83560	95170	112380	0	144143	12300	86021	46750	26300	124800	141661	29820	44460	110720	31450	37430	24230	35440	86120	79150	49260	152370	21640	145872	11450	17330	22520	118590	111840	136282	128191	118200	135683	127713	88231	128221	67260	37560	128450	162240	24110	39310	146591	37350	144751	139330	80950	111100	123231	120151	34690	
96542	136533	162734	126132	126660	111434	128244	120023	182144	55121	139404	89470	182873	97790	43820	44200	68680	176264	40670	121884	116373	180912	35250	145753	130113	76450	72880	117522	143713	0	131803	127712	100093	118103	128230	157894	137433	107873	88430	121203	112863	126953	125343	141042	111322	181464	72150	142463	139701	140083	132763	142444	79710	117454	126660	118980	153984	157444	16910	62431	31840	90252	126993	77920	157710	123743	173044	123810	127473	121750	172336	77960	95350	133294	132724	158504	
49530	27840	120690	46720	124422	94570	106111	12340	53170	79462	111531	106340	51830	117130	103751	93392	75981	44040	139791	100091	21660	118420	112891	14500	32860	71700	83310	100520	12590	132283	0	77601	35560	14440	112940	133241	24310	33860	98860	19590	29010	16110	27320	82000	70730	53820	140510	20240	134012	9150	5780	18600	106730	99980	124422	116331	109780	127263	115853	76371	116361	55400	25700	116590	150380	15990	44720	134731	25490	132891	130910	69090	99240	114811	111731	32660	
46640	58100	45700	38220	83280	39600	32340	72240	111100	76411	35830	89930	105840	97100	95600	90341	65470	103720	129710	26320	59830	60880	104740	91670	51560	60690	72300	47750	85880	129232	77720	0	50400	70742	51690	56800	62270	51450	84200	73842	49060	66040	59550	22190	17690	114900	129500	67570	79240	86350	82900	95083	95720	41850	83280	77600	34790	51322	112802	73320	108210	38500	79632	105580	82820	63180	106690	97020	80112	95330	55920	58080	79230	41040	37960	109083	
18260	37140	94421	29050	93162	63310	75460	23560	83500	48202	84811	75080	78240	85870	72491	62132	44721	76120	108531	69440	18090	98900	81631	49290	30600	40440	52050	69260	46340	101023	35340	50881	0	21640	81680	104350	38320	8360	67600	25750	13350	28740	25830	60210	41820	83911	109250	43900	102752	43620	36300	46951	75470	68720	93162	85071	83511	100543	84593	45111	85101	24130	31540	85330	113550	25530	75491	103471	32020	101631	104641	37830	67980	84160	81080	60951	
36050	26350	114353	42860	110942	81090	93250	2890	66010	65982	102840	92860	60750	103650	90271	79912	62501	58210	126311	87230	16620	116220	99411	28670	31360	58220	69830	87040	26630	118803	14720	70813	22080	0	99460	122140	25930	20380	85380	15550	24220	13920	24230	77530	61440	67100	127030	27460	120532	23150	15830	28520	93250	86500	110942	102851	103443	120475	102373	62891	102881	41920	22260	103110	136900	12420	58680	121251	22140	119411	124573	55610	85760	101950	98870	45140	
67940	108880	59890	89000	31660	25700	23980	101420	162600	77611	36560	47950	157340	51840	84940	91541	59840	155220	110480	26000	97770	100560	94080	127150	102340	52150	59220	14170	125110	128660	113200	51460	81490	99500	0	46110	113050	89270	44830	102600	92850	108350	105330	71950	55930	162861	93090	118350	27620	121480	114160	123841	57750	20390	31660	25910	58390	50520	112230	74520	97550	61650	108390	68830	33130	105140	154441	45400	108870	43710	67620	54390	36740	19520	21820	139901	
89360	113350	26250	93470	76130	51170	34180	124270	167420	104921	22110	92700	162160	96590	122230	118851	92100	160040	154730	37470	114910	73290	131370	147590	106810	86660	97820	49140	141800	157742	133640	56990	104330	122350	46180	0	117520	106530	89580	125450	104140	121620	114800	65380	65960	171220	137840	122820	62830	142270	137050	146731	102500	47990	76130	70660	35780	11900	141312	101830	134840	81220	131240	113580	53550	118760	163010	88140	131720	86450	31130	84710	81490	31020	27290	165121	
55420	5460	103370	24990	130312	99030	94070	25330	52230	85352	96160	112230	46970	123020	109641	99282	81871	44850	145681	88050	21130	96160	118781	37090	11130	77590	89200	104980	29880	138173	24530	62410	38250	25940	113420	117130	0	32710	104750	38280	25680	13050	20170	60270	60482	56030	146400	8940	139902	33160	29710	42530	112620	103580	130312	122221	94120	111152	121743	82261	122251	57770	44990	122480	145500	14890	47820	140621	44870	138781	113590	74980	105130	102770	99690	56640	
26590	30760	95221	22790	101492	71640	79140	23220	80850	56532	85611	83410	75590	94200	80821	70462	53051	73470	116861	73120	17090	96150	89961	48950	24220	48770	60380	77590	43690	109353	35000	51681	8960	21300	90010	106581	31940	0	75930	27970	6970	23850	19450	57460	43130	84650	117580	37520	111082	43280	35960	48650	83800	77050	101492	93401	84311	101343	92923	53441	93431	31250	33760	93660	126710	20990	76440	111801	34240	109961	105441	46160	76310	87840	84760	63171	
56870	102360	100020	86460	40890	46570	62390	87390	149511	52250	76690	8480	150240	20960	44350	62020	32280	143631	66880	59170	83740	133480	53490	113120	95820	28890	25300	41530	111080	88090	99170	84380	67460	85470	44670	89390	104800	75240	0	88570	80230	94320	92710	101370	71650	148831	52830	109830	52060	107450	100130	109811	14400	45460	40890	31390	92590	93650	76700	46780	56960	50580	94360	28570	69820	91110	140411	41370	94840	39310	110102	33950	9200	61040	64270	125871	
39460	38940	117763	49980	114352	84500	96660	13950	64730	69392	106250	96270	70500	107060	93681	83322	65911	57890	129721	90640	25740	122942	102821	33810	43950	61630	73240	90450	31900	122213	19830	74223	26250	15940	102870	125550	38290	27350	88790	0	34160	26210	36820	84252	64850	64050	130440	38640	123942	24110	17680	25920	96660	89910	114352	106261	106853	123885	105783	66301	106291	45330	7040	106520	140310	25010	55630	124661	7510	122821	127983	59020	89170	105360	102280	40200	
30780	24030	92240	19200	105682	74110	77661	23730	74530	60732	83081	87600	69270	98390	85011	74652	57241	67150	121051	71641	11320	92560	94151	43160	17640	52960	64570	80060	37370	113543	29210	49151	13150	24340	92480	104051	25620	7590	80120	34050	0	17530	12600	53870	42280	78330	121770	31200	115272	37840	34390	47210	87990	79520	105682	97591	81330	98362	97113	57631	97621	32850	39840	97850	128151	14670	70130	115991	40320	114151	102460	50350	80500	86361	83281	61320	
44950	13460	109250	32340	119842	89990	94671	13060	60320	74892	100091	101760	55060	112550	99171	88812	71401	52940	135211	88651	11160	104040	108311	30150	18480	67120	78730	95940	24150	127703	16200	66161	29110	13930	108360	121560	13040	24600	94280	26010	17570	0	14900	67620	59290	64120	135930	16620	129432	24830	21380	34200	102150	95400	119842	111751	98340	115372	111273	71791	111781	49860	32720	112010	145731	3760	55910	130151	32600	128311	119470	64510	94660	103371	100291	48310	
43220	15890	100690	22310	118122	86550	90101	23700	68650	73162	93480	100040	63390	110830	97451	87092	69681	61270	133491	84081	11910	96280	106591	41430	9350	65400	77010	92500	35430	125983	27480	59730	25590	24310	104920	114450	20060	20030	92560	36650	12560	14910	0	57590	54720	72450	134210	25360	127712	36110	32660	45480	100430	91960	118122	110031	91440	108472	109553	70071	110061	45290	43360	110290	140611	12220	64240	128431	43240	126591	110910	62790	92940	98801	95721	59590	
58720	56380	43540	35300	103450	59770	52510	77380	108170	89591	46180	108510	97230	117270	108780	103521	78650	101760	142890	46490	64970	39260	117920	94000	49840	73870	85480	67920	86790	142412	82610	22560	60080	77990	71860	65500	60550	58290	101030	84652	54200	68020	57830	0	33530	112940	142680	65850	99410	91240	87790	100610	108900	62020	103450	97770	35590	57090	125982	86500	121390	52510	90442	118760	102990	67960	104730	117190	90922	115500	53760	71260	99400	61210	58130	114720	
30260	55220	60020	36860	87880	44200	36940	63380	108220	60031	46220	78950	102960	89740	79220	73961	49090	100840	113330	30920	52780	72490	88360	84620	48680	44310	55920	52350	78830	112852	70670	17700	41640	61460	56290	65830	59390	43240	71470	64560	42010	58990	54490	33800	0	112020	113120	64690	83840	79300	75850	85801	79340	46450	87880	82200	49550	63420	96422	56940	91830	22120	70350	89200	87420	56130	103810	101620	70830	99930	70240	41700	71580	45640	42560	99801	
97901	57790	156440	76760	174623	142941	146150	65520	8750	127833	148240	154711	21210	165501	152122	141763	124352	13400	188162	140130	70810	132610	161262	43560	62900	120071	131681	148891	49260	180654	53510	114330	84581	67600	161311	169210	55740	85190	147231	64530	78160	63800	71940	112040	112402	0	188881	47560	184213	45380	52420	40440	155101	148351	174623	164702	146200	163232	164224	124742	164732	103771	67870	164961	204292	65120	10300	184932	64540	183092	166660	117461	147611	154850	151770	25830	
98600	144090	150670	128190	79140	97220	113000	129120	191241	77480	127340	45890	191970	52030	44640	75760	66870	185361	34640	109820	125470	182970	45760	154850	137550	69250	60260	90930	152810	72570	140900	129770	109190	127200	92930	137650	146530	116970	52940	130300	121960	136060	134440	143100	113380	190561	0	151560	93790	149180	141860	151541	39430	95900	79140	75350	143240	142580	68290	75010	48550	92310	136090	24500	112180	132840	182141	72950	136570	70870	159680	74310	56830	110440	113670	167601	
60640	11220	108570	30190	135532	104230	99270	26340	44100	90582	101360	117450	38840	128240	114861	104502	87091	36720	150901	93250	26350	100190	124001	28960	16330	82810	94420	111111	21750	143393	20390	67610	43810	27570	118620	122330	9170	38270	109970	38330	31240	16620	25370	65470	65682	47900	151620	0	145122	29020	25570	38390	117840	108780	135532	127441	99320	116352	126963	87481	127471	62970	44440	127700	150700	19320	39690	145841	44230	144001	118790	80200	110350	107970	104890	52500	
89320	136480	87450	116560	16920	50340	51540	122631	184752	94091	64120	50590	184900	42430	94001	106951	73831	178872	115980	53560	118981	128120	103141	148361	129940	66981	71361	39090	146321	140040	134411	79020	102701	120711	27560	62930	140041	110481	52070	123811	115471	129561	127951	99510	83490	184072	93760	145071	0	142691	135371	145052	60430	45600	16920	21350	85950	73850	126641	88621	106611	83030	129601	69500	22120	126351	175652	28180	130081	26490	93080	70461	42980	47080	49380	161112	
58191	36630	129480	55510	133083	103231	114901	21130	45580	88123	120321	115001	53440	125791	112412	102053	84642	37360	148452	108881	30450	127210	121552	11180	41650	80361	91971	109181	11460	140944	8790	86391	44350	23230	121601	142031	33100	42650	107521	23860	37800	24900	36110	90790	79520	45440	149171	29030	142673	0	7700	12110	115391	108641	133083	124992	118570	136053	124514	85032	125022	64061	29130	125251	159041	24780	36340	143392	26870	141552	139700	77751	107901	123601	120521	24280	
50911	33370	126220	52250	125803	95951	108151	13930	52650	80843	117061	107721	57360	118511	105132	94773	77362	44430	141172	102091	27190	123950	114272	17760	38390	73081	84691	101901	17510	133664	5530	83131	37060	15940	114321	137041	29840	35360	100241	17690	34540	21640	32850	87530	76260	52170	141891	25770	135393	7730	0	13590	108111	101361	125803	117712	115310	132793	117234	77752	117742	56781	22960	117971	151761	21520	43410	136112	21890	134272	136440	70471	100621	116851	113771	30210	
60321	46090	138624	64970	135213	105361	117561	26530	40700	90263	127151	117131	50240	127921	114542	104183	86772	34160	150582	111501	39910	136670	123682	21670	51110	82491	94101	111311	22470	143074	18250	95084	47001	28540	123731	146451	42560	47960	109651	25990	47260	34360	45570	100250	85711	40020	151301	38490	144803	12050	13490	0	117521	110771	135213	127122	127714	144746	126644	87162	127152	66191	31260	127381	161171	34240	31600	145522	28140	143682	148844	79881	110031	126261	123181	17140	
64770	110260	113290	94360	45620	59840	75660	95290	157411	54530	89960	10270	158140	18590	37840	61050	34560	151531	56400	72440	91640	146750	45680	121020	103720	35420	27580	54800	118980	79890	107070	95940	75360	93370	56950	101670	112700	83140	13760	96470	88130	102220	100610	109270	79550	156731	39530	117730	60270	115350	108030	117711	0	58730	45620	39940	105860	106600	69220	49060	48760	58480	102260	15270	78660	99010	148311	42440	102740	40380	123372	40480	21120	74310	77540	133771	
54720	99320	56920	79440	48950	7040	18680	88200	150321	64571	33590	51040	147780	57860	78280	78501	50730	144441	107780	16100	84550	91000	87420	113930	92780	44040	51200	8090	111890	117392	99980	41900	68270	86280	20380	47970	103490	76050	45310	89380	79630	95130	92110	62390	46370	149641	96180	108790	45730	108260	100940	110621	58970	0	48950	40290	50110	51220	100962	61480	90890	48430	95170	71920	52220	91920	141221	61200	95650	59360	66422	44050	39990	18610	21840	126681	
82011	127501	91240	111601	0	51610	55330	112531	174652	83991	67910	36960	175381	27860	82670	96431	63731	168772	101410	57350	108881	131910	90690	138261	120961	56881	61261	41590	136221	126410	124311	82810	92601	110611	31350	75990	129941	100381	40800	113711	105371	119461	117851	103300	87280	173972	79190	134971	16860	132591	125271	134952	45860	48420	0	11250	89740	81870	115280	78521	93770	75721	119501	54930	35250	116251	165552	15370	119981	13530	98970	60361	31710	50870	53170	151012	
73220	119430	85830	102810	11720	43390	49920	104460	166581	75820	62500	29760	167310	28100	73410	87770	55270	160701	95760	51940	100810	126500	82550	130190	112890	48810	51400	33960	128150	119050	116240	77400	84530	102540	25940	70620	121870	92310	31370	105640	97300	111390	109780	97890	81870	165901	75310	126900	21310	124520	117200	126881	40210	40200	11720	0	84330	76460	105760	70350	86020	66930	111430	51050	40190	108180	157481	20980	111910	19140	93560	52290	22280	45460	47760	142941	
78390	90820	12940	70310	90050	47860	38090	105120	140920	101621	22870	98190	129940	105360	118920	115541	88790	137510	153030	34580	92710	50690	128060	124550	84280	83210	94510	56010	118760	154432	110600	35200	83740	104082	58460	36010	94990	84790	92460	107182	81940	98920	92270	35410	49730	148550	143330	100290	86010	119230	115780	128423	106120	50110	90050	84370	0	27600	138002	98520	131530	70250	112972	119070	82970	96060	140480	103790	113452	102100	23160	81400	87490	41560	37250	143080	
88010	106241	17840	86361	82040	51040	35151	120541	160311	104791	18100	97400	154510	102290	122100	118721	91970	152931	156210	36120	108131	64880	131240	140481	99701	86390	97690	52320	134691	157612	126531	50621	99161	119503	50450	11900	110411	100211	93230	122603	97361	114341	107691	56970	63410	164111	142540	115711	73760	135161	131711	143894	106890	51170	82040	76360	27370	0	141182	101700	134710	79870	128393	118280	64480	111481	155901	95780	128873	94090	24420	84580	86190	34200	30470	160014	
79962	119953	146154	109552	115270	94854	111664	103443	163504	38541	122824	78550	159873	86910	32540	27620	52100	157624	38720	105304	99793	163152	24370	129173	113533	59870	56880	100942	127133	17070	115223	111132	83513	101523	111650	141314	120853	91293	76800	104623	96283	110373	108763	124462	94742	162824	67860	125883	125652	123503	116183	125864	68830	100874	115270	105610	137404	140864	0	45851	20960	73672	110413	68010	141830	107163	154404	112180	110893	110120	155756	61380	83720	116714	116144	139864	
41030	81021	107222	70620	78702	55922	72732	64511	124572	8430	83892	52770	120941	65250	33060	23490	15400	118692	67960	66372	60861	124220	41770	90241	74601	22510	22990	62010	88201	62421	76291	72200	44581	62591	74160	102382	81921	52361	46900	65691	57351	71441	69831	85530	55810	123892	74190	86951	88292	84571	77251	86932	49040	61942	78702	69980	98472	101932	45991	0	44530	34740	71481	56310	103390	68231	115472	83100	71961	81040	116824	22190	49960	77782	77212	100932	
76960	120531	140392	106550	93630	89092	105902	104021	164082	42990	117062	58280	160451	66600	12630	37390	43560	158202	23570	99542	100371	160150	4060	129751	114111	51330	41690	90100	127711	31700	115801	108130	84091	102101	97590	135552	121431	91871	57240	105201	96861	110951	109341	121460	91740	163402	48380	126461	106631	124081	116761	126442	48520	91160	93630	86050	131642	135102	21030	44650	0	70670	110991	47700	124330	107741	154982	90450	111471	88390	149994	52840	64160	108820	110382	140442	
8980	53480	80510	37580	75671	42930	52170	43890	103951	38751	61760	57670	100400	68460	57940	52681	27810	98071	92050	46150	40240	91180	67080	69620	46940	23030	34640	48880	67580	91572	55670	38350	23950	41970	61300	81060	57650	31220	50190	45070	32940	49920	45420	52490	21960	103271	91840	62950	82020	63950	56630	66311	58060	48340	75671	66900	70040	79800	75142	35660	70550	0	50860	67920	92570	47060	94851	83440	51340	81380	90730	20420	50300	60870	57790	80311	
44950	45420	123253	55470	119842	89990	102150	20430	67880	74892	111740	101760	76170	112550	99171	88812	71401	62140	135211	96130	31880	128432	108311	39430	50430	67120	78730	95940	37570	127703	25500	79713	31740	22420	108360	131040	44770	32840	94280	6950	39650	32690	43300	89742	70340	67200	135930	44310	129432	29340	22910	31150	102150	95400	119842	111751	112343	129375	111273	71791	111781	50820	0	112010	145800	31490	58780	130151	3780	128311	133473	64510	94660	110850	107770	43350	
74690	120180	126490	104280	54960	73040	88820	105210	167331	62650	103160	21710	168060	27850	37700	65830	43330	161451	49700	85640	101560	157880	44760	130940	113640	45340	36350	66750	128900	78230	116990	105860	85280	103290	68750	113470	122620	93060	28760	106390	98050	112140	110530	119190	89470	166651	24470	127650	69610	125270	117950	127631	15250	71720	54960	51170	119060	118400	68300	56300	47840	68400	112180	0	88000	108930	158231	51780	112660	49720	135500	50400	32650	86260	89490	143691	
99120	140820	78920	120900	35150	56880	53900	134550	201170	108871	61100	69470	195670	60660	111490	122250	88760	193790	134210	57900	130900	125960	120630	160280	134280	81070	87860	45630	158240	158130	146330	83360	113090	132630	33220	53650	144990	122400	69740	135730	125980	141480	138460	103850	87830	204970	111990	150290	21900	154610	147290	156971	78660	52140	35150	40230	82930	64570	142090	103440	124100	92830	141520	87730	0	138270	196760	45240	142000	43550	83800	83310	60650	47030	46360	187091	
41830	14940	106330	32580	116722	86870	91751	11820	61380	71762	97171	98640	56120	109430	96051	85692	68281	54000	132091	85731	7730	105070	105191	30030	19500	64000	75610	92820	24030	124583	16080	63241	25990	12430	105240	118640	14890	21680	91160	24770	14650	3760	12150	67860	56370	65180	132810	19330	126312	24710	21260	34080	99030	92280	116722	108631	95420	112452	108153	68671	108661	46940	31480	108890	142680	0	56970	127031	31360	125191	116550	61390	91540	100451	97371	48190	
88531	49760	148410	68730	163423	133571	138120	56140	10500	118463	140210	145341	19710	156131	142752	132393	114982	3600	178792	132100	62780	128850	151892	33620	54870	110701	122311	139521	39320	171284	44130	106300	75211	58230	151941	161180	47710	76311	137861	55160	70130	55770	63910	104010	104372	10360	179511	39530	174843	36000	43040	31070	145731	138981	163423	155332	138170	155202	154854	115372	155362	94401	58500	155591	196262	57090	0	175562	55170	171892	158630	108091	138241	146820	143740	16460	
89710	137560	105370	121660	15370	64310	69460	122590	184711	88590	82040	36050	189301	24650	79460	100540	68040	178831	98200	71480	118940	146040	87480	148320	131020	63300	64170	54880	146280	123200	134370	96940	102660	120670	45480	88830	140000	110440	41380	123770	115430	129520	127910	117430	101410	184031	72710	145030	28580	142650	135330	145011	42650	61120	15370	20990	103870	96000	112070	83120	90560	83420	129560	51720	45550	126310	175611	0	130040	2280	113100	67560	33280	65000	67300	161071	
45430	45210	123733	55950	120322	90470	102630	20220	64390	75362	112220	102240	74760	113030	99651	89292	71881	58650	135691	96610	32360	128912	108791	37130	50220	67600	79210	96420	37360	128183	25290	80193	32220	22210	108840	131520	44560	33320	94760	7430	40130	32480	43090	90222	70820	63710	136410	44100	129912	27040	21900	27990	102630	95880	120322	112231	112823	129855	111753	72271	112261	51300	3780	112490	146280	31280	55290	130631	0	128791	133953	64990	95140	111330	108250	39860	
87650	135500	103680	119600	13530	62470	67770	120530	183041	86530	80350	33990	183380	22590	77400	98480	65980	176771	96140	69790	116880	144350	85420	146260	128960	61240	62110	53040	144220	121140	132310	95250	100600	118610	43790	87140	137940	108380	39320	121710	113370	127460	125850	115740	99720	182361	70640	142970	26890	140590	133270	142951	40590	59280	13530	19150	102180	94310	110010	81060	88500	81360	127500	49660	43860	124250	173551	2280	127980	0	111410	65500	31220	63310	65610	159011	
98600	109500	11080	88420	98570	65982	48872	126010	161120	119733	34591	113930	150140	118820	137042	133663	106912	156740	171152	51621	113600	48740	146182	145440	102960	101472	112632	68850	139650	172554	131490	56090	104630	124972	66980	31010	113670	105680	109652	128072	102830	119810	110950	53520	69940	167920	159070	118970	92860	140120	136670	149313	123312	65922	98570	92890	22990	24040	156124	116642	149652	90460	133862	134810	83580	116950	159710	112310	134342	110620	0	99522	102720	50730	46502	165433	
27240	72730	90130	56830	60282	38861	55640	57760	117821	28101	66800	40550	120150	52520	40300	41170	10140	111941	74380	49280	54110	110430	49440	83490	66190	5210	16820	42910	81450	78590	69540	58410	37830	55840	54190	85321	75170	45610	33970	58940	50600	64690	63080	71740	42020	117141	74020	80200	69872	77820	70500	80181	40240	43960	60282	52191	81380	84840	62160	22640	52910	20950	64730	50100	83420	61480	108721	67770	65210	65710	99763	0	34630	60721	60151	94181	
56910	102400	94890	86500	31910	41450	56700	87810	149931	55790	71560	11700	150660	18950	51300	67740	35240	144051	75120	54040	84160	128350	60440	113540	95860	30500	31370	34630	111500	95040	99590	79250	67880	85890	36630	81350	105220	75660	9180	88990	80650	94740	93130	99740	71690	149251	56840	110250	43080	107870	100550	110231	21530	39600	31910	22410	87460	86280	83650	50320	63910	50620	94780	32580	60840	91530	140831	33470	95260	31410	103380	34760	0	54140	57370	126291	
69160	98710	43040	78830	51100	25100	10230	104070	152430	80711	19710	65530	147170	71350	95930	94631	67880	145050	125430	15890	96990	88750	105070	128830	92170	61700	68850	19730	123040	133522	114880	41290	84130	102150	19510	30970	102880	88070	60640	105250	86220	103200	98700	61780	45760	156230	110670	108180	47060	123510	116850	126531	74300	18580	51100	45420	41540	34220	117092	77610	108540	61020	111040	86410	47000	100340	148020	64840	111520	63150	51320	60490	54320	0	4840	143731	
65900	95450	38570	75570	53860	25950	8640	100810	149170	79701	15240	68690	143910	74110	97010	93631	66880	141790	128210	12780	93730	84280	106150	125570	88910	61440	71630	22890	119780	132522	111620	38030	80870	98890	22270	26910	99620	84810	63800	101990	82960	99940	95440	58520	42500	152970	113830	104920	49820	120250	113590	123271	77460	21740	53860	48180	37070	30160	116092	76610	109620	57760	107780	89570	46780	97080	144760	67600	108260	65910	47022	59490	57480	4770	0	141661	
74711	59620	153014	78500	149603	119751	134051	43000	26010	104653	143404	131521	36380	142311	128932	118573	101162	20270	164972	128031	53440	145520	138072	32810	64640	96881	108491	125701	34400	157464	32110	109381	61391	45010	138121	163191	56090	62491	124041	40210	60790	47890	59100	113780	100101	25330	165691	52020	159193	23980	29960	17100	131911	125161	149603	141512	142104	159136	141034	101552	141542	80581	43550	141771	187093	47770	16910	159912	40220	158072	163234	94271	124421	141872	139921	0	


0	 Caldicot                           0		0		32400		0

1	 Tredegar                           486		4634		24661		972
2	 Worcester                          293		2660		22889		586
3	 Abergavenny                        474		2753		21953		948
4	 Swindon                            827		3957		24322		1654
5	 Stonehouse                         646		3983		24196		1292
6	 Churchdown                         217		4694		23842		434
7	 Caerphilly                         793		2257		23193		1586
8	 Clydach                            491		4679		24357		982
9	 Clevedon                           763		2577		23418		1526
10	 Tewkesbury                         133		4167		23546		266
11	 Melksham                           197		2983		21724		394
12	 Ystalyfera                         133		1116		20941		266
13	 Devizes                            726		3702		24067		1452
14	 Wells                              171		1610		21374		342
15	 Weston-super-Mare                  244		4968		23461		488
16	 Bristol                            265		987		20369		530
17	 Neath                              722		4750		24703		1444
18	 Yeovil                             694		2173		21701		1388
19	 Gloucester                         411		4858		24597		822
20	 Abercarn                           366		5263		25231		732
21	 Ludlow                             419		4801		24858		838
22	 Glastonbury                        828		4546		25489		1656
23	 Rhondda                            330		782		20632		660
24	 Brynmawr                           385		3175		22497		770
25	 Mangotsfield                       177		3431		23457		354
26	 Keynsham                           125		1457		20966		250
27	 Chalford                           329		4149		23368		658
28	 Ferndale                           238		1743		20354		476
29	 Taunton                            269		3586		23669		538
30	 Pontypridd                         108		3593		22018		216
31	 Ross_on_Wye                        575		1064		21376		1150
32	 Caerleon                           286		2083		21763		572
33	 Bedwas                             474		2565		21555		948
34	 Cirencester                        166		3960		22510		332
35	 Evesham                            398		729		20926		796
36	 Rhymney                            370		3104		23302		740
37	 Cwmbran                            199		1483		20040		398
38	 Neston                             270		2324		21367		540
39	 Cardiff                            667		2153		21728		1334
40	 Pont-y-pwl                         593		1603		22423		1186
41	 Bargoed                            194		3538		22777		388
42	 Abertillery                        606		1445		22543		1212
43	 Hereford                           516		3391		23074		1032
44	 Coleford                           128		4927		23594		256
45	 Swansea                            358		5015		24671		716
46	 Shaftesbury                        620		3927		23764		1240
47	 Merthyr_Tydfil                     770		4098		23870		1540
48	 Highworth                          280		4878		23794		560
49	 Tonyrefail                         165		1698		21489		330
50	 Beddau                             736		863		20800		1472
51	 Pencoed                            493		2237		22178		986
52	 Trowbridge                         484		1125		20245		968
53	 Stroud                             400		1473		21968		800
54	 Wroughton                          471		711		20075		942
55	 Wootton_Bassett                    674		4872		25809		1348
56	 Great_Malvern                      664		1682		21526		1328
57	 Pershore                           273		2302		21662		546
58	 Bridgwater                         346		3434		23171		692
59	 Nailsea                            404		3469		23620		808
60	 Street                             196		3346		23344		392
61	 Chepstow                           573		4009		23550		1146
62	 Penarth                            550		3875		23847		1100
63	 Warminster                         315		1675		20450		630
64	 Carterton                          240		4878		23966		480
65	 Blackwood                          815		2444		22554		1630
66	 Briton_Ferry                       454		1350		21772		908
67	 Mildenhall                         273		2054		21769		546
68	 Dinas_Powys                        677		1342		22299		1354
69	 Marlborough                        492		2986		21995		984
70	 Droitwich                          707		4444		25829		1414
71	 Stoke_Gifford                      355		1919		20761		710
72	 Chippenham                         682		1102		21825		1364
73	 Charlton_Kings                     734		2837		23491		1468
74	 Cheltenham                         311		1019		19905		622
75	 Pyle                               480		2024		21044		960
