75

6350	3650

20	90

0	78921	49280	69090	61260	34460	54590	71270	84320	68710	23640	99660	74360	43140	60010	51980	95631	57690	72460	95481	52300	52440	49720	86630	83320	30370	85251	53510	94120	64880	64860	27010	74850	74330	95630	50020	59120	54060	90940	70450	66230	56771	29480	56120	79440	89040	33320	68631	96070	56620	81750	47320	40150	84730	81900	60671	21640	55391	20310	72130	92210	27420	89260	72150	46430	49720	52951	62030	64300	66150	77940	95630	20240	65830	58741	65920	
79441	0	42020	22930	138890	81160	100810	133530	148830	138813	59740	54050	23090	85070	30960	88340	128570	71170	22600	21070	76070	108730	35890	28320	69410	81180	13920	98490	81910	25190	58880	97540	37550	85300	26310	92980	26170	107230	46210	52500	78300	24480	104611	113880	36220	78270	59630	14960	87700	28160	67980	92350	90250	150080	75790	20020	87791	27250	96270	45310	161533	57660	123880	135600	116960	106970	31670	104080	83610	84990	121720	58710	95381	32500	91980	67930	
49150	42530	0	47920	97180	39910	59560	112241	125851	112620	31630	85210	28390	79560	14290	48570	124880	31610	28740	61040	36300	93291	34790	61020	85320	39930	51760	89930	61360	43640	67910	56410	62310	86570	51880	51730	39050	65980	76340	68230	78470	24900	73750	72630	62250	93140	18380	37040	100170	14290	48600	83740	78220	127101	86670	25380	62790	33010	58080	65830	136290	28770	121230	113681	75830	90961	35500	98450	43840	83880	114490	84910	67810	51240	88720	74230	
68750	22880	47590	0	128880	81040	103130	114010	129310	125492	50431	39940	39590	65900	40390	93910	108970	76740	37970	32620	81640	89040	21770	19710	49290	79811	19530	79320	97620	5340	38680	91121	18210	64820	48750	95300	9890	109161	31070	32300	57750	24070	92790	112511	16980	58150	61380	12850	67580	33730	83690	73180	71080	130560	55670	22360	73540	16290	87791	25110	148212	48841	104670	116080	110541	87280	16990	84660	89180	65820	102300	39640	84490	10750	72810	47730	
61350	139150	97410	129081	0	61040	51570	78720	78100	46360	80880	158110	124170	87400	110210	61760	139891	85250	124560	155710	73090	67300	109940	147871	138830	58500	145480	97770	116400	124871	120240	41050	132990	126700	150160	56080	119111	46080	149430	127100	118600	116151	42260	38560	137930	142420	79550	128141	149630	110140	104030	91580	77410	69490	134820	120181	64590	114771	44110	130220	60230	83410	133520	67540	26920	64580	112331	106290	74080	117380	122200	152710	48260	126050	103001	118840	
34470	81910	40180	80730	61000	0	24950	98660	109010	86340	33780	113980	66500	77510	52980	18450	130001	33050	67330	100020	22310	81060	62480	98480	105280	5450	90740	87880	71180	76520	86980	20230	89020	98250	89990	17540	70760	31370	105110	89460	90150	61990	51560	35100	93610	111830	22380	76020	118860	53670	58810	81690	74520	105280	105230	63590	56010	65310	27800	89360	107280	36140	123630	97180	39480	78340	63980	96400	30770	95560	112310	112520	45870	80000	93111	89250	
54750	100910	59740	103250	51530	24810	0	110320	117100	93110	56960	137160	84100	96430	71250	12860	148921	36990	85410	119420	24830	93810	85000	119140	128460	26280	110140	106800	68540	99040	110160	28440	112200	121430	107310	7870	93280	6830	128290	112640	113330	81550	63220	14090	116790	135010	42440	95420	142040	72670	56170	100610	91810	113370	128410	83150	72640	87730	39460	112540	111690	58940	142550	105990	33010	91090	86500	115320	24830	118740	131230	135700	59720	103180	112031	112430	
71240	133370	112802	114060	78790	98090	109600	0	39620	44240	81932	137110	132443	56360	118302	113600	108851	125480	130543	145210	118200	25410	98720	129760	114940	94080	132120	66730	165950	113080	97380	81290	112950	99860	152521	107920	107250	107990	129150	105500	92570	113640	48860	103870	117650	118530	103660	120500	124910	114703	153580	60540	44310	40870	110930	117540	52210	107370	70350	109070	66180	85712	102480	27450	87260	27140	102590	75250	125920	86340	91160	130350	53730	107890	71961	94950	
84111	147190	125673	127880	78040	108840	116820	39660	0	32290	94803	150930	145314	71030	131173	120820	123521	138881	143414	159030	129610	40610	112540	143580	129220	106250	145940	81400	176700	126900	111200	91120	126770	114530	169094	115140	121070	112710	142970	119320	106770	126664	60930	107170	131470	132350	117421	134320	139560	127574	164330	75210	58130	12040	124750	130564	65081	121190	82520	122890	37780	98583	117150	13270	89390	40960	116410	89920	133140	101010	105830	144170	66170	121710	86631	108770	
68680	138164	112930	125012	46540	86200	92890	44100	32350	0	84153	148062	134664	70270	120523	96890	122761	116430	132764	155154	106310	42870	108963	140712	126781	83660	143072	80640	152770	123662	108921	67460	123902	113770	157613	91210	117862	88780	140102	116452	105970	116014	43680	83240	128602	130371	96970	127874	137581	116924	140400	74450	57330	23340	122771	119914	54431	114634	60170	120022	25150	87933	116390	22840	65460	42800	112194	89160	109210	100250	105070	141302	51650	118842	85871	106791	
23640	58351	31510	49131	80500	33750	56420	81451	95061	84462	0	81300	51360	51070	37010	50880	101290	49960	49460	74911	47590	62501	30881	66881	72600	30890	64681	61440	84740	44921	54300	41980	56340	65570	72630	49970	39161	60240	72430	56780	57470	36201	48820	63590	60930	79150	26030	48061	86180	33620	72370	55250	48080	96311	72550	40101	32000	34821	38650	56680	107182	4420	96430	82891	61400	60171	32381	69960	58920	62880	85870	79840	39590	47320	65130	56570	
99250	53840	85120	39910	157840	114460	137130	137270	152570	148752	82210	0	75280	87410	77920	131440	108290	114270	73660	50730	119170	112300	59390	25770	33350	111600	40760	100820	133230	43420	43120	122130	25600	61440	70900	130590	47870	140950	8880	33000	59190	61880	118880	144300	23560	44810	98360	50060	47890	71260	119300	94630	93460	153820	45340	59890	98230	54370	118800	28940	171472	80630	116240	139340	141550	110540	54700	101150	126710	69881	118781	10240	110510	40380	86361	48660	
74560	22960	28470	39460	124280	66550	84350	132571	146181	135582	51760	75710	0	93340	17750	71870	136610	51200	5790	38690	59600	112720	41450	49980	86441	66570	35580	105650	60240	37290	73210	83050	54720	97060	26200	77080	37730	90770	67580	68940	89160	25200	99940	98030	53490	95321	45020	27350	104751	18620	46310	98910	93390	147431	91970	21360	82920	34480	85190	62480	158302	49680	132960	134011	102470	110960	38790	112120	64340	94580	129760	76150	90510	47870	100430	81670	
44190	84880	80700	65570	87550	78560	96540	56020	70580	69691	52202	86970	93150	0	82140	96080	54180	100020	91250	96680	95670	32290	54170	80330	61770	74470	83590	13770	136302	64600	45370	68960	63430	43750	105561	94120	58840	96010	79520	55460	36460	70120	45830	96310	68020	63130	75640	72010	68800	75480	123932	7580	14490	71830	55740	74020	28830	62210	60080	59440	92411	55730	48480	58410	82570	30690	57230	21250	108110	29980	37160	79670	42140	59480	17750	40350	
60640	31470	14310	40610	110240	52970	71540	118451	132061	121462	37840	77900	17700	82890	0	59060	126140	41890	17470	51490	46790	99501	32320	53530	83130	52990	44090	93960	59840	36330	67190	69470	55270	86610	40640	63950	32440	77960	69030	65450	78710	17640	85820	85220	54940	91990	31440	29550	99450	7480	45910	87770	82250	133311	85950	18120	69000	27510	71610	59970	144182	35760	122490	119891	88890	97171	31800	101650	54330	84130	119290	77600	76590	44630	89980	73870	
52370	88500	48370	93890	62130	18830	13080	114380	121160	97170	51290	131180	71690	95410	58840	0	147901	24580	73000	107010	12420	97870	78430	106990	122790	22560	97730	105780	56180	89610	104490	32500	106530	115760	94900	6430	85670	19500	122310	106970	107660	70870	67280	26760	108220	129340	35200	83010	136370	60260	43810	99590	92420	118360	122740	71350	73910	80370	43520	106870	117800	52960	141530	110050	40730	95150	79930	114300	12420	113070	130210	130030	62830	97510	111011	106760	
96411	128400	124400	108420	139771	130781	148761	108241	122801	121912	101270	108510	136290	54140	125080	148301	0	149550	134390	140240	147891	84511	97110	119730	73790	126691	127150	58150	183400	107450	77200	121181	101300	50740	149071	146341	101690	148231	105010	87390	58500	113060	98051	148531	107280	63460	125910	114870	63320	118420	170250	55520	66711	124051	63790	116960	81051	105060	112301	93070	144632	102770	23910	110631	134791	82911	100080	44030	159230	46060	52010	100280	94361	102330	38260	67950	
57620	71540	31620	76930	85190	32990	37250	126060	139400	116590	50000	114220	51210	99220	41880	24770	149750	0	54960	88560	12500	108320	64930	90030	112930	35180	80770	109590	42120	72650	95160	51660	91590	111920	74420	29980	68710	43670	105350	96520	103820	53910	79000	50930	91260	120390	24630	66050	127420	43300	29750	103400	96230	135720	113920	54390	77980	63620	56420	95970	139110	46910	145340	126660	63790	105600	65640	118110	17240	109230	134020	113920	73170	80900	113380	101480	
73350	22290	28370	38470	123720	66450	84820	131301	144911	134312	50550	74800	3150	92130	17650	72340	135400	52740	0	38020	60070	111500	40240	49070	85451	66470	34910	104440	61780	36300	72220	82950	53730	95850	25530	77430	36630	91240	66590	67950	87950	23990	98530	98500	52500	94331	44920	26360	103761	17410	47850	97700	92180	146161	90980	20150	81710	33270	85090	61490	157032	48470	131750	132741	102370	109740	37580	110910	65880	93370	128550	75160	89300	46880	99220	80680	
96631	21300	61570	33020	158450	100520	120170	146070	161370	156193	76980	51360	38870	97440	51760	107890	140940	88650	38920	0	95620	121100	50240	25630	72310	100540	15320	110860	97580	36450	66840	116460	42870	93260	27470	112340	40290	126590	43520	58420	86260	41730	121991	133240	37670	83590	78990	29080	92270	47710	83650	104720	102620	162620	81110	37270	104060	41650	114831	51890	178913	74900	136250	148140	135880	119340	45950	116450	101790	96140	134090	58090	112761	41270	104350	75890	
52310	76420	36290	81810	73070	22310	25130	118810	129820	106490	47900	119100	59610	95030	46760	12650	147521	12500	60920	94930	0	101640	67890	94910	114650	26730	85650	105400	50660	77530	96880	40380	96470	112080	82820	17860	73590	31550	110230	98240	103980	58790	71710	38810	96140	122110	24720	70930	129140	48180	38290	99210	92040	126090	115640	59270	73790	68290	47950	97730	128360	46840	141150	117990	51670	98920	68600	113920	13610	109390	129830	118800	66450	85780	110631	103040	
52770	109220	93952	89910	67080	81340	94040	24970	40570	43020	63082	112960	112380	32200	99452	97920	84691	108630	110440	121060	101850	0	74620	105610	90840	77230	107970	42570	146570	88930	73280	65730	88800	75700	128421	92360	83100	92580	105000	81350	68410	89540	33300	90070	93500	94430	84760	96350	100750	93810	134200	36380	20210	41820	86830	93440	32360	83270	54790	84920	67130	66862	78320	28400	75210	3860	78490	51090	110240	62180	67000	106200	37400	83740	47801	70850	
49360	34900	34870	21810	109490	62940	85560	98530	113830	108732	32320	59160	41540	53640	31870	78480	96890	65000	39640	49060	68210	74350	0	39560	54850	61711	38650	67060	90470	17600	37440	72240	34200	57360	54960	78020	11840	91060	50290	37760	49460	16770	73460	94411	36380	62670	44840	22420	69700	25210	76540	60920	56390	115080	56200	20130	54820	9030	68910	35390	131452	30740	92030	100600	91660	72590	5060	72400	76820	54880	90030	57700	65160	23130	60730	43760	
86100	28530	60700	19650	147991	99000	118790	129750	145050	141232	68391	26000	49970	80750	53500	107020	119750	89850	48350	25420	94750	104780	39730	0	46950	97771	15450	94170	107920	23300	44550	108980	20300	70680	45590	110960	27850	125210	18160	34450	65231	38290	109650	130471	13060	58410	77610	26470	66910	46840	93990	88030	86300	146300	56750	36300	89890	34250	105650	28980	163952	66801	118550	131820	128400	103020	34950	99560	102290	75261	117200	32730	101350	24950	87020	54080	
83290	69360	85640	49200	138200	105130	127800	113700	129520	127201	72370	33420	86510	61870	82730	122260	72990	113250	84890	71820	115210	89810	55170	47020	0	102270	61760	75240	141330	50280	20030	107690	32550	29580	91990	121350	50420	130680	32000	19120	30500	65390	98820	134030	36280	11870	91740	60070	21380	76070	127400	69050	71850	130770	13250	66900	78370	56410	103120	24320	150042	72470	84080	116290	127110	88050	52790	74100	123820	42971	91570	25320	91250	41950	59451	21750	
30380	81790	40060	78991	58460	5450	25810	94690	106470	83800	30960	111160	66380	73420	52860	22220	125911	35060	67210	99900	26730	76950	60741	96741	102460	0	90620	83790	73190	74781	84160	17690	86200	95430	89870	19930	69021	29630	102290	86640	87330	61870	47590	32980	90790	109010	22200	75900	116040	53550	60820	77600	70430	102740	102410	63470	51920	64681	24380	86540	104740	33320	119540	94640	37110	74230	62241	92310	34540	92740	108220	109700	41760	77180	89021	86430	
85911	13990	51730	19500	147601	90680	110330	132580	147880	144062	66260	41050	35940	83950	43700	98050	127450	80880	35340	14880	85780	107610	39360	15320	61910	90700	0	97370	94760	22930	55100	106580	31730	81520	32470	102500	27480	116750	33210	47280	74520	31890	110770	123400	26560	72450	69150	18530	81880	37870	80830	91230	89130	149130	69970	27430	91250	30820	103250	40750	166782	64180	122760	134650	126000	105850	34580	102960	93320	83870	120600	47780	101851	28800	90860	64150	
53590	97310	90100	78000	96950	87960	105940	65420	79980	79091	61602	99400	104980	13410	93550	105480	58340	109420	103080	109150	105070	41690	66600	92770	74560	83870	96060	0	145702	77030	58160	78360	75860	56430	117991	103520	71270	105410	91950	68100	49270	81990	55230	105710	80450	75920	85040	84440	80700	86890	133332	5970	23890	81230	68530	85890	38230	74640	69480	71870	101811	65130	46100	67810	91970	40090	69660	18870	117510	41910	34780	92460	51540	71910	21710	53140	
94130	81680	61080	97400	116610	71150	68790	165060	176990	153000	85010	133580	60060	135300	59610	56190	183860	42120	63810	97340	50660	145960	90690	107850	141500	73340	94300	145670	0	93760	125560	86980	112660	144980	77060	61400	90810	75210	125520	123820	137080	76010	117160	82470	111430	150360	61350	85290	157820	65850	14270	139480	132310	174190	144320	75900	114430	85880	94580	118340	173630	81610	180210	165620	95210	143240	90170	154830	45400	142500	171721	134090	111330	103000	147670	132240	
64530	24570	43370	5200	124660	76820	98910	112680	127980	123902	46211	43200	37250	64570	36170	89690	107640	72520	35630	35600	77420	87710	17550	22950	50380	75591	22510	77990	93660	0	39710	86901	19830	65050	46780	91080	5670	104941	34330	33330	57980	19750	88630	108291	20240	59240	57160	12760	68670	29510	79730	71850	69750	129230	56760	18140	69440	12070	83571	26200	146622	44621	103170	114750	106321	85950	12770	83330	84960	64490	100970	42900	80330	11630	71480	48760	
65100	58860	68210	38650	120090	86940	109610	96740	112040	109801	54180	43520	73810	45590	66940	104070	77251	95630	71990	66540	97590	72850	37740	44400	20050	84080	55230	58960	125540	39590	0	89500	26290	28500	83340	103160	36150	112490	36710	11630	21991	50060	81420	115840	31990	26710	74120	49320	33740	60280	111610	52770	54890	113290	20240	52880	60260	40720	84930	17040	132622	54410	75211	98810	108920	71090	36460	59760	106200	32021	77230	35730	73140	30610	47140	10840	
27000	97810	56600	90491	40990	20230	28310	81880	91270	67570	42290	122660	82920	68680	69400	32310	121171	51600	83750	115690	40340	65370	72241	108241	108280	17690	106041	79050	86950	86281	89860	0	97700	100620	106410	26630	80521	27520	113790	95040	92520	77561	34780	29410	102290	114200	38740	89421	121230	70090	74580	72860	63400	87540	107600	79260	44730	76181	11020	96720	87270	44820	114800	79440	19420	62650	73741	87570	44630	92670	103480	120590	31310	88680	84281	91620	
74280	37460	62190	18020	132490	89490	112160	112330	127630	123812	57240	25790	54910	63470	54990	106530	99570	91340	53290	42520	96240	87360	34420	20180	32690	86630	31240	76890	112480	19840	26480	97160	0	52610	62361	105620	24290	115980	16920	16380	47161	38570	93840	119330	7770	41550	73580	28170	50980	48330	98550	70750	69400	128880	39070	36960	73820	30790	93830	10910	146532	55660	100960	114400	116580	85600	30300	82230	103780	57191	99830	24330	85540	15430	69740	36010	
75000	85270	86990	64310	126500	98800	121470	99750	114310	113421	66040	60930	96890	43830	85990	115930	49990	112140	95070	93430	112420	76020	58020	70640	29260	95940	82120	56400	144590	64990	27570	100790	52530	0	106420	115020	59230	123780	57560	37480	8280	72840	87090	127130	58230	21670	88930	72400	25760	79330	130660	51010	58220	115560	16840	75930	66670	63510	94830	43960	136141	67540	54940	102140	119201	74420	58530	50000	121820	14970	66820	52830	79550	57190	35120	19570	
95840	26420	52440	49170	150860	90520	107190	153132	169732	157902	73040	71380	27030	106222	41190	94710	149722	74040	27080	27480	82440	128522	55421	45650	92330	90540	32600	119642	76290	47450	83370	107020	62561	107270	0	99920	47890	113610	63540	78111	100200	42481	122260	121330	57690	103281	68990	37510	112290	39900	62360	113502	110192	170982	100801	38631	105240	47680	109160	71211	181853	70960	145032	155202	129500	126762	52100	125232	87180	106482	142872	78110	112830	58030	113132	91830	
50210	93860	52210	95760	56560	17320	7830	108810	115590	91600	49780	129980	77400	93250	64200	6180	145741	30290	78550	112050	18130	92300	77510	111610	121280	20110	102770	103620	61490	91550	102980	26930	105020	114250	100610	0	85790	14250	121110	105460	106150	74020	61710	21510	109610	127830	34910	88050	134860	65620	49120	97430	90260	111860	121230	75620	71130	80200	37950	105360	111300	51450	139370	104480	35160	89580	79010	112140	18480	111560	128050	128520	58210	96000	108851	105250	
58850	26040	38850	9970	118980	71140	93490	106690	121990	118222	40531	47650	37660	58890	32310	85830	101960	68660	35840	39810	73560	82030	11870	27720	50760	69911	27280	72310	90910	5760	35740	81221	24060	59370	47190	85660	0	99261	38780	33150	52300	14970	82950	102611	24690	59620	51740	13170	68000	25650	76980	66170	64070	123240	54500	16730	63760	6810	77891	27520	140942	38941	97490	108760	100641	80270	7090	77650	81100	58810	95290	47350	74650	12990	65800	44200	
53560	107320	66150	107631	46040	31060	6830	107840	113010	89020	59600	139800	90510	95240	77660	19270	147731	43400	91820	125830	31240	92350	89381	125381	130140	28920	116550	105610	74950	103421	111720	27000	114840	122480	113720	14280	97661	0	130930	115280	114380	87960	60170	8600	119430	136060	48850	101830	143090	79080	62580	99420	90380	109280	129460	89560	71450	93321	38020	115180	106200	61960	141360	101900	27520	89630	90881	114130	31240	118930	130040	138340	58290	105820	110841	113480	
90440	46430	76310	31100	148960	105650	128320	128770	144070	140252	73400	8950	67870	79630	69110	122630	105210	105460	66250	43320	110360	103800	50580	18360	32160	102790	33350	93050	125820	34610	36700	113320	16790	58300	63490	121780	39060	132140	0	26090	55941	53070	110000	135490	14750	43620	89550	41250	52010	62450	111890	86910	85560	145320	42200	51080	89980	45560	109990	21980	162972	71820	113060	130840	132740	102040	45890	95180	117900	65971	112660	15320	101700	31570	82451	44790	
70420	52100	67840	31890	127290	90250	112920	105420	120720	117212	58000	32580	68560	56440	64780	107290	85770	96330	66940	57600	98290	80760	37370	33840	18890	87390	46320	69810	123380	32970	12130	94730	15730	38250	77441	106380	32470	116740	25610	0	32801	47440	88640	120090	21430	27750	74820	42810	37180	58120	109450	63620	62800	121970	25270	48950	67570	38460	90250	7070	139932	56420	86021	107490	114150	79000	34840	70610	106900	42831	88080	26190	80340	24000	57990	21650	
66870	77960	79030	57000	118370	90840	113510	92380	106340	105451	58080	58890	89580	36460	78680	107970	57850	104180	87760	86150	104460	68210	50710	64940	30460	87980	74840	49830	137280	57680	21510	92830	46830	8240	99110	107060	51920	115820	55520	32090	0	65530	78960	119170	52530	27430	80970	65090	32880	72020	123350	43640	50250	107590	20890	68620	58540	56200	86700	37580	128171	59580	56600	94170	111071	66450	51220	45600	113860	13410	63140	50790	71420	49880	30720	12260	
57421	24370	24790	24130	115900	61440	81090	113240	127392	116793	37770	61860	25180	70030	17590	71110	113280	53940	23280	40930	58840	89350	16930	38380	65850	61460	31650	82420	76190	19820	49910	77380	38420	73370	42140	73260	15160	87510	52990	48170	65850	0	82591	94160	38900	74710	39910	14820	82170	10930	62260	76230	71390	128642	68670	4670	65771	10230	74760	42690	139513	35690	109580	115222	96800	87590	14520	88790	66380	71270	106430	61560	73361	27350	77120	58370	
29460	104081	74120	92780	42040	51630	63100	48630	60930	43760	48940	118960	99980	45450	85310	67100	97941	79020	97760	121071	71740	32990	73510	109640	98530	47620	110411	55820	117150	88570	80670	34830	94200	86400	121900	61420	82810	60050	110290	87910	78300	81931	0	57320	98790	102120	58160	93791	109330	81920	104780	49630	35460	59840	94520	85831	23630	80530	23890	91430	67260	52720	91570	48780	43020	30270	77310	64340	79420	75430	80250	112570	9370	88740	61051	78540	
56260	114600	73040	111971	38520	35400	14110	103910	107370	83380	63940	144140	97790	96050	84940	26550	148541	50680	99100	132880	38520	89770	93721	129721	134480	33260	123600	106420	82230	107761	116060	29490	119180	126820	121460	21560	102001	8620	135270	119620	118720	94850	57440	0	123770	140400	55180	108880	147430	86360	69860	100230	88260	103640	133800	96450	70940	97661	40510	119520	98450	66300	142170	96260	20680	87050	95221	114940	38520	121930	130850	142680	56170	110160	111651	117820	
79110	36030	62260	17050	137590	94320	116990	117160	132460	128642	62070	23630	53940	68300	55060	108580	107430	91410	52320	37230	96310	92190	36620	12990	36400	91460	26470	81720	111970	20560	32100	101990	7850	58230	57400	109420	25010	120810	14760	22000	52781	39020	98670	124160	0	47140	75500	27200	56570	48400	98040	75580	74230	133710	44690	37030	78650	31510	98660	16530	151362	60490	106100	119230	121410	90430	31840	87060	103850	62811	104700	23540	90370	19050	74570	41630	
88820	78200	93560	58040	142200	111740	134410	117670	132970	131021	78980	44880	95350	63610	91570	128870	62620	120980	93730	83260	122940	93780	63090	58480	11830	108880	71980	76980	150170	59120	27250	113730	41390	22190	103101	127960	59260	136720	43460	27960	28170	74230	102790	140070	46870	0	99470	68910	9930	84910	136240	70790	75820	134220	8410	75740	82370	65250	108650	33160	153741	79770	76690	119740	133150	92020	61630	71750	131550	36720	88570	36780	95250	50790	56870	23970	
33490	60190	18580	61740	79670	22450	42540	103850	117870	96960	26080	98240	44900	75030	31380	34910	125880	24670	45730	78300	24760	84590	44360	77860	91060	22420	69020	85400	61270	57530	73290	38900	73280	88490	68390	34710	52410	48960	89370	74650	80390	40270	58090	55120	76780	98520	0	54300	105550	31950	48900	79210	72040	116070	92050	41870	53790	45840	41920	74140	120630	23250	121150	105700	58320	81870	45860	93920	33630	85800	109830	96780	52150	63930	89720	79450	
69291	14840	36720	12920	128480	75630	95280	120220	135520	128663	49640	49980	27300	72110	29520	83040	115610	65870	25680	28610	70770	95250	23160	26430	60110	75650	18560	85530	85330	12770	48690	89960	28250	72590	36830	87450	13210	101700	41110	43200	65520	14780	94461	108350	27020	68970	54100	0	78400	22860	71400	79390	77290	136770	66490	12420	76980	14570	86630	36010	151383	47560	110920	122290	109380	93490	18870	91120	78310	72030	108760	49680	85231	22490	79020	57150	
95480	87980	100220	67820	148860	118400	141070	124330	139630	137681	85640	47950	105130	68990	98950	135530	62680	127640	103510	92000	129600	100440	69750	67040	21610	115540	81760	80790	157550	68900	33910	120390	51170	26190	112170	134620	68160	143380	52020	37740	33210	82060	109450	146730	56650	10200	106130	78690	0	92290	143620	75650	82480	140880	15140	84890	89030	72730	115310	42940	160401	86420	78310	126400	139810	98680	68470	74270	138210	39810	90780	44330	101910	60570	59510	30630	
55940	28550	15080	33630	109310	54220	73870	113751	127361	116762	33140	70920	18960	75670	7880	61400	118920	44230	17060	47060	49130	93360	25100	47040	76100	54240	37780	86480	66480	29350	60160	70720	48290	79390	40230	66040	25410	80290	62050	58420	71490	10610	81120	86940	47960	84960	32690	23060	92420	0	52550	80290	74770	128611	78920	11090	64300	20480	69580	52940	139482	31060	115220	115191	90140	91600	24770	94430	56670	76910	111900	70620	71890	37600	82760	66650	
82120	68270	48830	83990	104600	59140	56780	153050	164980	140990	73000	120170	46650	123290	46200	44180	171680	30110	50400	83930	38650	133950	77280	94440	128090	61340	80890	133660	14210	80350	112150	74970	99250	131570	63650	49390	77400	63200	112110	110410	123670	62600	105150	70460	98020	136950	49340	71880	144410	52440	0	127470	120300	162180	130910	62490	102420	72470	82570	104930	161620	69600	168030	153610	83200	131230	76760	142820	34090	129090	159711	120680	99320	89590	135520	118830	
47710	92170	84220	72860	91070	82080	100060	59540	74100	73211	55722	94260	98750	7530	87670	99600	55610	103540	96850	104010	99190	35810	60890	87620	69140	77990	90920	6810	139822	71890	52740	72480	70720	51040	112851	97640	66130	99530	86810	62830	43750	76110	49350	99830	75310	70500	79160	79300	75680	81010	127452	0	18010	75350	63110	80010	32350	69500	63600	66730	95931	59250	43370	61930	86090	34210	64520	16140	111630	36580	32050	87040	45660	66770	18980	47720	
39310	91140	78940	71830	76980	73680	90360	43410	57650	56761	48580	94450	93660	14020	82580	91200	66511	95680	91760	102980	91330	19520	56800	87530	72840	69590	89890	24390	132100	70860	55280	62120	70800	57520	110271	88680	65100	88970	86890	63350	50230	71720	35260	86900	75390	76430	71300	78270	82570	75920	119730	18200	0	58900	68830	75620	20360	65450	51180	66920	79481	52360	60140	45480	73160	17760	60670	32910	103520	44000	48820	87990	32730	65740	29621	52850	
84810	148380	126903	129070	69700	105250	113230	40850	12780	23410	96033	152120	146544	72220	132403	118160	124711	135650	144644	160220	126020	41800	113730	144770	130410	102710	147130	82590	174040	128090	112390	87530	127960	115720	170324	111550	122260	109120	144160	120510	107960	127894	59930	103580	132660	133540	116020	135510	140750	128804	161670	76400	59320	0	125940	131794	66311	122380	79220	124080	26550	99813	118340	15490	85800	42150	117600	91110	130480	102200	107020	145360	65170	122900	87821	109960	
81780	75760	86730	55600	134210	104910	127580	109680	124980	123031	72150	45280	92330	55620	85460	122040	61740	114150	90510	80820	116110	85790	56260	56690	13180	102050	69540	68990	144060	56680	20420	106900	38950	17070	100661	121130	54670	129890	41910	25500	20790	68570	94800	133240	44430	8170	92640	66470	15580	78800	130130	62800	67830	126230	0	71400	74380	59240	101610	30720	145751	72930	71570	111750	126320	84030	54980	66250	124720	31600	83450	37180	87260	47930	51370	15980	
61141	19920	25230	22540	119820	63300	82950	116960	131112	120513	41440	59830	21410	73570	18030	71550	116820	54380	19510	36480	59280	93070	20090	36350	66971	63320	27200	86140	75920	18260	52630	79240	37200	76260	38370	75120	16880	89370	50960	49470	68920	4750	86311	96020	36870	75851	41770	12480	84890	11370	61990	79950	75110	132362	71390	0	69491	13140	77970	43570	143233	39360	113170	118942	98660	91310	17430	92330	66820	74810	109970	59530	77081	28400	80660	61090	
21700	87303	63040	73620	63630	56070	72280	51610	65220	54621	32170	98170	82890	28470	68540	73590	80961	78070	80990	103460	73720	31960	54780	89930	78420	51980	90930	38840	114490	69410	59830	44530	74130	66290	104810	70600	63650	71750	90220	67070	58190	65153	23670	70850	78720	82010	53690	76820	89220	65150	102120	32650	21870	66470	74410	69053	0	63240	33570	70640	77341	35950	74590	53050	57110	30200	58650	47360	85910	57180	63270	91730	16680	68670	44071	58430	
56051	26610	32920	16260	115240	65360	87240	107230	122530	115423	36400	54260	34480	62340	27430	79610	105510	63520	32580	41150	68210	83050	9340	34010	56490	65330	30740	75760	86030	12050	40550	76720	30890	64010	46900	79410	6940	93660	45390	38810	56650	10090	80340	98030	31300	65350	45490	14510	72810	20770	72100	69620	65090	123780	59310	13180	63080	0	73390	34250	138143	34320	101080	109300	96140	81290	5160	81100	75750	62700	98740	53960	71991	19900	69350	49010	
20310	96461	58030	87241	44050	27790	39320	70920	82950	60280	38990	119410	85040	59740	71520	43320	112231	56360	85630	113021	47900	54410	68991	104991	103150	24370	102791	70110	94490	83031	84690	11010	94450	94160	108530	37640	77271	38530	110540	90280	86060	74311	23820	40420	99040	108870	41770	86171	115900	70320	82120	63920	52440	79220	101730	78030	33770	72931	0	91960	82390	41590	105860	71120	28010	51690	70491	78630	55640	85770	94540	115460	20350	85440	75341	85750	
72380	45390	65640	25180	130450	90450	113120	108820	124120	120612	58200	28230	62490	60150	59720	107490	91560	96070	60870	51580	98490	84160	35990	28060	24680	87590	40300	73570	118320	26260	17250	96690	9950	44370	70951	106580	27410	116940	21140	7790	38331	42380	91800	120290	15650	33540	75020	36100	42970	53060	104390	67430	66200	125370	31060	43380	70970	33840	92210	0	143332	56620	91551	110890	116110	82400	32890	75730	107100	48361	93200	25620	83500	18850	63110	27180	
92920	161785	137170	148633	60600	108030	112120	65620	38060	25721	107774	171683	158285	94162	144144	118400	146653	139830	156385	178945	129070	66570	132584	164333	150673	105490	166693	104532	174280	147283	132813	88040	147523	137662	182065	111790	141483	106630	163723	140073	129632	139635	67920	98890	152223	153992	121210	151495	161473	140545	161910	98342	81222	26170	146392	143535	78052	138255	83160	143643	0	111554	140282	40260	83960	66692	135815	113052	130720	124142	128962	164923	75890	142463	109763	130412	
27840	56830	28700	48201	83130	36130	58800	85661	99271	88672	5050	80370	48550	55280	34200	52510	102910	46860	46650	73390	46800	66711	29951	65951	71670	33270	63160	65650	81600	43991	53370	44610	55410	67020	69820	51600	38231	62620	71500	55850	58920	34560	53030	65970	60000	78600	23310	46540	85630	30810	69230	59460	52290	100521	72130	38260	36210	33300	41280	55750	111392	0	98050	87101	64030	64381	31451	74170	56200	64330	90080	78910	43800	46390	66750	57980	
89840	123120	119120	103140	133200	124210	142190	101670	116230	115341	95980	112760	131010	48750	119800	141730	23710	144270	129110	134960	141320	77940	91820	117920	83930	120120	121870	45950	178120	102170	74800	114610	100140	55090	143791	139770	96410	141660	109350	85480	56740	107780	91480	141960	105590	76340	120620	109590	78880	113140	164970	43320	60140	117480	71510	111680	74480	99780	105730	90890	138061	97480	0	104060	128220	76340	94790	29730	153760	43660	34980	104660	87790	97050	32970	65550	
71800	134820	113802	115510	67600	97130	105890	27290	12920	22870	82932	138560	133443	58660	119302	109890	111151	125510	131543	146660	117900	28240	100170	131210	116850	94110	133570	69030	165770	114530	98830	79410	114400	102160	153971	104210	108700	101780	130600	106950	94400	114793	48790	96240	119100	119980	104650	121950	127190	115703	153400	62840	45760	15450	112380	118693	53210	108820	70380	110520	40760	86712	104780	0	78460	28590	104040	77550	122210	88640	93460	131800	54030	109340	74261	96400	
46990	117830	76620	110511	26880	40140	32840	87460	89890	65900	62310	142680	102940	82590	89420	40630	135081	64120	103770	135710	51960	75580	92261	128261	128300	37710	126061	92960	95270	106301	109880	20020	117720	119150	129370	34950	100541	27350	133810	115060	111050	97581	43420	20320	122310	134220	58760	109441	141250	90110	82900	86770	74800	86160	127270	99280	57480	96201	28370	116740	83510	64840	128710	78780	0	72860	93761	101480	52950	110040	117390	140610	42710	108700	98191	111290	
49680	107330	90882	88020	64270	78250	90950	27040	41010	42451	60012	111070	110490	31220	96382	94830	83711	105540	108550	119170	98760	4060	72730	103720	88950	74140	106080	41590	143480	87040	71390	62640	86910	74720	126531	89270	81210	89490	103110	79460	66960	87650	30210	86980	91610	92540	81670	94460	99750	91920	131110	35400	18320	42260	84940	91550	30260	81380	51700	83030	65171	63792	77340	28840	72400	0	76600	50110	107150	61200	66020	104310	34310	81850	46821	68960	
53131	31050	35580	17060	112991	64390	87010	102460	117760	112503	33781	54590	38920	57570	31850	79930	100660	65710	37020	45210	68920	78280	5120	34810	52960	63161	34370	70990	90450	12850	36480	74471	30430	59200	51340	79470	7090	92511	45720	35280	51800	14510	77290	95861	31630	61710	46120	18570	68740	25190	76520	64850	60320	119010	55240	17600	58750	5180	71141	32350	135223	32191	95800	104530	93891	76520	0	76330	77530	57850	93960	53930	68990	19360	64500	44780	
62670	103980	99180	84000	106030	97040	115020	74500	89060	88171	70682	100870	111870	21580	100660	114560	44190	118500	109970	115820	114150	50770	72690	98780	73910	92950	102730	18780	155450	83030	59450	87440	81860	49940	124651	112600	77270	114490	94620	69540	45811	88640	64310	114790	86450	71280	94120	90450	74210	94000	143080	16150	32970	90310	66401	92540	47310	80640	78560	74840	110891	74220	29770	76890	101050	49170	75660	0	126590	35420	19680	92300	60620	77910	15220	52950	
63270	83960	43830	89350	73940	30600	24620	126190	132970	108980	58860	126640	64430	105990	54300	12510	158481	17320	68180	101780	11300	109680	76680	102450	123650	34330	93190	116360	45540	85070	105880	44310	104010	121570	87640	18200	81130	31040	117770	107240	113470	66330	79090	38300	103680	131110	33790	78470	138140	55720	33210	110170	103000	130170	124640	66810	84750	75830	55330	106730	129610	56330	152110	121860	52540	106960	77390	124880	0	118880	140790	126340	74600	93320	121591	112200	
66430	85020	83600	65670	116950	95410	118080	86050	100610	99721	62650	69510	94770	30020	83760	112540	45670	108750	92870	95690	109030	62320	55790	75000	43060	92550	83690	41840	142360	64740	31550	92960	56890	14930	106491	111630	58980	119900	66100	42230	13490	71740	75860	122070	62590	36270	85540	72150	39510	77100	128430	36790	44520	101860	31440	75560	57120	63140	85720	47640	122441	64150	43630	88440	109651	60720	58160	35440	118430	0	52980	61410	70000	58550	20560	22300	
78130	121710	114770	101730	121490	112500	130480	89960	104520	103631	86142	118811	129600	37040	118390	130020	51860	133960	127700	133550	129610	66230	90410	116510	91430	108410	120460	34240	172172	100760	76970	102900	99590	67460	142381	128060	95000	129950	112920	87060	63331	106370	79770	130250	104180	88800	109580	108180	91730	111730	159802	31620	48430	105770	83921	110270	62770	98370	94020	92360	126351	89670	34840	92350	116510	64630	93380	19430	142050	52940	0	110711	76080	95640	32740	70470	
95240	58570	84910	39700	151390	113080	135750	129400	144700	140882	80830	9830	76590	79490	77710	130120	100280	114060	74980	57910	118960	104430	58010	32950	25390	110220	47940	92860	134620	43210	35160	119550	24220	53480	78080	129210	47660	139570	15310	26290	51230	61670	112310	142920	23530	36850	97170	49850	44360	71050	120690	86670	86470	145950	37380	59680	91240	54160	115070	26330	163602	79250	108280	131470	138970	102670	53870	93050	126500	61921	110821	0	104010	39000	78401	40700	
20270	94891	68130	84540	47270	45850	59540	53830	66880	51360	39750	110720	90470	41870	76120	62430	94361	73140	88570	111881	66360	37050	65270	101400	91770	41740	101221	52240	111270	80330	73180	31300	85960	79640	112390	57860	74570	58150	102050	80070	71540	72741	9410	56080	90550	95360	52170	84601	102570	72730	98900	46050	34080	66200	87760	76641	16760	71361	20360	83190	74860	43530	87990	54710	42340	34330	68921	60760	74750	70530	76670	104730	0	80500	57471	71780	
65460	32300	51570	10720	125590	80670	103340	107210	122510	119002	48420	40410	47820	59410	45030	96840	102480	81380	46200	40930	85520	82550	23710	25010	42050	77810	28740	72830	103630	11590	30820	88340	15450	56840	57350	96640	13470	107160	31540	24440	49770	27690	88400	110510	18970	50910	62720	22390	60340	38370	89700	66690	64590	123760	48430	28710	68380	20190	85010	18810	141722	46840	98010	109280	107760	80790	19280	78170	93820	58300	95810	38950	80100	0	66320	39720	
59471	91320	87990	72020	102831	93841	111821	71301	85861	84972	64860	86421	99680	17660	88670	111361	38210	113140	97780	103160	110951	47571	60700	86770	59971	89751	90070	21640	146950	71040	47080	84241	69870	35070	112001	109401	65280	111291	82250	57170	30941	76650	61111	111591	74460	56410	89500	78450	59340	82010	133640	19010	29771	87111	51531	80550	44111	68650	75361	62470	107692	66360	33350	73691	97851	45971	63670	15240	122390	20550	32780	78321	57421	65920	0	39211	
65950	68340	74710	48130	118380	89310	111980	93850	109150	107201	56550	48200	82070	40540	73440	106440	68001	102020	80250	76020	102930	69960	44240	54060	21710	86450	64710	53910	132040	49010	10160	91300	35950	19660	91600	105530	44410	114290	44830	20900	12741	58310	78970	117640	41650	23740	79440	57580	30950	66780	118110	47720	52000	110400	16140	61140	58550	48980	85780	26710	129921	58050	65961	95920	110720	68200	44370	53220	112330	22771	70690	40100	71430	40090	39251	0	


0	 Edenbridge                         0		0		32400		0

1	 Crowthorne                         389		1855		21069		778
2	 Cranleigh                          226		5013		25049		452
3	 Windsor                            747		2514		22563		1494
4	 Hastings                           327		4535		24874		654
5	 Burgess_Hill                       360		3329		23704		720
6	 Rottingdean                        537		3911		23301		1074
7	 Sheerness                          505		2992		22502		1010
8	 Whitstable                         628		2832		23824		1256
9	 Ashford                            724		623		21487		1448
10	 Redhill                            544		3177		24014		1088
11	 Wendover                           593		1946		21289		1186
12	 Farnham                            280		5094		24224		560
13	 Aveley                             724		3662		23946		1448
14	 Godalming                          589		2469		22818		1178
15	 Portslade                          467		3549		23135		934
16	 Braintree                          334		4349		24980		668
17	 Storrington                        340		3374		22362		680
18	 Hale                               483		4004		23110		966
19	 Reading                            371		5229		25686		742
20	 Steyning                           717		1143		22070		1434
21	 Gillingham                         519		2496		23525		1038
22	 Sunbury                            356		3838		24236		712
23	 Marlow                             586		4412		25532		1172
24	 Harpenden                          772		1894		22455		1544
25	 Haywards_Heath                     565		3813		24061		1130
26	 Twyford                            728		4187		24462		1456
27	 Tilbury                            561		4030		23545		1122
28	 Selsey                             829		1973		23381		1658
29	 Old_Windsor                        381		4404		25145		762
30	 Borehamwood                        809		3004		23896		1618
31	 Uckfield                           682		4553		25039		1364
32	 Chalfont_Saint_Peter               825		3459		25070		1650
33	 Hoddesdon                          521		2087		22854		1042
34	 Basingstoke                        109		4399		23588		218
35	 Brighton                           238		3386		23246		476
36	 Staines                            747		1074		21892		1494
37	 Newhaven                           726		1478		21684		1452
38	 Great_Missenden                    582		2189		22232		1164
39	 Watford                            112		3393		22700		224
40	 Cheshunt                           363		5112		25325		726
41	 Woking                             319		3076		21906		638
42	 Paddock_Wood                       781		3431		23644		1562
43	 Seaford                            584		1073		20379		1168
44	 Beaconsfield                       352		1814		22007		704
45	 Codicote                           265		4773		25179		530
46	 Horsham                            270		4002		24492		540
47	 Ascot                              406		5298		24490		812
48	 Stevenage                          492		5292		25046		984
49	 Guildford                          181		4636		24961		362
50	 Chichester                         166		3159		21518		332
51	 Grays                              644		4860		24251		1288
52	 Swanscombe                         686		1332		21590		1372
53	 Canterbury                         550		4068		24879		1100
54	 Welwyn_Garden_City                 298		2482		21604		596
55	 Knaphill                           718		2668		23155		1436
56	 Kemsing                            814		990		20671		1628
57	 Chertsey                           176		1036		20091		352
58	 Crowborough                        727		4188		25038		1454
59	 Rickmansworth                      389		2219		21581		778
60	 Folkestone                         482		1685		22545		964
61	 Reigate                            791		4991		25529		1582
62	 Maldon                             324		1690		21578		648
63	 Faversham                          650		4240		24249		1300
64	 Hailsham                           732		2480		23735		1464
65	 Chatham                            270		5010		25361		540
66	 Shepperton                         133		2264		22331		266
67	 Basildon                           546		2973		23502		1092
68	 Worthing                           481		5262		24401		962
69	 Epping                             729		1121		20775		1458
70	 Southend-on-Sea                    264		895		21057		528
71	 Tring                              500		4296		25273		1000
72	 Tonbridge                          196		2152		21611		392
73	 Iver                               149		4142		22699		298
74	 Brentwood                          728		4596		25744		1456
75	 Potters_Bar                        531		4728		24292		1062
