75

6350	3650

20	90

0	97730	92280	95240	72220	89800	71020	71890	81340	27550	94320	99700	91320	86880	24260	27670	65270	86530	90820	94060	84822	66280	80210	84980	83490	95960	25080	95080	31230	59770	75260	34881	66520	55260	80442	70060	73700	43190	61070	66100	49312	53640	33570	91862	84760	74992	75650	62810	84410	75970	40700	75400	83920	97920	75460	96330	96300	87390	88420	67760	99550	44660	96152	82360	58030	45330	84800	91370	63360	67930	95780	21980	90180	76510	50320	51420	
97490	0	68980	185810	111890	99210	125440	30570	172410	111130	179460	141870	81710	118880	120970	75590	74480	171670	146020	186590	162800	118920	100420	67260	169140	24180	113950	189730	86760	118070	158060	119260	119840	139740	155730	104110	166530	120060	145560	89770	104640	44950	86180	111080	104870	107060	121500	81410	41050	130920	57930	80740	13740	79202	160600	173990	138100	157210	79010	105150	52700	135940	114190	96210	148500	134920	108220	183900	148380	51220	77980	118690	181250	94180	126540	143950	
92270	68620	0	198512	134350	132760	144480	54920	132180	78610	126571	166510	12730	51371	115450	71490	27970	128991	82381	162340	175740	139740	36780	112050	128780	83940	114420	175550	94960	133230	167121	123390	65890	145060	168670	126810	164690	74910	151391	35410	58700	57370	59710	42680	37151	46090	63071	34240	29310	72321	68510	22210	64500	10650	120280	113711	160510	98311	10030	127480	110870	105760	45210	29520	150592	137850	135440	153920	154150	29650	9000	113470	141020	30330	78870	132280	
95140	186190	196553	0	93090	124482	77270	164971	93950	104930	119850	97650	187001	154941	71100	120800	159720	107580	148290	69660	28780	76160	160791	141300	100620	172090	76340	28890	109040	75100	28030	70660	134700	48870	39880	96550	30270	116470	43370	151270	127430	146561	127800	165711	161231	150901	142340	151890	183790	138250	131000	163960	172380	193622	101570	131030	88300	132330	189091	93820	156680	82930	168951	168933	40990	54680	106442	75130	41490	165011	193772	73160	103280	161770	112940	61820	
72220	111970	134240	93040	0	35230	22000	93500	133390	89900	153960	32570	135330	148212	67800	76250	110611	144130	153680	140270	68180	18560	137391	56050	137300	96920	55750	110660	53870	22360	65820	50070	129010	56950	57350	8630	88900	105680	59640	122911	109832	80660	92170	149041	141941	135522	138140	114091	120140	138250	70230	121141	98160	141580	134360	155970	29170	149670	132080	10240	74270	101990	153821	138771	68020	62460	17190	137580	62290	107210	139440	69490	142960	132921	112600	97070	
89770	98740	134770	124250	35151	0	51040	86750	159680	112160	179520	50621	140140	157080	94090	85220	115421	170420	172260	166560	97690	51170	142201	34160	163590	78350	82040	140980	64480	52320	98120	76360	144840	86190	86390	30470	118280	126990	90580	127721	123050	76880	99160	153851	146751	143720	151080	118901	114450	155940	71030	125951	87060	144790	160650	181530	56740	172470	136890	34200	50990	128280	158631	143581	97400	89360	18100	163870	93230	103670	143140	95780	169250	137731	135000	123360	
70930	125430	144440	77230	21920	51120	0	106960	127390	88610	149180	39450	145530	146922	62510	79080	120811	138880	152390	124830	51420	7010	141852	73480	132050	111360	52100	94850	56910	12020	50010	43440	127720	41510	40350	26440	73090	104390	43830	128410	108542	93990	92980	151102	145442	134232	136850	124291	133600	136960	80430	131341	111620	151780	129110	151190	36050	148380	142280	25060	91700	97080	155392	147973	52210	48590	33080	124140	46480	117410	149640	64350	136720	140822	111310	86920	
71780	30800	54930	163000	93450	87030	107000	0	146130	85420	153180	123440	63580	96030	95260	49880	51560	145390	123100	160880	142900	100480	77890	60130	142860	37580	88240	161900	62800	99630	136641	93550	96920	115220	135830	85670	140820	92920	121551	66850	78350	19240	58450	89170	82340	84210	98580	58490	28280	108000	32220	58030	18980	64950	134320	147700	119670	133550	60280	86710	60050	110230	93860	74850	122790	109210	91500	158190	124810	28300	63300	92980	154970	71690	100750	118240	
79970	171251	130960	94250	133610	160150	127930	144661	0	65800	26590	161090	121661	87980	65960	95051	105280	14370	66710	33140	100650	125160	97222	159190	7410	169641	79410	68440	108770	118920	91330	85030	70990	87120	109640	131450	64620	59750	86700	96830	77360	126411	93350	101072	97662	87332	73460	97450	145170	65760	113391	109490	157441	128722	12710	38640	157690	47010	123751	129150	174050	36170	104230	107802	77940	82320	146190	24720	86130	128170	128851	68120	9830	102962	52150	44930	
27380	110990	79070	104830	89750	112180	88550	85150	67770	0	73390	117230	71820	60040	33800	35540	53390	66100	64840	88230	95740	83810	56380	106050	64370	109220	42610	91170	53610	77300	84850	51071	39680	64850	94870	87590	80310	16350	70660	44940	23070	66900	30660	65650	59990	48780	48810	45560	86000	49700	53880	57600	97180	78930	55830	72790	113830	62790	72480	85290	116340	31990	69940	61200	67620	54920	102330	85410	72950	68400	78350	33550	76610	55350	24360	50150	
93541	179041	125021	119980	153150	179321	147890	152451	27630	72850	0	180630	115780	78660	85500	102841	105340	12550	49430	59310	126380	144700	90590	173961	19220	177431	98950	94610	120751	138460	117060	104570	62600	112790	135370	150990	90350	62790	112430	94310	80270	134201	97700	92250	91030	80650	64300	97510	145230	54810	121181	106790	165231	122090	23520	14490	177230	28720	117870	148690	184631	52200	93540	101170	103670	104440	165730	50890	111860	128600	122240	87660	36470	96330	53960	67070	
99750	141960	165460	97750	32340	51322	39600	123490	160920	117430	181490	0	166551	175742	95330	105810	140171	171660	181210	160340	72300	41850	166951	80060	164830	124680	83280	123990	82820	47750	79710	77600	156540	79230	60690	37960	105580	133210	81550	152471	137362	110650	120770	180261	173431	163052	165670	143651	150510	165780	99790	150701	128150	176140	161890	183500	13350	177200	161640	41040	96890	129520	185041	168331	89930	85150	35830	161860	84200	136770	173340	97020	170490	162481	140130	123960	
90430	81510	12890	190031	134650	138240	144780	63170	123180	71490	116740	166711	0	42380	108803	70580	26220	119160	73390	152880	170743	140040	26260	117530	119780	96700	113490	166730	95260	133530	159853	121324	55900	139853	166885	127110	155870	66991	145663	28290	51580	62850	57870	32890	27410	36100	53240	28060	42200	62490	69150	15650	77260	8780	111280	103880	160810	88480	3020	127780	119330	97841	35990	18850	142623	129923	140920	144460	147953	35740	7790	107363	132020	19810	70951	124361	
86750	118590	51201	155120	147882	156630	146682	96030	89080	60000	79240	175362	42690	0	93170	75320	46210	81660	31260	119090	157252	141942	19820	140460	85330	131210	100043	136350	101020	135432	146362	107833	23710	126362	153394	143700	125490	48280	132172	30460	40930	89640	59710	14520	15160	14820	16270	38380	80080	25180	86570	38900	111770	47160	77180	66380	171962	50980	44141	143080	146820	74050	16930	27350	128540	116432	159040	110670	134462	68640	48170	92920	97920	25560	42140	95330	
24260	121220	115530	71200	67770	94310	62470	95380	65710	34010	86750	95250	107621	93480	0	51160	86830	76450	95600	73640	62110	59280	89820	93350	69620	114240	13530	72360	43860	53040	51220	19150	73120	31220	61240	65610	49660	49790	37030	78380	56510	77130	56880	99090	93430	82220	82250	79000	107900	81740	64190	91040	107410	114731	66680	88760	91850	85060	108821	63310	108210	34650	103380	95961	33990	21290	80350	70950	39320	91420	114521	2280	75280	88790	56090	30440	
27530	75930	71140	120760	76220	85240	79150	50090	96550	35840	103600	105780	70950	75110	51010	0	44700	95810	90070	116170	101961	74410	62840	71430	93280	74160	46640	117190	29290	67900	94141	51950	63000	73620	97581	68680	99220	48820	79951	48730	40340	31840	16400	74490	67390	61910	69240	44360	60590	74100	18820	55250	62120	77350	84740	105610	102380	95260	67850	69350	81280	60650	79270	64990	81190	67610	83420	113480	82710	44110	75210	48730	105390	59140	56830	73530	
65020	74850	27940	158862	110361	115151	120491	51620	106640	53070	106010	139921	27220	46030	86240	44720	0	104820	72810	135880	147541	115751	29390	99101	103240	86800	84440	146530	70971	109241	136391	92650	46630	114320	143161	102821	135670	49370	120651	16560	33160	44530	32460	40680	33840	34210	48290	8200	40860	57710	44861	11300	67360	33580	94740	98660	136521	83260	24080	103491	101710	80220	45450	29040	120690	107110	117561	127460	123410	24230	31440	85990	115480	23190	53330	101530	
86281	171781	127911	107890	144120	170660	138860	145191	15540	65860	12690	171600	118670	81710	76470	95581	105081	0	56080	47220	114290	135670	93480	166701	7130	170171	89920	82520	113491	129430	104970	95540	65160	100760	123280	141960	78260	59810	100340	96631	77420	126941	93410	95300	93920	83540	67190	97251	144971	59180	113921	109291	157971	124980	12330	25670	168200	36380	120760	139660	177371	44940	97960	104060	91580	94130	156700	38800	99770	128230	125130	78630	24380	99220	52031	55760	
90800	146980	82141	148550	155010	172310	153810	123750	68660	65090	50960	182490	73630	31300	95930	90710	73100	56690	0	100340	152880	149070	49050	156140	61420	157680	106030	129780	115570	142560	141470	114491	28200	127790	157180	152850	118920	50970	130030	58820	55070	113690	75020	45460	46100	42270	25170	65270	108840	17890	102250	67660	139490	78100	56300	36910	179090	21240	75081	150550	164990	67880	45980	58290	121970	117100	167590	91920	130160	96360	79110	95790	77500	54790	41290	86430	
93980	186770	162421	70520	139780	166320	124980	160930	33200	88110	59570	160520	152661	118980	73320	116210	136150	47350	99590	0	91010	123030	128222	166390	40390	187170	86290	40910	116900	118060	81690	89930	101860	84170	100000	137620	55250	90620	83750	127700	106670	142680	115060	132072	128662	118332	104460	128320	171530	96760	129740	140360	172960	159722	44760	71620	151170	79890	154751	135320	181250	57430	135230	138802	74990	80090	152360	8930	83180	153310	159851	75400	40720	133962	83020	44380	
85091	163010	175880	28740	68140	97810	51400	143190	100150	96290	126050	72140	171045	158334	62460	101931	146841	113780	152360	91060	0	51210	153264	118120	106820	148910	61441	53530	87980	50150	12050	51400	137370	31380	11620	71600	36300	112070	26820	141824	118790	125430	114541	162514	156854	145644	146410	142444	164681	142320	111870	154484	149200	178155	107770	137230	62790	138530	172245	68870	133500	86860	166804	159385	31270	41370	79770	96790	25400	144701	177945	64520	109480	152234	116870	68020	
66240	118980	139660	76060	18680	51220	7040	100510	124990	83920	146030	41900	140750	142232	59360	74390	116031	135730	147700	123310	51200	0	137162	68120	128900	104910	48950	93680	52220	8090	48840	40290	123030	39990	44040	21840	71920	99700	42660	123720	103852	87670	88290	146412	140752	129542	132160	119511	127150	132270	75650	126561	105170	147000	125960	148040	38500	143690	137500	18610	87060	93930	150702	143283	51040	45500	33590	122620	45310	112630	144860	61200	134570	136132	106620	84310	
79930	99930	36820	161010	137091	141881	141642	77890	98690	55510	91500	166651	26200	19750	88680	62980	28930	93920	48730	128400	152212	136902	0	125831	95290	113070	95003	142240	91130	130392	141322	102793	31090	121322	148354	129551	131380	50280	127132	15030	35600	73130	47370	12770	5670	12760	28000	22950	61420	37250	71591	20240	93630	33250	86800	78640	163251	63240	28720	130221	130310	78690	17550	11630	124092	111392	144291	119980	129422	50460	33330	88430	107530	6630	46780	100000	
84970	67510	112760	141180	56010	34180	73000	60220	158280	107020	174720	80160	119030	140670	92690	72100	99411	166930	155900	166030	118170	68200	126191	0	162190	44980	82680	150480	59790	69350	113430	84200	128830	95690	108490	48400	127780	118460	100960	111711	107040	55840	83150	137841	130741	127310	135070	102891	87060	139930	55020	109941	59090	122780	155860	176390	81260	162260	115730	51230	19000	126300	142621	127571	106900	97720	45280	163340	103780	82940	121130	94380	167850	121721	126740	122830	
83490	169231	128940	100930	137400	163940	132140	142641	8580	63780	19680	164880	119641	85370	69750	93031	103260	7460	61000	40260	107330	128950	95202	162980	0	167621	83200	75560	110941	122710	98010	88820	68820	93800	116320	135240	71300	57730	93380	94810	75340	124391	91330	98960	95642	85312	70850	95430	143150	63150	111371	107470	155421	126702	9140	32120	161480	41300	121731	132940	174821	39690	101620	105782	84620	87410	149980	31840	92810	126150	126831	71910	17420	100942	50130	49040	
96311	24280	84210	171740	96760	77780	111400	37590	171231	109951	178281	123810	96940	131200	113650	74411	86730	170491	157751	185631	148730	104880	113060	44760	167961	0	103640	178920	78730	104030	143990	108070	130681	126250	141660	89150	156220	120311	131520	102020	108891	45460	85001	124340	117510	119380	133750	93660	56280	141781	56751	93200	19430	94860	159421	178241	123420	164111	94240	91110	30200	134761	129030	110020	137310	123730	87530	182941	134340	63470	93210	115340	180071	106860	128591	142771	
25070	113900	114390	76470	55330	81870	51610	88060	79160	42750	100200	82810	113684	100973	13530	46670	84700	89900	105950	86600	61261	48420	95903	82640	83070	103530	0	77630	35250	41590	52460	11250	81860	31710	56881	53170	54930	58530	38270	84463	62593	69810	53000	105153	99493	88283	90990	82240	103750	91100	56870	94830	100090	120730	80130	102210	79410	98510	111230	50870	97500	48100	109443	102024	36960	23380	67910	83910	40800	87270	118590	15370	88730	94873	65450	43400	
94740	189770	175060	29830	110970	141020	95150	161690	68470	91040	94840	123990	166670	136381	72340	116970	146940	82620	125260	40990	53610	94040	142231	150370	75660	178900	77580	0	110620	89370	46970	73790	116140	55270	63620	112110	22940	97910	52580	138490	112120	143440	117990	146081	142671	132341	123780	139110	178880	119690	130500	151820	175960	173731	76880	106200	114640	109170	168311	108880	165750	64370	149321	152811	44330	57810	125270	46460	49960	161640	173860	74400	76700	147881	94380	44610	
31240	86770	94930	108780	53900	64570	56880	62820	109140	53630	120990	83360	96020	101390	43550	29450	71301	113200	115430	116890	87860	52140	91570	59860	110670	78730	35150	110430	0	45630	81030	40230	88860	60650	81070	46360	87730	68460	67130	77460	64670	44570	44930	103220	96120	88740	95520	73330	83900	99460	30920	81831	72960	102270	102130	123000	79960	113940	92770	47030	74720	73390	108000	93720	69470	55890	61100	114200	69740	67900	100130	45240	118710	87870	76470	73690	
59740	118060	133250	75060	22350	52400	12080	99590	118700	77420	139740	47770	134340	135732	53070	67890	109621	129440	141200	118260	50250	8090	130662	69300	122610	103990	42040	89730	45720	0	47310	34000	116530	34940	43100	23020	67030	93200	38540	116620	97352	82800	81790	139912	134252	123042	125660	113101	122630	125770	69240	120151	104250	140590	119670	141750	44370	137190	131090	19790	88240	87640	144202	136580	46150	40450	37890	117570	41190	106220	138450	54910	128270	129400	100120	79260	
75510	158240	168200	28350	65600	97940	49780	136780	91000	85300	116850	79720	160971	147611	51470	94291	138960	104630	140960	81910	12000	48670	143170	113350	97670	144140	52610	46510	81090	47480	0	42810	126380	20920	19200	69060	27150	101080	15420	131640	107800	118370	106660	152432	146772	135510	135010	132260	156800	130920	104491	144330	144430	168081	98620	128030	70370	128050	162163	66330	128730	75460	156722	149303	19870	30380	79900	87640	14000	136820	167863	53530	100330	142140	105470	57510	
35400	119360	123520	70700	49920	76460	43390	93600	84770	51161	105810	77400	121354	108643	19140	52210	93070	95510	114361	90270	51400	40200	103573	84380	88680	107980	11720	73750	40190	33960	42950	0	90271	22280	48810	47760	51050	66941	28760	92133	70263	75350	61370	112823	107163	95953	99401	90610	112370	99511	62410	104793	105550	128464	85740	107820	74000	104120	120360	45460	99240	53710	117113	109694	29760	16180	62500	87580	31370	92810	127720	20980	94340	102543	73861	47070	
66420	120290	65661	134530	128790	144900	127590	97060	72210	39670	62870	156270	55780	23850	72840	63420	46410	65010	27930	101780	134780	122850	31230	128850	68680	130390	81650	115760	88480	116340	123890	90111	0	103890	133910	126630	104900	26230	109700	33220	28230	86380	47730	34970	31670	21290	9380	38580	86300	11960	74960	46690	112800	62730	60310	53320	152870	37920	57870	124330	137420	53040	37880	41810	106660	93960	141370	93360	111990	69670	62880	72590	81050	36970	21130	74350	
55450	139860	145320	48590	56700	86280	41450	115400	86960	65240	112380	79250	140911	128192	31410	74010	114870	100590	127560	84400	31370	39600	123110	95630	93630	126420	31910	55280	60840	34630	20840	22410	106320	0	30500	57370	32580	81020	6650	111580	87740	97150	83170	132372	126712	115450	115450	112200	134590	115560	84210	124270	126050	148013	92640	116170	75850	114650	142103	54140	111010	62060	136662	129243	11700	10320	71560	83710	9180	114610	147803	33470	96290	122080	87320	46490	
80542	155900	168770	39820	57120	86320	40341	136080	108870	95370	134770	60650	166496	153785	61540	97382	142292	122500	156560	99780	11740	43980	148715	108671	115540	141800	56892	63430	81240	42930	19150	48801	135413	30460	0	61631	45020	111150	28980	137275	115405	118320	109992	157965	152305	141095	144543	137895	158150	144653	104760	149935	142090	173606	116490	145170	51300	143650	166610	61650	126390	91060	162255	154836	35470	40450	68280	105510	28890	140152	173396	63600	118200	147685	117450	74660	
70330	104530	127150	96490	8640	30160	25950	86060	131500	88010	152070	38030	128240	144520	65910	69160	103521	142240	151790	138380	71630	21740	130301	48070	135410	88940	53860	112270	46780	22890	69270	48180	127120	57480	61440	0	89570	103790	61150	115821	106400	73220	85080	141951	134851	131820	136250	107001	112700	136360	63140	114051	90720	134490	132470	154080	34630	147780	124990	4770	67000	100100	146731	131681	68690	61180	15240	135690	63800	100010	132350	67600	141070	125831	110710	95180	
73760	166650	163840	30330	88820	118400	73040	140810	64170	79820	90020	105860	155450	125161	49720	99420	135720	77800	118010	55310	36350	71720	131011	127750	70840	156280	54960	22910	88000	66750	27030	51170	104920	32650	45340	89490	0	86690	29960	127270	100900	122560	105180	134861	131451	121121	112560	127890	158890	108470	109620	140600	152840	162511	71790	101110	96510	101370	157091	86260	143130	53150	138101	141591	21710	35190	103160	60810	28760	140020	162640	51780	73500	136661	83160	32040	
43070	120160	74950	116630	105440	127020	104240	92700	61480	16320	63310	132920	67001	48310	49490	49130	49270	59810	50770	90620	111430	99500	50900	118330	58080	119870	58300	97860	68450	92990	100540	66761	26160	80540	110560	103280	87000	0	86350	40820	19630	77550	36930	56020	51810	40890	35290	41440	89160	35630	64440	53480	107830	74111	49540	61810	129520	48720	68201	100980	126900	35530	60020	55341	83310	70610	118020	82200	88640	71580	73901	49240	70320	48861	10290	56840	
61250	145550	151341	43100	59580	90840	43760	121421	86210	71040	112060	81570	146703	133992	37210	80031	120891	99840	129640	83650	26760	42650	128910	100690	92880	131480	38350	52620	66980	38720	15350	28550	112120	6660	28980	61460	29940	86820	0	117380	93540	103171	89191	138180	132512	121250	121250	118000	140611	119600	90231	130070	131740	153813	93830	118190	77960	116730	147903	58230	116070	64140	142462	135051	9060	16120	73880	82960	3610	120631	153603	39270	95540	127880	93120	48250	
66530	90450	35170	150692	123411	128201	128980	67220	98260	44900	94740	152971	27780	30330	78070	49580	17100	96440	58900	127500	141602	124240	15340	112151	94860	102400	84393	138360	77730	116990	130712	92183	33450	110712	137744	115871	127500	41200	116522	0	24990	60530	33970	26990	19890	18510	34600	9270	55370	44020	57911	14360	82960	34890	86360	85410	149571	70010	28440	116541	117710	72050	31770	17160	113482	100782	130611	119080	118812	39830	34310	77820	107100	11310	44950	93360	
49790	104780	59140	127240	110372	122990	109172	78210	79070	23040	80600	137852	51890	41730	56210	40790	33460	77400	54840	106830	118150	104432	36450	106940	75670	108480	62533	112340	64700	97922	107260	70323	28510	87260	115884	106020	101480	19600	93070	25010	0	64920	25820	45950	40290	29080	35600	25630	72910	38870	53050	37670	93860	59000	67130	75330	134452	61200	52550	105912	115510	50010	50240	41270	90030	77330	120760	99790	95360	55310	58420	55960	87910	35420	27470	71320	
53330	45280	57240	144050	80330	76660	93720	19440	127680	66970	134730	110310	63510	89490	76810	31430	44770	126940	113380	142430	124980	87360	73390	55960	124410	45710	69790	143450	44350	82470	117691	75100	86300	96770	117910	72550	122370	77330	103101	60020	64960	0	42020	84670	77840	77670	89520	51200	42000	97410	13770	55300	31470	67260	115870	134310	106540	120180	60210	73590	57760	91780	89450	73040	104340	90760	78760	139740	105860	28320	65610	74530	136520	67190	85610	99790	
33560	86500	59730	127820	91910	99240	92940	58400	94270	30790	98240	120740	58770	59840	56790	16830	32720	93380	74800	114610	115531	88200	47660	83190	91000	84730	52980	117550	44950	81690	104381	61190	47730	82860	111151	84370	105000	37110	89191	33550	25940	42410	0	59310	52210	46730	53970	30260	58210	58830	29300	42850	72690	65370	82460	95290	117340	81160	55870	85040	91760	58370	64090	49810	89230	75650	99110	111790	91950	40990	63230	54760	103110	43960	45390	76360	
91532	110960	42780	166670	148951	153741	150862	89280	102120	64790	92980	179811	32350	14510	99492	74840	40320	95400	45520	132130	161432	146122	12850	137691	98720	124460	104223	145670	102990	139612	150542	112013	34670	130542	157574	141411	134810	55980	136352	26890	45210	84520	59230	0	7090	18570	30010	34810	72090	38920	83451	31630	105020	34120	90220	80120	175111	64720	34670	142081	141700	83250	5120	19360	133312	120612	156151	123710	138642	61850	35280	98052	110960	18020	51340	104610	
84700	104380	36841	161260	141861	146651	145462	82340	98940	59390	91800	172871	27520	14970	94092	67750	33380	94220	45980	128810	156032	140722	5760	130601	95540	117520	98823	142490	95900	134212	145142	106613	31490	125142	152174	134321	131630	51820	130952	19800	39810	77580	52140	7090	0	13170	28410	27720	65870	37660	76361	24690	98080	32990	87040	78940	168021	63540	29781	134991	134760	79100	11870	12990	127912	115212	149061	120390	133242	54910	33150	92652	107780	11080	47190	100460	
74932	106710	46130	151060	135462	143540	134262	84150	88740	48190	81550	162942	36010	14780	81360	62230	34260	83970	42010	118450	144832	129522	12770	127370	85340	119330	87623	132290	88700	123012	133942	95413	21140	113942	140974	131210	121430	40620	119752	18580	28610	77690	46620	18870	13210	0	18050	26430	68200	27300	73480	27020	99890	43120	76840	68690	159542	53290	38100	130760	134870	68740	23160	22490	116712	104012	145950	110030	122042	56760	43200	81110	97580	17280	36830	90050	
75350	122920	62761	142190	140302	152190	139102	99690	75130	48600	65290	167782	53520	16380	81770	70720	49040	67710	25080	105140	146520	134362	28330	136140	71380	134870	90580	123420	95990	127852	135110	99041	9250	118600	145814	138142	112560	35160	123670	34500	35840	90640	55030	29960	28650	18390	0	41210	85710	11040	82250	44530	115430	59830	63230	52430	164382	37030	55610	135842	144710	61080	32620	38910	115610	108610	152882	96720	123800	72300	59980	81520	83970	34070	29170	82390	
62820	81980	34260	151122	114141	118931	124271	58750	98900	45330	98270	143701	28980	38290	78500	44920	8100	97080	65070	128140	142032	119531	23300	102881	95500	93930	82240	138790	73070	113021	131142	90450	38890	111142	138174	106601	127930	41630	116952	8820	25420	51260	30260	34950	27850	26470	40550	0	47990	49970	48641	13060	74490	36080	87000	90920	140301	75520	27990	107271	108440	72480	39730	24950	113912	101212	121341	119720	119242	31360	34450	78250	107740	19100	45590	93790	
84550	40690	29300	182180	120010	114440	133560	28240	146220	86180	145590	150370	42030	80180	108030	61040	40850	144400	108780	171070	165220	127040	61720	86930	142820	56010	103970	177980	83730	122710	155821	112420	86210	134400	158150	112230	158950	88950	140731	55710	72740	42010	58260	71980	66170	68360	85850	47780	0	95100	53150	42040	36570	39950	134320	136490	146600	121090	39330	113270	82940	114210	74510	57510	140980	127400	118440	167960	143700	18130	38300	105750	155060	55480	92910	130470	
76190	131690	71721	138170	138560	155810	137360	108460	66360	49440	55390	166040	62480	25200	81450	74330	57810	58940	17800	96370	142500	132620	37290	139760	62610	141300	91420	119400	99190	126110	131090	99881	11820	113660	143680	136400	108540	35320	119470	43460	38690	97310	58640	38790	37730	27350	11000	49980	94670	0	85870	53490	124200	68790	54460	42530	162640	27130	64570	134100	148330	57270	41450	47870	111590	102570	151140	87950	119780	81070	68940	81310	75200	43030	26200	78380	
40870	57980	68460	131450	70210	71060	80340	32140	114790	54080	121840	99770	69810	86650	64350	18540	45091	114050	101880	129970	111600	75600	71871	55010	111520	56210	57330	130990	30820	69090	104831	62640	74810	84310	104530	62670	109910	64440	90641	57391	53020	13890	29130	83521	76421	73290	81050	48571	53220	85910	0	55621	44170	76060	102980	122370	96370	108240	66560	63340	62640	78890	88301	73251	91880	78300	72320	127280	93400	39540	73920	62070	123630	67401	72720	87330	
75360	80570	22270	162932	121181	125971	131311	58320	110710	57140	107830	150741	16530	39020	90310	55540	11150	108890	67620	139950	153842	126571	20560	109921	107310	93500	94780	150600	81791	120061	142952	104423	46540	122952	149984	113641	139740	53440	128762	14730	37230	55350	42800	31840	25010	27200	44690	12990	42060	53940	55681	0	74060	23630	98810	95330	147341	79930	15540	114311	112530	84290	36620	19050	125722	113022	128381	131530	131052	30890	22000	90060	119550	14360	57400	105600	
83750	14390	64780	172070	98150	87340	111700	18760	158670	97390	165720	128130	77510	111770	107230	61850	67300	157930	138840	172850	149060	105180	93630	59120	155400	19440	100210	175990	73020	104330	144320	105520	112660	126000	141990	90370	152790	107750	131820	82590	93770	31210	72440	104910	98080	99950	114320	74230	36850	123740	44190	73770	0	75430	146860	163120	124360	148990	74810	91410	46370	122200	109600	90590	134760	121180	94620	170160	134640	44040	73780	104950	167510	87430	116030	130210	
98080	79140	11390	195151	141850	143750	151980	65910	130360	78670	123210	177680	8520	47090	115983	77780	33780	125630	78100	160060	178945	147240	33440	123040	126960	94460	120710	173910	102460	140730	167033	128504	62800	147033	174565	134310	163050	74171	152843	35470	58760	68360	65520	34130	32870	43280	59710	35880	40700	68960	76350	23470	75020	0	118460	110350	174280	94950	10620	134980	121390	105021	35950	24470	149803	137103	146430	151640	155133	40640	3260	114543	139200	26990	78131	131710	
75261	160761	120470	101790	134250	160790	128990	134171	13890	55310	23570	161730	111341	77660	66600	84561	94790	12130	55970	44820	108190	125800	86902	155681	9030	159151	80050	76800	102471	119560	98870	85670	60500	93790	117180	132090	72160	49260	94240	86340	66870	115921	82860	90752	87342	77012	63140	86960	134680	55440	102901	99000	146951	118402	0	30460	158330	36270	113431	129790	166351	33920	93910	97482	85480	85540	146830	36400	93670	117680	118531	68760	22730	92642	41660	47430	
95961	174800	113651	131100	155610	181741	150310	148230	39800	72410	14660	183090	104410	67290	87920	105261	99320	25630	38060	71480	137500	147120	79220	176381	32130	178500	101370	106110	123171	140880	128180	106990	53580	115210	144600	153450	101020	61900	117450	85390	75860	134940	95840	80880	79660	69280	52930	91490	136600	43440	123070	95420	163880	110720	29970	0	179690	17350	106500	151150	185810	54620	82170	89800	109140	106860	168190	63060	117330	122580	110870	90080	48640	84960	52850	70860	
96490	138350	160540	88170	29080	56710	36340	119880	157660	114170	178230	13480	161630	172482	92070	102550	136911	168400	177950	150760	62720	38590	163691	81230	161570	123580	80020	114410	79560	44490	70130	74340	153280	75970	51110	34700	96000	129950	77540	149211	134102	107040	117510	175341	168241	159792	162410	140391	146900	162520	96530	147441	124540	172880	158630	180240	0	173940	158380	37780	98060	126260	181781	165071	85750	81890	38670	156490	78270	133510	170080	93760	167230	159221	136870	120700	
87750	157640	97571	132100	149930	172870	148730	133550	48340	62770	30170	177410	88330	51130	85040	95740	83240	36370	21160	80020	138500	143990	63140	162280	41100	163820	98490	109330	114300	137480	127880	104110	37500	114200	143590	147770	101590	48810	116440	69310	61180	120260	81160	64800	63580	53200	36850	75410	120520	27360	108390	79340	149200	94640	36030	16120	174010	0	90420	145470	171130	53610	65270	73720	108380	105850	162510	71600	116570	106500	94790	85210	57180	68880	39760	70400	
88410	79000	10380	191232	132180	135650	142310	60580	125080	71870	118990	161740	3780	44091	110032	68110	24110	121410	75101	154780	171972	137570	28690	114940	121680	94110	111040	168630	92790	131060	161082	120010	57800	141082	166500	124640	157770	68170	146892	28670	51960	60260	55850	34990	29871	38000	55490	27880	39690	64740	66680	15470	74670	10540	113180	106130	158340	90730	0	125310	116740	99020	38090	21430	143852	131152	138330	146360	149182	33150	8400	108592	133920	22240	72130	125540	
67570	105100	127370	93710	10230	34220	25100	86630	128740	85250	149310	41290	128460	143490	63150	69380	103741	139480	149030	135620	68850	18580	130521	51120	132650	91030	51100	109110	47000	19730	66490	45420	124360	54320	61700	4840	86410	101030	57990	116041	105182	73790	85300	142171	135071	130840	133490	107221	113270	133600	63360	114271	91290	134710	129710	151320	37890	145020	125210	0	70060	97340	146951	131901	65530	58420	19710	132930	60640	100340	132570	64840	138310	126051	107950	92420	
99300	52840	111240	156110	74360	51140	91350	60041	172960	116510	185400	97170	119940	146620	107370	80970	101900	177610	164870	180710	133100	87230	130520	19080	175080	30310	97360	165410	74470	88380	128360	98880	137240	110620	126030	67430	142710	126870	115890	117150	115450	57650	91560	141800	134970	134800	143480	108330	83310	148340	62610	112430	46460	121890	166540	185360	98270	171230	116640	70260	0	140980	146580	130170	121830	112400	62290	178020	118710	84750	120240	109060	182530	124320	135150	137510	
45080	136300	106000	83510	102280	128820	97490	110460	37460	32390	52950	129760	98051	73371	35100	60850	80320	44910	66720	57480	87440	94300	79221	126670	39610	134530	48550	64740	74050	88060	76030	54170	53130	62390	91740	100120	53880	36030	64630	71870	50240	92210	59340	83071	79661	69331	60770	72490	115190	56680	79190	84530	122490	105161	34090	54960	126360	53440	99251	97820	141530	0	86311	86391	56570	54040	114860	54030	64760	97590	104951	36710	46300	79911	32500	23720	
95382	113840	45260	170170	153701	158491	154712	93850	105440	68640	95150	184561	35390	16770	103342	79590	45070	98020	45540	135450	165282	149972	17600	142441	101690	129030	108073	149170	107740	143462	154392	115863	37570	134392	161424	146161	138310	59830	140202	31640	49060	89270	63980	5060	11840	22420	32630	39560	74570	41540	88201	36380	109590	35850	93540	81190	181161	65520	37710	146831	146450	86870	0	23130	137162	124462	160901	127030	142492	66420	37760	101902	114280	22770	54960	108150	
82470	95980	29640	168073	138551	143341	148413	75100	109260	60840	102070	168111	18810	27690	97043	65520	28710	104490	58700	138970	158983	143673	11590	127291	105860	110280	101774	152810	93670	136540	148093	109564	41660	128093	155125	131011	141950	55231	133903	17640	40930	72910	49910	19280	13470	22390	38570	25010	57470	47820	73051	18970	90840	24360	97360	89210	164711	73810	21540	131681	130090	86081	23710	0	130863	118163	145751	130550	136193	47670	24440	95603	118100	6760	57350	110620	
58030	148650	151440	41140	67930	97510	52150	122810	77460	67820	103310	89960	143491	128051	33990	81420	120990	91090	121400	74900	31180	50830	125690	106860	84130	137190	36960	44280	69400	45860	19770	29760	107810	11760	35480	68600	21580	83600	9070	114160	90320	104560	89290	134962	129292	118030	115450	114780	140890	111360	91620	126850	134760	150593	85080	109440	86180	108490	144683	65370	122240	55900	139242	131831	0	13780	82270	74210	8500	122020	150383	36050	86790	124660	85910	39500	
45350	135010	136840	54860	62190	89530	48220	109250	82260	55140	104920	84740	128841	116130	21310	67860	107430	93480	116730	80180	41040	45090	111040	97830	86650	123630	23400	57790	55840	40120	30150	16200	94250	10150	40170	60830	35090	70920	15960	99510	77640	91000	75730	120310	114650	103380	103380	100130	127330	102870	78060	112200	121200	135951	85180	107680	81340	106160	130041	58530	112690	53570	124600	117181	13800	0	75570	79420	18490	108460	135741	23370	91590	110010	77220	39030	
84700	107730	137310	106210	17270	18110	33000	91440	145870	102380	166440	35820	142610	159550	80280	83530	117891	156610	166160	152750	79650	33610	144671	45160	149780	87590	68230	124920	61150	37860	80080	62550	141490	71580	68350	15430	103160	118160	73900	130191	120770	78840	99390	156321	149221	146190	150620	121371	118320	150730	72150	128421	94580	147330	146840	168450	38700	162150	139360	19740	61990	114470	161101	146051	82280	75550	0	150060	76550	106210	145680	81970	155440	140201	125080	109550	
91540	184330	153961	76100	137340	163880	124140	158490	24740	85260	51110	161840	144201	110520	70880	113720	127690	38890	91130	8970	96790	122190	119762	163950	31930	184730	83850	46490	114460	117220	87470	87490	93400	83330	105780	135180	60760	82160	82910	119240	99770	140240	112210	123612	120202	109872	96000	119860	167790	88300	127300	131900	170520	151262	36300	63160	156950	71430	146291	132880	178810	53810	126770	130342	74150	79250	149920	0	82340	150190	151391	72960	32360	125502	74560	41940	
63350	148530	154300	41470	62390	93650	46570	124880	85630	73140	111480	84380	148803	136092	39310	82990	123850	99260	129570	83070	25300	45460	131010	103670	92300	134460	40890	49870	69820	41530	13890	31390	114220	9200	28890	64270	28570	88920	3730	119480	95640	106130	92150	140280	134612	123350	123350	120100	143750	119530	93190	132170	134720	155921	93250	117610	78690	116660	150003	61040	119050	64070	144562	137151	8480	18660	76690	82380	0	124090	155703	41370	94960	129980	94080	47670	
68110	51620	29420	162350	107460	103780	117590	28390	129610	68550	128980	137020	36260	68710	91590	44600	24240	127790	95780	152820	147141	112850	50570	83070	126210	63570	87530	160780	68070	106340	135991	92900	69600	114570	141780	99670	140170	71780	120901	39530	55480	28390	41010	61850	55020	56890	71260	31170	18270	80680	39530	30710	44130	39440	117710	121630	133620	106230	32960	100590	84870	96580	66540	47530	122140	108560	106460	150000	124160	0	37790	89310	138450	44370	76300	114030	
95350	77300	8680	194751	139120	141040	149250	63200	129890	77510	122810	174220	7070	47440	115293	75050	31050	125230	78450	159590	177755	144510	32970	120330	126490	92620	117980	173440	99730	138000	166343	126950	62400	146343	173375	131580	162580	73481	152153	34310	57600	65650	62790	34840	32470	42810	59310	33840	37990	68560	73620	21430	73180	3660	117990	109950	170820	94550	7890	132250	119550	104331	37370	24000	149113	136413	143720	151170	154443	37930	0	113853	138730	26520	77441	131240	
21980	118940	113490	73260	69460	96000	64310	93100	67870	33740	88820	96940	107351	93210	2280	48880	86480	78610	95770	75700	64170	61120	89550	95040	71780	115930	15370	74420	45550	54880	53280	20990	72850	33280	63300	67300	51720	49520	39090	78110	56240	74850	54780	98820	93160	81950	81980	78730	105620	81580	61910	90770	105130	114461	68840	90830	93540	85230	108551	65000	109900	36420	103110	95691	36050	23350	82040	73010	41380	89140	114251	0	77440	88520	55930	32500	
89870	181151	140860	103490	143180	169720	137170	154561	9890	75700	36490	170660	131561	97880	75530	104951	115180	24270	76610	41090	109890	134730	107122	168760	17310	179541	88980	76730	118670	128490	100570	94600	80890	96360	118880	141020	73860	69650	95940	106730	87260	136311	103250	110972	107562	97232	83360	107350	155070	75660	123291	119390	167341	138622	22610	48540	167260	56910	133651	138720	183620	46070	114130	117702	87180	91560	155760	33010	95370	138070	138751	77690	0	112862	62050	54170	
76630	93870	30460	160792	132711	137501	141132	71830	104310	55000	97120	162271	19840	25370	88170	59680	22870	99540	54350	134020	151702	136392	6640	121451	100920	107010	94493	147751	87830	129430	140812	102283	36710	120812	147844	125171	136891	48761	126622	11800	35090	67070	44070	17920	11090	17230	33620	19170	55360	42870	67211	14180	87570	26950	92410	84260	158871	68860	22360	125841	124250	79611	22700	6770	123582	110882	139911	125600	128912	44400	27030	87920	113150	0	52400	103650	
50480	127360	79160	113010	112850	135050	111650	100840	53660	24350	53480	140330	71211	42481	55610	57160	53480	51840	40850	82900	116940	106910	47450	126540	50260	128080	65710	94240	76480	100400	105530	74171	21720	86660	116680	110690	83380	10230	92470	45030	27480	85760	45140	52100	47890	37510	29840	45650	93370	27030	72650	57690	116040	78321	41760	51870	136930	38780	72411	108390	135110	31910	55421	58030	86070	76730	125430	74480	94260	76740	78111	55470	62500	52920	0	53220	
51450	144240	127030	61770	96910	123450	87020	118400	43710	48420	65890	123540	119081	93761	30450	73680	99580	54450	84990	44640	68150	83890	98630	123520	47620	142470	43420	44610	74030	78920	57400	47060	72900	46360	74840	94750	32140	55290	48430	91130	69500	100150	75370	103461	100051	88690	81020	91750	130420	77080	87210	103790	130430	128031	46150	69990	120140	68900	120281	92450	138380	21750	106701	107421	39670	39020	109490	41950	47860	113620	127821	32530	53280	99851	51760	0	


0	 Hartshill                          0		0		32400		0

1	 Hardingstone                       363		1009		19805		726
2	 Kings_Langley                      663		2207		23221		1326
3	 Shepton_Mallet                     825		1740		23148		1650
4	 Churchdown                         813		1711		23001		1626
5	 Pershore                           777		1798		22323		1554
6	 Stonehouse                         374		1822		21973		748
7	 Buckingham                         165		2718		22011		330
8	 Totton                             428		1832		20997		856
9	 Thatcham                           343		4083		23396		686
10	 Fareham                            207		1751		20359		414
11	 Ross_on_Wye                        359		1797		22318		718
12	 Rickmansworth                      710		3442		23025		1420
13	 Woking                             798		3159		23658		1596
14	 Marlborough                        318		4103		24306		636
15	 Abingdon                           442		1860		21861		884
16	 High_Wycombe                       633		1716		22873		1266
17	 Bursledon                          717		1501		22144		1434
18	 Haslemere                          490		1351		21124		980
19	 Verwood                            711		4694		25944		1422
20	 Keynsham                           420		3794		23165		840
21	 Stroud                             734		4363		23911		1468
22	 Old_Windsor                        568		3403		24261		1136
23	 Stratford-upon-Avon                211		4084		24388		422
24	 Southampton                        666		2922		23239		1332
25	 Daventry                           135		625		19492		270
26	 Swindon                            354		2450		21223		708
27	 Gillingham                         455		3679		23955		910
28	 Carterton                          526		3071		22241		1052
29	 Chalford                           539		1173		22015		1078
30	 Bath                               529		4653		24269		1058
31	 Wootton_Bassett                    241		4728		23532		482
32	 Fleet                              781		4558		25597		1562
33	 Chippenham                         216		951		20744		432
34	 Mangotsfield                       730		2599		22495		1460
35	 Cheltenham                         117		1015		19262		234
36	 Warminster                         206		2899		22374		412
37	 Tadley                             541		2627		23404		1082
38	 Corsham                            457		4363		23443		914
39	 Maidenhead                         397		2493		22426		794
40	 Reading                            182		3954		24263		364
41	 Bicester                           340		4395		23148		680
42	 Wallingford                        824		3669		23700		1648
43	 Shepperton                         784		1865		21767		1568
44	 Staines                            495		2247		22770		990
45	 Ascot                              713		2814		24140		1426
46	 Farnborough                        206		3482		22446		412
47	 Marlow                             352		4663		24746		704
48	 Leighton_Buzzard                   307		3162		22070		614
49	 Farnham                            575		1780		22317		1150
50	 Kidlington                         195		2562		22846		390
51	 Beaconsfield                       330		1854		21803		660
52	 Towcester                          155		3421		22089		310
53	 Bushey                             560		5265		25560		1120
54	 Eastleigh                          504		4022		24652		1008
55	 Waterlooville                      359		2016		22122		718
56	 Cinderford                         162		4774		24168		324
57	 Petersfield                        474		1796		21829		948
58	 Chorleywood                        305		1665		20723		610
59	 Charlton_Kings                     389		4101		24507		778
60	 Leamington                         129		2828		21476		258
61	 Andover                            683		3948		25310		1366
62	 Sunbury                            732		645		20526		1464
63	 Iver                               343		3725		23893		686
64	 Melksham                           360		1891		21516		720
65	 Calne                              685		3990		24833		1370
66	 Tewkesbury                         603		4294		24347		1206
67	 Ringwood                           336		4398		23866		672
68	 Neston                             631		4985		24908		1262
69	 Aylesbury                          809		4315		25247		1618
70	 Watford                            437		2936		23352		874
71	 Mildenhall                         749		3499		24639		1498
72	 Hythe                              218		903		21026		436
73	 Slough                             605		3018		22992		1210
74	 Basingstoke                        520		1509		21404		1040
75	 Bulford                            357		774		19686		714
