   ID  Type     x     y demand ReadyTime DueDate ServiceTime 
    0     0    40    50      0         0    1236           0 
    1     1    45    68     10       885     994          90 
    2     1    45    70     30       802     893          90 
    3     1    42    66     10        25     186          90 
    4     1    42    68     10       699     810          90 
    5     1    42    65     10        15     120          90 
    6     1    40    69     20       580     743          90 
    7     1    40    66     20       142     253          90 
    8     1    38    68     20       220     359          90 
    9     1    38    70     10       499     640          90 
   10     1    35    66     10       331     436          90 
   11     1    35    69     10       420     533          90 
   12     1    25    85     20       617     756          90 
   13     1    22    75     30        30     155          90 
   14     1    22    85     10       541     646          90 
   15     1    20    80     40       362     451          90 
   16     1    20    85     40       448     555          90 
   17     1    18    75     20        75     172          90 
   18     1    15    75     20       142     291          90 
   19     1    15    80     10       244     379          90 
   20     1    30    50     10        10     137          90 
   21     1    30    52     20       888     991          90 
   22     1    28    52     20       776     919          90 
   23     1    28    55     10       709     800          90 
   24     1    25    50     10        25     184          90 
   25     1    25    52     40       142     251          90 
   26     1    25    55     10       582     741          90 
   27     1    23    52     10       234     343          90 
   28     1    23    55     20       523     616          90 
   29     1    20    50     10       335     428          90 
   30     1    20    55     10       422     531          90 
   31     1    10    35     20       181     256          90 
   32     1    10    40     30        31     170          90 
   33     1     8    40     40        52     193          90 
   34     1     8    45     20       719     848          90 
   35     1     5    35     10       252     375          90 
   36     1     5    45     10       639     742          90 
   37     1     2    40     20       357     460          90 
   38     1     0    40     30       457     544          90 
   39     1     0    45     20       538     653          90 
   40     1    35    30     10       236     349          90 
   41     1    35    32     10       132     269          90 
   42     1    33    32     20        27     190          90 
   43     1    33    35     10        16     144          90 
   44     1    32    30     10       332     439          90 
   45     1    30    30     10       512     629          90 
   46     1    30    32     30       417     540          90 
   47     1    30    35     10       982    1127          90 
   48     1    28    30     10       601     724          90 
   49     1    28    35     10       969    1098          90 
   50     1    26    32     10       783     912          90 
   51     1    25    30     10       695     816          90 
   52     1    25    35     10       883     998          90 
   53     1    44     5     20       255     378          90 
   54     1    42    10     40       150     293          90 
   55     1    42    15     10        63     190          90 
   56     1    40     5     30       359     462          90 
   57     1    40    15     40        35     140          90 
   58     1    38     5     30       439     566          90 
   59     1    38    15     10       607     784          90 
   60     1    35     5     20       529     662          90 
   61     1    50    30     10       491     650          90 
   62     1    50    35     20       235     344          90 
   63     1    50    40     50       147     242          90 
   64     1    48    30     10       601     724          90 
   65     1    48    40     10        50     155          90 
   66     1    47    35     10       802     899          90 
   67     1    47    40     10        12     143          90 
   68     1    45    30     10       712     799          90 
   69     1    45    35     10       889     996          90 
   70     1    95    30     30       353     490          90 
   71     1    95    35     20       260     393          90 
   72     1    53    30     10       422     533          90 
   73     1    92    30     10       442     587          90 
   74     1    53    35     50       323     442          90 
   75     1    45    65     20       962    1103          90 
   76     1    90    35     10       175     288          90 
   77     1    88    30     10       539     678          90 
   78     1    88    35     20        78     201          90 
   79     1    87    30     10       636     763          90 
   80     1    85    25     10       744     845          90 
   81     1    85    35     30        47     201          90 
   82     1    75    55     20       344     445          90 
   83     1    72    55     10       228     375          90 
   84     1    70    58     20       425     556          90 
   85     1    68    60     30       527     640          90 
   86     1    66    55     10       141     270          90 
   87     1    65    55     20        56     173          90 
   88     1    65    60     30       614     739          90 
   89     1    63    58     10       705     834          90 
   90     1    60    55     10        20     148          90 
   91     1    60    60     10       809     916          90 
   92     1    67    85     20       331     478          90 
   93     1    65    85     40       453     540          90 
   94     1    65    82     10       260     361          90 
   95     1    62    80     30       174     261          90 
   96     1    60    80     10        64     187          90 
   97     1    60    85     30       531     652          90 
   98     1    58    75     20        30     139          90 
   99     1    55    80     10       705     858          90 
  100     1    55    85     20       608     765          90 
  101     2    40    50      0         0    1236           0 
  102     2    73    52      0         0    1236           0 
  103     2    90    55      0         0    1236           0 
  104     2    55    79      0         0    1236           0 
  105     2    69    89      0         0    1236           0 
  106     2    32    80      0         0    1236           0 
  107     2    39    96      0         0    1236           0 
  108     2    23    80      0         0    1236           0 
  109     2     4    83      0         0    1236           0 
  110     2    18    58      0         0    1236           0 
  111     2     1    56      0         0    1236           0 
  112     2    13    31      0         0    1236           0 
  113     2    -5    38      0         0    1236           0 
  114     2    26    37      0         0    1236           0 
  115     2    28    13      0         0    1236           0 
  116     2    39    31      0         0    1236           0 
  117     2    48    11      0         0    1236           0 
  118     2    59    17      0         0    1236           0 
  119     2    73    23      0         0    1236           0 
  120     2    74    32      0         0    1236           0 
  121     2    90    44      0         0    1236           0 

ECV fuel tank capacity /79.69/
BSV fuel tank capacity /159.38/
ECV load capacity /200/
BSV load capacity /5/
ECV consumption rate /1/
BSV consumption rate /1/
ECV inverse refueling rate /10.17/
Swapping service time /3.00/
Velocity /1/
