   ID  Type     x     y demand ReadyTime DueDate ServiceTime 
    0     0    40    50      0         0    1236           0 
    1     1    45    68     10       890     989          90 
    2     1    45    70     30       816     879          90 
    3     1    42    66     10        55     156          90 
    4     1    42    68     10       703     806          90 
    5     1    42    65     10        15      60          90 
    6     1    40    69     20       559     764          90 
    7     1    40    66     20       172     223          90 
    8     1    38    68     20       250     329          90 
    9     1    38    70     10       489     650          90 
   10     1    35    66     10       361     406          90 
   11     1    35    69     10       450     503          90 
   12     1    25    85     20       647     726          90 
   13     1    22    75     30        30      95          90 
   14     1    22    85     10       571     616          90 
   15     1    20    80     40       392     421          90 
   16     1    20    85     40       478     525          90 
   17     1    18    75     20       105     142          90 
   18     1    15    75     20       172     261          90 
   19     1    15    80     10       274     349          90 
   20     1    30    50     10        10      77          90 
   21     1    30    52     20       918     961          90 
   22     1    28    52     20       806     889          90 
   23     1    28    55     10       739     770          90 
   24     1    25    50     10        55     154          90 
   25     1    25    52     40       172     221          90 
   26     1    25    55     10       612     711          90 
   27     1    23    52     10       264     313          90 
   28     1    23    55     20       553     586          90 
   29     1    20    50     10       365     398          90 
   30     1    20    55     10       452     501          90 
   31     1    10    35     20       204     233          90 
   32     1    10    40     30        31     189          90 
   33     1     8    40     40        42     203          90 
   34     1     8    45     20       715     852          90 
   35     1     5    35     10       251     376          90 
   36     1     5    45     10       648     733          90 
   37     1     2    40     20       365     452          90 
   38     1     0    40     30       474     527          90 
   39     1     0    45     20       541     650          90 
   40     1    35    30     10       240     345          90 
   41     1    35    32     10       123     278          90 
   42     1    33    32     20        19     225          90 
   43     1    33    35     10        16     153          90 
   44     1    32    30     10       338     433          90 
   45     1    30    30     10       513     628          90 
   46     1    30    32     30       415     542          90 
   47     1    30    35     10       872    1127          90 
   48     1    28    30     10       599     726          90 
   49     1    28    35     10       917    1126          90 
   50     1    26    32     10       779     916          90 
   51     1    25    30     10       695     816          90 
   52     1    25    35     10       857    1024          90 
   53     1    44     5     20       221     412          90 
   54     1    42    10     40        96     347          90 
   55     1    42    15     10        35     233          90 
   56     1    40     5     30       347     474          90 
   57     1    40    15     40        35     172          90 
   58     1    38     5     30       403     602          90 
   59     1    38    15     10       521     870          90 
   60     1    35     5     20       487     704          90 
   61     1    50    30     10       422     719          90 
   62     1    50    35     20       217     362          90 
   63     1    50    40     50       142     247          90 
   64     1    48    30     10       567     758          90 
   65     1    48    40     10        34     171          90 
   66     1    47    35     10       794     907          90 
   67     1    47    40     10        12     226          90 
   68     1    45    30     10       716     795          90 
   69     1    45    35     10       873    1012          90 
   70     1    95    30     30       266     577          90 
   71     1    95    35     20       181     472          90 
   72     1    53    30     10       402     553          90 
   73     1    92    30     10       345     684          90 
   74     1    53    35     50       294     471          90 
   75     1    45    65     20       951    1114          90 
   76     1    90    35     10       153     310          90 
   77     1    88    30     10       450     767          90 
   78     1    88    35     20        50     237          90 
   79     1    87    30     10       567     832          90 
   80     1    85    25     10       713     876          90 
   81     1    85    35     30        47     331          90 
   82     1    75    55     20       311     478          90 
   83     1    72    55     10       127     476          90 
   84     1    70    58     20       349     632          90 
   85     1    68    60     30       476     691          90 
   86     1    66    55     10        67     344          90 
   87     1    65    55     20        25     256          90 
   88     1    65    60     30       546     807          90 
   89     1    63    58     10       630     909          90 
   90     1    60    55     10        20     293          90 
   91     1    60    60     10       769     956          90 
   92     1    67    85     20       229     580          90 
   93     1    65    85     40       442     551          90 
   94     1    65    82     10       227     394          90 
   95     1    62    80     30       163     272          90 
   96     1    60    80     10        36     291          90 
   97     1    60    85     30       469     714          90 
   98     1    58    75     20        30     227          90 
   99     1    55    80     10       595     968          90 
  100     1    55    85     20       493     880          90 
  101     2    40    50      0         0    1236           0 
  102     2    73    52      0         0    1236           0 
  103     2    90    55      0         0    1236           0 
  104     2    55    79      0         0    1236           0 
  105     2    69    89      0         0    1236           0 
  106     2    32    80      0         0    1236           0 
  107     2    39    96      0         0    1236           0 
  108     2    23    80      0         0    1236           0 
  109     2     4    83      0         0    1236           0 
  110     2    18    58      0         0    1236           0 
  111     2     1    56      0         0    1236           0 
  112     2    13    31      0         0    1236           0 
  113     2    -5    38      0         0    1236           0 
  114     2    26    37      0         0    1236           0 
  115     2    28    13      0         0    1236           0 
  116     2    39    31      0         0    1236           0 
  117     2    48    11      0         0    1236           0 
  118     2    59    17      0         0    1236           0 
  119     2    73    23      0         0    1236           0 
  120     2    74    32      0         0    1236           0 
  121     2    90    44      0         0    1236           0 

ECV fuel tank capacity /79.69/
BSV fuel tank capacity /159.38/
ECV load capacity /200/
BSV load capacity /5/
ECV consumption rate /1/
BSV consumption rate /1/
ECV inverse refueling rate /10.17/
Swapping service time /3.00/
Velocity /1/
