   ID  Type     x     y demand ReadyTime DueDate ServiceTime 
    0     0    40    50      0         0    3390           0 
    1     1    52    75     10       311     471          90 
    2     1    45    70     30       213     373          90 
    3     1    62    69     10      1167    1327          90 
    4     1    60    66     10      1261    1421          90 
    5     1    42    65     10        25     185          90 
    6     1    16    42     20       497     657          90 
    7     1    58    70     20      1073    1233          90 
    8     1    34    60     20      2887    3047          90 
    9     1    28    70     10      2601    2761          90 
   10     1    35    66     10      2791    2951          90 
   11     1    35    69     10      2698    2858          90 
   12     1    25    85     20      2119    2279          90 
   13     1    22    75     30      2405    2565          90 
   14     1    22    85     10      2026    2186          90 
   15     1    20    80     40      2216    2376          90 
   16     1    20    85     40      1934    2094          90 
   17     1    18    75     20      2311    2471          90 
   18     1    15    75     20      1742    1902          90 
   19     1    15    80     10      1837    1997          90 
   20     1    30    50     10        10     170          90 
   21     1    30    56     20      2983    3143          90 
   22     1    28    52     20        22     182          90 
   23     1    14    66     10      1643    1803          90 
   24     1    25    50     10       116     276          90 
   25     1    22    66     40      2504    2664          90 
   26     1     8    62     10      1545    1705          90 
   27     1    23    52     10       209     369          90 
   28     1     4    55     20      1447    1607          90 
   29     1    20    50     10       398     558          90 
   30     1    20    55     10       303     463          90 
   31     1    10    35     20       781     941          90 
   32     1    10    40     30       593     753          90 
   33     1     8    40     40       685     845          90 
   34     1     8    45     20      1346    1506          90 
   35     1     5    35     10       876    1036          90 
   36     1     5    45     10      1253    1413          90 
   37     1     2    40     20       971    1131          90 
   38     1     0    40     30      1063    1223          90 
   39     1     0    45     20      1158    1318          90 
   40     1    36    18     10      1819    1979          90 
   41     1    35    32     10      2758    2918          90 
   42     1    33    32     20      2666    2826          90 
   43     1    33    35     10      2573    2733          90 
   44     1    32    20     10      1913    2073          90 
   45     1    30    30     10      2105    2265          90 
   46     1    34    25     30      2009    2169          90 
   47     1    30    35     10      2480    2640          90 
   48     1    36    40     10      2856    3016          90 
   49     1    48    20     10       967    1127          90 
   50     1    26    32     10      2292    2452          90 
   51     1    25    30     10      2200    2360          90 
   52     1    25    35     10      2385    2545          90 
   53     1    44     5     20      1256    1416          90 
   54     1    42    10     40      1160    1320          90 
   55     1    42    15     10      1065    1225          90 
   56     1    40     5     30      1350    1510          90 
   57     1    38    15     40      1725    1885          90 
   58     1    38     5     30      1442    1602          90 
   59     1    38    10     10      1630    1790          90 
   60     1    35     5     20      1535    1695          90 
   61     1    50    30     10       401     561          90 
   62     1    50    35     20       120     280          90 
   63     1    50    40     50        25     185          90 
   64     1    48    30     10       493     653          90 
   65     1    44    25     10       871    1031          90 
   66     1    47    35     10       588     748          90 
   67     1    47    40     10        12     172          90 
   68     1    42    30     10       776     936          90 
   69     1    45    35     10       680     840          90 
   70     1    95    30     30      2321    2481          90 
   71     1    95    35     20      2226    2386          90 
   72     1    53    30     10       308     468          90 
   73     1    92    30     10      2414    2574          90 
   74     1    53    35     50       213     373          90 
   75     1    45    65     20       118     278          90 
   76     1    90    35     10      2131    2291          90 
   77     1    72    45     10      2900    3060          90 
   78     1    78    40     20      2802    2962          90 
   79     1    87    30     10      2608    2768          90 
   80     1    85    25     10      2513    2673          90 
   81     1    85    35     30      2703    2863          90 
   82     1    75    55     20      1925    2085          90 
   83     1    72    55     10      1832    1992          90 
   84     1    70    58     20      1641    1801          90 
   85     1    86    46     30      2029    2189          90 
   86     1    66    55     10      1736    1896          90 
   87     1    64    46     20      3097    3257          90 
   88     1    65    60     30      1546    1706          90 
   89     1    56    64     10      1355    1515          90 
   90     1    60    55     10      3119    3279          90 
   91     1    60    60     10      1451    1611          90 
   92     1    67    85     20       694     854          90 
   93     1    42    58     40         8     168          90 
   94     1    65    82     10       788     948          90 
   95     1    62    80     30       881    1041          90 
   96     1    62    40     10      3001    3161          90 
   97     1    60    85     30       597     757          90 
   98     1    58    75     20       978    1138          90 
   99     1    55    80     10       407     567          90 
  100     1    55    85     20       502     662          90 
  101     2    40    50      0         0    3390           0 
  102     2    73    52      0         0    3390           0 
  103     2    90    55      0         0    3390           0 
  104     2    55    79      0         0    3390           0 
  105     2    69    89      0         0    3390           0 
  106     2    32    80      0         0    3390           0 
  107     2    39    96      0         0    3390           0 
  108     2    23    80      0         0    3390           0 
  109     2     4    83      0         0    3390           0 
  110     2    18    58      0         0    3390           0 
  111     2     1    56      0         0    3390           0 
  112     2    13    31      0         0    3390           0 
  113     2    -5    38      0         0    3390           0 
  114     2    26    37      0         0    3390           0 
  115     2    28    13      0         0    3390           0 
  116     2    39    31      0         0    3390           0 
  117     2    48    11      0         0    3390           0 
  118     2    59    17      0         0    3390           0 
  119     2    73    23      0         0    3390           0 
  120     2    74    32      0         0    3390           0 
  121     2    90    44      0         0    3390           0 

ECV fuel tank capacity /118.31/
BSV fuel tank capacity /236.62/
ECV load capacity /700/
BSV load capacity /5/
ECV consumption rate /1/
BSV consumption rate /1/
ECV inverse refueling rate /6.84/
Swapping service time /3.00/
Velocity /1/
