   ID  Type     x     y demand ReadyTime DueDate ServiceTime 
    0     0    40    50      0         0    3390           0 
    1     1    52    75     10       213     568          90 
    2     1    45    70     30        22     563          90 
    3     1    62    69     10      1030    1463          90 
    4     1    60    66     10      1154    1527          90 
    5     1    42    65     10        15     402          90 
    6     1    16    42     20       331     822          90 
    7     1    58    70     20       965    1340          90 
    8     1    34    60     20      2653    3280          90 
    9     1    28    70     10      2385    2976          90 
   10     1    35    66     10      2628    3113          90 
   11     1    35    69     10      2603    2952          90 
   12     1    25    85     20      1985    2412          90 
   13     1    22    75     30      2310    2659          90 
   14     1    22    85     10      1846    2365          90 
   15     1    20    80     40      2077    2514          90 
   16     1    20    85     40      1763    2264          90 
   17     1    18    75     20      2143    2638          90 
   18     1    15    75     20      1560    2083          90 
   19     1    15    80     10      1689    2144          90 
   20     1    30    50     10        10     645          90 
   21     1    30    56     20      2675    3288          90 
   22     1    28    52     20        12     505          90 
   23     1    14    66     10      1519    1926          90 
   24     1    25    50     10        23     368          90 
   25     1    22    66     40      2380    2787          90 
   26     1     8    62     10      1330    1919          90 
   27     1    23    52     10        93     484          90 
   28     1     4    55     20      1268    1785          90 
   29     1    20    50     10       168     787          90 
   30     1    20    55     10       170     595          90 
   31     1    10    35     20       585    1136          90 
   32     1    10    40     30       448     897          90 
   33     1     8    40     40       499    1030          90 
   34     1     8    45     20      1190    1661          90 
   35     1     5    35     10       666    1245          90 
   36     1     5    45     10      1076    1589          90 
   37     1     2    40     20       772    1329          90 
   38     1     0    40     30       890    1395          90 
   39     1     0    45     20      1036    1439          90 
   40     1    36    18     10      1612    2185          90 
   41     1    35    32     10      2599    3076          90 
   42     1    33    32     20      2529    2962          90 
   43     1    33    35     10      2463    2842          90 
   44     1    32    20     10      1745    2240          90 
   45     1    30    30     10      1932    2437          90 
   46     1    34    25     30      1884    2293          90 
   47     1    30    35     10      2348    2771          90 
   48     1    36    40     10      2715    3156          90 
   49     1    48    20     10       812    1281          90 
   50     1    26    32     10      2018    2725          90 
   51     1    25    30     10      2015    2544          90 
   52     1    25    35     10      2201    2728          90 
   53     1    44     5     20      1078    1593          90 
   54     1    42    10     40       998    1481          90 
   55     1    42    15     10       897    1392          90 
   56     1    40     5     30      1199    1660          90 
   57     1    38    15     40      1552    2057          90 
   58     1    38     5     30      1263    1780          90 
   59     1    38    10     10      1498    1921          90 
   60     1    35     5     20      1325    1904          90 
   61     1    50    30     10       223     738          90 
   62     1    50    35     20        18     474          90 
   63     1    50    40     50        14     360          90 
   64     1    48    30     10       246     899          90 
   65     1    44    25     10       704    1197          90 
   66     1    47    35     10       393     942          90 
   67     1    47    40     10        12     424          90 
   68     1    42    30     10       641    1070          90 
   69     1    45    35     10       534     985          90 
   70     1    95    30     30      2119    2682          90 
   71     1    95    35     20      2079    2532          90 
   72     1    53    30     10       131     644          90 
   73     1    92    30     10      2169    2818          90 
   74     1    53    35     50        87     498          90 
   75     1    45    65     20        15     607          90 
   76     1    90    35     10      2002    2419          90 
   77     1    72    45     10      2701    3258          90 
   78     1    78    40     20      2599    3164          90 
   79     1    87    30     10      2505    2870          90 
   80     1    85    25     10      2369    2816          90 
   81     1    85    35     30      2563    3002          90 
   82     1    75    55     20      1783    2226          90 
   83     1    72    55     10      1591    2232          90 
   84     1    70    58     20      1513    1928          90 
   85     1    86    46     30      1829    2388          90 
   86     1    66    55     10      1604    2027          90 
   87     1    64    46     20      2976    3275          90 
   88     1    65    60     30      1338    1913          90 
   89     1    56    64     10      1116    1753          90 
   90     1    60    55     10      2789    3279          90 
   91     1    60    60     10      1349    1712          90 
   92     1    67    85     20       518    1029          90 
   93     1    42    58     40         8     509          90 
   94     1    65    82     10       549    1186          90 
   95     1    62    80     30       744    1177          90 
   96     1    62    40     10      2713    3275          90 
   97     1    60    85     30       397     956          90 
   98     1    58    75     20       839    1276          90 
   99     1    55    80     10       272     701          90 
  100     1    55    85     20       373     790          90 
  101     2    40    50      0         0    3390           0 
  102     2    73    52      0         0    3390           0 
  103     2    90    55      0         0    3390           0 
  104     2    55    79      0         0    3390           0 
  105     2    69    89      0         0    3390           0 
  106     2    32    80      0         0    3390           0 
  107     2    39    96      0         0    3390           0 
  108     2    23    80      0         0    3390           0 
  109     2     4    83      0         0    3390           0 
  110     2    18    58      0         0    3390           0 
  111     2     1    56      0         0    3390           0 
  112     2    13    31      0         0    3390           0 
  113     2    -5    38      0         0    3390           0 
  114     2    26    37      0         0    3390           0 
  115     2    28    13      0         0    3390           0 
  116     2    39    31      0         0    3390           0 
  117     2    48    11      0         0    3390           0 
  118     2    59    17      0         0    3390           0 
  119     2    73    23      0         0    3390           0 
  120     2    74    32      0         0    3390           0 
  121     2    90    44      0         0    3390           0 

ECV fuel tank capacity /117.70/
BSV fuel tank capacity /235.40/
ECV load capacity /700/
BSV load capacity /5/
ECV consumption rate /1/
BSV consumption rate /1/
ECV inverse refueling rate /6.87/
Swapping service time /3.00/
Velocity /1/
