   ID  Type     x     y demand ReadyTime DueDate ServiceTime 
    0     0    40    50      0         0    3390           0 
    1     1    52    75     10       302     479          90 
    2     1    45    70     30       157     428          90 
    3     1    62    69     10      1138    1355          90 
    4     1    60    66     10      1247    1434          90 
    5     1    42    65     10        15     208          90 
    6     1    16    42     20       209     944          90 
    7     1    58    70     20      1059    1246          90 
    8     1    34    60     20      2035    3288          90 
    9     1    28    70     10      2090    3271          90 
   10     1    35    66     10      2311    3283          90 
   11     1    35    69     10      2428    3127          90 
   12     1    25    85     20      1772    2625          90 
   13     1    22    75     30      2135    2834          90 
   14     1    22    85     10      1586    2625          90 
   15     1    20    80     40      1858    2733          90 
   16     1    20    85     40      1512    2515          90 
   17     1    18    75     20      1895    2886          90 
   18     1    15    75     20      1299    2344          90 
   19     1    15    80     10      1461    2372          90 
   20     1    30    50     10        10     963          90 
   21     1    30    56     20      2062    3288          90 
   22     1    28    52     20        12     752          90 
   23     1    14    66     10      1316    2129          90 
   24     1    25    50     10        15     532          90 
   25     1    22    66     40      2177    2990          90 
   26     1     8    62     10      1036    2213          90 
   27     1    23    52     10        17     602          90 
   28     1     4    55     20      1010    2043          90 
   29     1    20    50     10        20     948          90 
   30     1    20    55     10        63     702          90 
   31     1    10    35     20       309    1412          90 
   32     1    10    40     30       336    1009          90 
   33     1     8    40     40       234    1295          90 
   34     1     8    45     20       954    1897          90 
   35     1     5    35     10       377    1534          90 
   36     1     5    45     10       819    1846          90 
   37     1     2    40     20       494    1607          90 
   38     1     0    40     30       637    1648          90 
   39     1     0    45     20       834    1641          90 
   40     1    36    18     10      1468    2329          90 
   41     1    35    32     10      2480    3195          90 
   42     1    33    32     20      2421    3070          90 
   43     1    33    35     10      2368    2937          90 
   44     1    32    20     10      1621    2364          90 
   45     1    30    30     10      1805    2564          90 
   46     1    34    25     30      1782    2395          90 
   47     1    30    35     10      2242    2877          90 
   48     1    36    40     10      2605    3266          90 
   49     1    48    20     10       812    1281          90 
   50     1    26    32     10      1842    2901          90 
   51     1    25    30     10      1883    2676          90 
   52     1    25    35     10      2070    2859          90 
   53     1    44     5     20      1078    1593          90 
   54     1    42    10     40       998    1481          90 
   55     1    42    15     10       897    1392          90 
   56     1    40     5     30      1083    1776          90 
   57     1    38    15     40      1426    2183          90 
   58     1    38     5     30      1133    1910          90 
   59     1    38    10     10      1392    2027          90 
   60     1    35     5     20      1180    2049          90 
   61     1    50    30     10       223     738          90 
   62     1    50    35     20        18     474          90 
   63     1    50    40     50        14     360          90 
   64     1    48    30     10       246     899          90 
   65     1    44    25     10       704    1197          90 
   66     1    47    35     10       393     942          90 
   67     1    47    40     10        12     424          90 
   68     1    42    30     10       641    1070          90 
   69     1    45    35     10       534     985          90 
   70     1    95    30     30      2119    2682          90 
   71     1    95    35     20      2192    2419          90 
   72     1    53    30     10       131     644          90 
   73     1    92    30     10      2169    2818          90 
   74     1    53    35     50        87     498          90 
   75     1    45    65     20        49     346          90 
   76     1    90    35     10      2106    2315          90 
   77     1    72    45     10      2701    3258          90 
   78     1    78    40     20      2599    3164          90 
   79     1    87    30     10      2505    2870          90 
   80     1    85    25     10      2369    2816          90 
   81     1    85    35     30      2563    3002          90 
   82     1    75    55     20      1894    2115          90 
   83     1    72    55     10      1751    2072          90 
   84     1    70    58     20      1617    1824          90 
   85     1    86    46     30      1969    2248          90 
   86     1    66    55     10      1710    1921          90 
   87     1    64    46     20      2976    3275          90 
   88     1    65    60     30      1482    1769          90 
   89     1    56    64     10      1275    1594          90 
   90     1    60    55     10      2789    3279          90 
   91     1    60    60     10      1440    1621          90 
   92     1    67    85     20       646     901          90 
   93     1    42    58     40         8     258          90 
   94     1    65    82     10       708    1027          90 
   95     1    62    80     30       852    1069          90 
   96     1    62    40     10      2713    3275          90 
   97     1    60    85     30       537     816          90 
   98     1    58    75     20       948    1167          90 
   99     1    55    80     10       379     594          90 
  100     1    55    85     20       477     686          90 
  101     2    40    50      0         0    3390           0 
  102     2    73    52      0         0    3390           0 
  103     2    90    55      0         0    3390           0 
  104     2    55    79      0         0    3390           0 
  105     2    69    89      0         0    3390           0 
  106     2    32    80      0         0    3390           0 
  107     2    39    96      0         0    3390           0 
  108     2    23    80      0         0    3390           0 
  109     2     4    83      0         0    3390           0 
  110     2    18    58      0         0    3390           0 
  111     2     1    56      0         0    3390           0 
  112     2    13    31      0         0    3390           0 
  113     2    -5    38      0         0    3390           0 
  114     2    26    37      0         0    3390           0 
  115     2    28    13      0         0    3390           0 
  116     2    39    31      0         0    3390           0 
  117     2    48    11      0         0    3390           0 
  118     2    59    17      0         0    3390           0 
  119     2    73    23      0         0    3390           0 
  120     2    74    32      0         0    3390           0 
  121     2    90    44      0         0    3390           0 

ECV fuel tank capacity /117.66/
BSV fuel tank capacity /235.32/
ECV load capacity /700/
BSV load capacity /5/
ECV consumption rate /1/
BSV consumption rate /1/
ECV inverse refueling rate /6.87/
Swapping service time /3.00/
Velocity /1/
