   ID  Type     x     y demand ReadyTime DueDate ServiceTime 
    0     0    35    35      0         0     230           0 
    1     1    41    49     10        15     204          10 
    2     1    35    17      7        18     202          10 
    3     1    55    45     13        54     187          10 
    4     1    55    20     19       138     169          10 
    5     1    15    30     26        20     199          10 
    6     1    25    30      3        76     131          10 
    7     1    20    50      5        21     170          10 
    8     1    10    43      9        87     112          10 
    9     1    55    60     16        88     115          10 
   10     1    30    60     16       107     150          10 
   11     1    20    65     12        57      86          10 
   12     1    50    35     19        15     192          10 
   13     1    30    25     23       147     180          10 
   14     1    15    10     20        32     187          10 
   15     1    30     5      8        50      81          10 
   16     1    10    20     19        29     139          10 
   17     1     5    30      2       124     189          10 
   18     1    20    40     12        47     136          10 
   19     1    15    60     17        32     146          10 
   20     1    45    65      9        79     182          10 
   21     1    45    20     11        18     195          10 
   22     1    45    10     18        76     127          10 
   23     1    55     5     29        58      87          10 
   24     1    65    35      3        58     190          10 
   25     1    65    20      6       153     186          10 
   26     1    45    30     17        58     208          10 
   27     1    35    40     16         8      75          10 
   28     1    41    37     16         6     136          10 
   29     1    64    42      9        29     150          10 
   30     1    40    60     21        49     102          10 
   31     1    31    52     27        17     198          10 
   32     1    35    69     23        67     186          10 
   33     1    53    52     11        24      92          10 
   34     1    65    55     14        36     183          10 
   35     1    63    65      8       116     178          10 
   36     1     2    60      5        41     112          10 
   37     1    20    20      8        42     198          10 
   38     1     5     5     16        74     101          10 
   39     1    60    12     31        33     110          10 
   40     1    40    25      9        65     114          10 
   41     1    42     7      5        72     131          10 
   42     1    24    12      5        25      91          10 
   43     1    23     3      7        82     185          10 
   44     1    11    14     18        59      88          10 
   45     1     6    38     16        29      99          10 
   46     1     2    48      1        63     180          10 
   47     1     8    56     27        34     176          10 
   48     1    13    52     36        27     192          10 
   49     1     6    68     30        93     132          10 
   50     1    47    47     13        41     203          10 
   51     1    49    58     10        36     149          10 
   52     1    27    43      9        11     195          10 
   53     1    37    31     14        87     112          10 
   54     1    57    29     18        90     197          10 
   55     1    63    23      2       126     155          10 
   56     1    53    12      6       106     163          10 
   57     1    32    12      7        48     163          10 
   58     1    36    26     18       178     210          10 
   59     1    21    24     28        17     202          10 
   60     1    17    34      3        70     201          10 
   61     1    12    24     13        29     132          10 
   62     1    24    58     19        46      79          10 
   63     1    27    69     10        34     172          10 
   64     1    15    77      9        48     107          10 
   65     1    62    77     20        49     113          10 
   66     1    49    73     25       104     159          10 
   67     1    67     5     25        73     102          10 
   68     1    56    39     36       117     176          10 
   69     1    37    47      6        39      70          10 
   70     1    37    56      5       123     198          10 
   71     1    57    68     15        39     148          10 
   72     1    47    16     25        22     197          10 
   73     1    44    17      9        30     135          10 
   74     1    46    13      8       138     169          10 
   75     1    49    11     18        27     192          10 
   76     1    49    42     13        65      90          10 
   77     1    53    43     14       168     199          10 
   78     1    61    52      3        71     130          10 
   79     1    57    48     23        84     109          10 
   80     1    56    37      6       135     198          10 
   81     1    55    54     26        57     140          10 
   82     1    15    47     16        23     196          10 
   83     1    14    37     11        21     198          10 
   84     1    11    31      7        93     118          10 
   85     1    16    22     41        23     177          10 
   86     1     4    18     35        49     148          10 
   87     1    28    18     26        88     107          10 
   88     1    26    52      9        50     107          10 
   89     1    26    35     15        68     211          10 
   90     1    31    67      3        46     153          10 
   91     1    15    19      1        25     194          10 
   92     1    22    22      2        18      53          10 
   93     1    18    24     22       129     199          10 
   94     1    26    27     27        35     174          10 
   95     1    25    24     20        14     205          10 
   96     1    22    27     11        51     204          10 
   97     1    25    21     12        92     183          10 
   98     1    19    21     10        21     198          10 
   99     1    20    26      9        74     101          10 
  100     1    18    18     17       159     195          10 
  101     2    35    35      0         0     230           0 
  102     2    61    37      0         0     230           0 
  103     2    74    39      0         0     230           0 
  104     2    47    57      0         0     230           0 
  105     2    57    65      0         0     230           0 
  106     2    29    59      0         0     230           0 
  107     2    34    71      0         0     230           0 
  108     2    22    58      0         0     230           0 
  109     2     7    61      0         0     230           0 
  110     2    18    41      0         0     230           0 
  111     2     5    39      0         0     230           0 
  112     2    14    20      0         0     230           0 
  113     2     0    26      0         0     230           0 
  114     2    24    25      0         0     230           0 
  115     2    26     6      0         0     230           0 
  116     2    34    20      0         0     230           0 
  117     2    41     5      0         0     230           0 
  118     2    50     9      0         0     230           0 
  119     2    61    14      0         0     230           0 
  120     2    62    21      0         0     230           0 
  121     2    74    30      0         0     230           0 

ECV fuel tank capacity /65.80/
BSV fuel tank capacity /131.60/
ECV load capacity /200/
BSV load capacity /5/
ECV consumption rate /1/
BSV consumption rate /1/
ECV inverse refueling rate /1.38/
Swapping service time /3.00/
Velocity /1/
