   ID  Type     x     y demand ReadyTime DueDate ServiceTime 
    0     0    35    35      0         0    1000           0 
    1     1    41    49     10       636     919          10 
    2     1    35    17      7        74     351          10 
    3     1    55    45     13       498     613          10 
    4     1    55    20     19       470     965          10 
    5     1    15    30     26        20     370          10 
    6     1    25    30      3       266     663          10 
    7     1    20    50      5       292     449          10 
    8     1    10    43      9       288     597          10 
    9     1    55    60     16       254     643          10 
   10     1    30    60     16       496     713          10 
   11     1    20    65     12        33     510          10 
   12     1    50    35     19       170     403          10 
   13     1    30    25     23       426     978          10 
   14     1    15    10     20        32     454          10 
   15     1    30     5      8        30     529          10 
   16     1    10    20     19       222     423          10 
   17     1     5    30      2       409     959          10 
   18     1    20    40     12       349     462          10 
   19     1    15    60     17       215     432          10 
   20     1    45    65      9       538     709          10 
   21     1    45    20     11       156     389          10 
   22     1    45    10     18       280     623          10 
   23     1    55     5     29        36     513          10 
   24     1    65    35      3       633     918          10 
   25     1    65    20      6       400     956          10 
   26     1    45    30     17       548     707          10 
   27     1    35    40     16         5     612          10 
   28     1    41    37     16        44     325          10 
   29     1    64    42      9       129     374          10 
   30     1    40    60     21       115     498          10 
   31     1    31    52     27        91     336          10 
   32     1    35    69     23       602     835          10 
   33     1    53    52     11        24     646          10 
   34     1    65    55     14       487     656          10 
   35     1    63    65      8       439     948          10 
   36     1     2    60      5        41     710          10 
   37     1    20    20      8       563     736          10 
   38     1     5     5     16       147     560          10 
   39     1    60    12     31        33     797          10 
   40     1    40    25      9       243     554          10 
   41     1    42     7      5       225     682          10 
   42     1    24    12      5        25     616          10 
   43     1    23     3      7       578     747          10 
   44     1    11    14     18        72     501          10 
   45     1     6    38     16        29     669          10 
   46     1     2    48      1       458     685          10 
   47     1     8    56     27        34     362          10 
   48     1    13    52     36       694     962          10 
   49     1     6    68     30       444     597          10 
   50     1    47    47     13       499     690          10 
   51     1    49    58     10       296     505          10 
   52     1    27    43      9       111     362          10 
   53     1    37    31     14       301     602          10 
   54     1    57    29     18       595     780          10 
   55     1    63    23      2       442     917          10 
   56     1    53    12      6       426     851          10 
   57     1    32    12      7       366     585          10 
   58     1    36    26     18       458     980          10 
   59     1    21    24     28        17     441          10 
   60     1    17    34      3       651     932          10 
   61     1    12    24     13       246     421          10 
   62     1    24    58     19        25     583          10 
   63     1    27    69     10        34     348          10 
   64     1    15    77      9        46     523          10 
   65     1    62    77     20        49     608          10 
   66     1    49    73     25       440     845          10 
   67     1    67     5     25       132     563          10 
   68     1    56    39     36       464     925          10 
   69     1    37    47      6        12     535          10 
   70     1    37    56      5       249     968          10 
   71     1    57    68     15       218     417          10 
   72     1    47    16     25        22     377          10 
   73     1    44    17      9       263     444          10 
   74     1    46    13      8       479     965          10 
   75     1    49    11     18       182     399          10 
   76     1    49    42     13       166     497          10 
   77     1    53    43     14       430     970          10 
   78     1    61    52      3       212     671          10 
   79     1    57    48     23       273     580          10 
   80     1    56    37      6       452     968          10 
   81     1    55    54     26       388     479          10 
   82     1    15    47     16        99     352          10 
   83     1    14    37     11        21     328          10 
   84     1    11    31      7       323     624          10 
   85     1    16    22     41       333     504          10 
   86     1     4    18     35       350     503          10 
   87     1    28    18     26       380     487          10 
   88     1    26    52      9       114     553          10 
   89     1    26    35     15       649     981          10 
   90     1    31    67      3       345     534          10 
   91     1    15    19      1       675     930          10 
   92     1    22    22      2        18     673          10 
   93     1    18    24     22       339     969          10 
   94     1    26    27     27       403     536          10 
   95     1    25    24     20        22     301          10 
   96     1    22    27     11       565     732          10 
   97     1    25    21     12       582     703          10 
   98     1    19    21     10       122     367          10 
   99     1    20    26      9       185     580          10 
  100     1    18    18     17       297     965          10 
  101     2    35    35      0         0    1000           0 
  102     2    61    37      0         0    1000           0 
  103     2    74    39      0         0    1000           0 
  104     2    47    57      0         0    1000           0 
  105     2    57    65      0         0    1000           0 
  106     2    29    59      0         0    1000           0 
  107     2    34    71      0         0    1000           0 
  108     2    22    58      0         0    1000           0 
  109     2     7    61      0         0    1000           0 
  110     2    18    41      0         0    1000           0 
  111     2     5    39      0         0    1000           0 
  112     2    14    20      0         0    1000           0 
  113     2     0    26      0         0    1000           0 
  114     2    24    25      0         0    1000           0 
  115     2    26     6      0         0    1000           0 
  116     2    34    20      0         0    1000           0 
  117     2    41     5      0         0    1000           0 
  118     2    50     9      0         0    1000           0 
  119     2    61    14      0         0    1000           0 
  120     2    62    21      0         0    1000           0 
  121     2    74    30      0         0    1000           0 

ECV fuel tank capacity /181.83/
BSV fuel tank capacity /363.66/
ECV load capacity /1000/
BSV load capacity /5/
ECV consumption rate /1/
BSV consumption rate /1/
ECV inverse refueling rate /0.48/
Swapping service time /3.00/
Velocity /1/
