   ID  Type     x     y demand ReadyTime DueDate ServiceTime 
    0     0    35    35      0         0    1000           0 
    1     1    41    49     10       190     974          10 
    2     1    35    17      7        18     792          10 
    3     1    55    45     13       289     822          10 
    4     1    55    20     19       679     800          10 
    5     1    15    30     26        20     906          10 
    6     1    25    30      3       355     574          10 
    7     1    20    50      5        72     669          10 
    8     1    10    43      9       393     492          10 
    9     1    55    60     16       394     503          10 
   10     1    30    60     16       517     692          10 
   11     1    20    65     12       206     325          10 
   12     1    50    35     19        15     725          10 
   13     1    30    25     23       694     823          10 
   14     1    15    10     20        32     694          10 
   15     1    30     5      8       176     299          10 
   16     1    10    20     19       102     543          10 
   17     1     5    30      2       673     930          10 
   18     1    20    40     12       229     582          10 
   19     1    15    60     17        95     552          10 
   20     1    45    65      9       418     829          10 
   21     1    45    20     11        18     727          10 
   22     1    45    10     18       349     554          10 
   23     1    55     5     29       206     325          10 
   24     1    65    35      3       435     960          10 
   25     1    65    20      6       826     956          10 
   26     1    45    30     17       328     927          10 
   27     1    35    40     16        44     315          10 
   28     1    41    37     16         6     526          10 
   29     1    64    42      9        29     513          10 
   30     1    40    60     21       199     414          10 
   31     1    31    52     27        17     744          10 
   32     1    35    69     23       482     955          10 
   33     1    53    52     11        24     299          10 
   34     1    65    55     14       265     878          10 
   35     1    63    65      8       626     873          10 
   36     1     2    60      5        41     328          10 
   37     1    20    20      8       339     960          10 
   38     1     5     5     16       298     409          10 
   39     1    60    12     31        33     344          10 
   40     1    40    25      9       300     497          10 
   41     1    42     7      5       336     571          10 
   42     1    24    12      5        25     292          10 
   43     1    23     3      7       458     867          10 
   44     1    11    14     18       230     343          10 
   45     1     6    38     16        29     309          10 
   46     1     2    48      1       338     805          10 
   47     1     8    56     27        34     602          10 
   48     1    13    52     36       200     962          10 
   49     1     6    68     30       441     600          10 
   50     1    47    47     13       272     917          10 
   51     1    49    58     10       176     625          10 
   52     1    27    43      9        11     748          10 
   53     1    37    31     14       403     500          10 
   54     1    57    29     18       475     900          10 
   55     1    63    23      2       620     739          10 
   56     1    53    12      6       525     752          10 
   57     1    32    12      7       246     705          10 
   58     1    36    26     18       854     980          10 
   59     1    21    24     28        17     972          10 
   60     1    17    34      3       449     971          10 
   61     1    12    24     13       126     541          10 
   62     1    24    58     19       168     297          10 
   63     1    27    69     10        34     588          10 
   64     1    15    77      9       154     393          10 
   65     1    62    77     20        49     308          10 
   66     1    49    73     25       532     753          10 
   67     1    67     5     25       291     404          10 
   68     1    56    39     36       577     812          10 
   69     1    37    47      6       165     290          10 
   70     1    37    56      5       668     968          10 
   71     1    57    68     15        98     537          10 
   72     1    47    16     25        22     915          10 
   73     1    44    17      9       143     564          10 
   74     1    46    13      8       681     802          10 
   75     1    49    11     18        27     711          10 
   76     1    49    42     13       281     382          10 
   77     1    53    43     14       821     948          10 
   78     1    61    52      3       324     559          10 
   79     1    57    48     23       377     476          10 
   80     1    56    37      6       719     968          10 
   81     1    55    54     26       268     599          10 
   82     1    15    47     16        23     761          10 
   83     1    14    37     11        21     842          10 
   84     1    11    31      7       425     522          10 
   85     1    16    22     41       110     727          10 
   86     1     4    18     35       230     623          10 
   87     1    28    18     26       397     470          10 
   88     1    26    52      9       219     448          10 
   89     1    26    35     15       409     981          10 
   90     1    31    67      3       225     654          10 
   91     1    15    19      1       222     964          10 
   92     1    22    22      2        18     159          10 
   93     1    18    24     22       691     969          10 
   94     1    26    27     27       190     749          10 
   95     1    25    24     20        14     793          10 
   96     1    22    27     11       344     953          10 
   97     1    25    21     12       462     823          10 
   98     1    19    21     10        21     748          10 
   99     1    20    26      9       328     437          10 
  100     1    18    18     17       821     965          10 
  101     2    35    35      0         0    1000           0 
  102     2    61    37      0         0    1000           0 
  103     2    74    39      0         0    1000           0 
  104     2    47    57      0         0    1000           0 
  105     2    57    65      0         0    1000           0 
  106     2    29    59      0         0    1000           0 
  107     2    34    71      0         0    1000           0 
  108     2    22    58      0         0    1000           0 
  109     2     7    61      0         0    1000           0 
  110     2    18    41      0         0    1000           0 
  111     2     5    39      0         0    1000           0 
  112     2    14    20      0         0    1000           0 
  113     2     0    26      0         0    1000           0 
  114     2    24    25      0         0    1000           0 
  115     2    26     6      0         0    1000           0 
  116     2    34    20      0         0    1000           0 
  117     2    41     5      0         0    1000           0 
  118     2    50     9      0         0    1000           0 
  119     2    61    14      0         0    1000           0 
  120     2    62    21      0         0    1000           0 
  121     2    74    30      0         0    1000           0 

ECV fuel tank capacity /187.87/
BSV fuel tank capacity /375.74/
ECV load capacity /1000/
BSV load capacity /5/
ECV consumption rate /1/
BSV consumption rate /1/
ECV inverse refueling rate /0.48/
Swapping service time /3.00/
Velocity /1/
