   ID  Type     x     y demand ReadyTime DueDate ServiceTime 
    0     0    40    50      0         0     240           0 
    1     1    25    85     20       145     175          10 
    2     1    22    75     30        50      80          10 
    3     1    22    85     10       109     139          10 
    4     1    20    80     40       141     171          10 
    5     1    20    85     20        41      71          10 
    6     1    18    75     20        95     125          10 
    7     1    15    75     20        79     109          10 
    8     1    15    80     10        91     121          10 
    9     1    10    35     20        91     121          10 
   10     1    10    40     30       119     149          10 
   11     1     8    40     40        59      89          10 
   12     1     8    45     20        64      94          10 
   13     1     5    35     10       142     172          10 
   14     1     5    45     10        35      65          10 
   15     1     2    40     20        58      88          10 
   16     1     0    40     20        72     102          10 
   17     1     0    45     20       149     179          10 
   18     1    44     5     20        87     117          10 
   19     1    42    10     40        72     102          10 
   20     1    42    15     10       122     152          10 
   21     1    40     5     10        67      97          10 
   22     1    40    15     40        92     122          10 
   23     1    38     5     30        65      95          10 
   24     1    38    15     10       148     178          10 
   25     1    35     5     20       154     184          10 
   26     1    95    30     30       115     145          10 
   27     1    95    35     20        62      92          10 
   28     1    92    30     10        62      92          10 
   29     1    90    35     10        67      97          10 
   30     1    88    30     10        74     104          10 
   31     1    88    35     20        61      91          10 
   32     1    87    30     10       131     161          10 
   33     1    85    25     10        51      81          10 
   34     1    85    35     30       111     141          10 
   35     1    67    85     20       139     169          10 
   36     1    65    85     40        43      73          10 
   37     1    65    82     10       124     154          10 
   38     1    62    80     30        75     105          10 
   39     1    60    80     10        37      67          10 
   40     1    60    85     30        85     115          10 
   41     1    58    75     20        92     122          10 
   42     1    55    80     10        33      63          10 
   43     1    55    85     20       128     158          10 
   44     1    55    82     10        64      94          10 
   45     1    20    82     10        37      67          10 
   46     1    18    80     10       113     143          10 
   47     1     2    45     10        45      75          10 
   48     1    42     5     10       151     181          10 
   49     1    42    12     10       104     134          10 
   50     1    72    35     30       116     146          10 
   51     1    55    20     19        83     113          10 
   52     1    25    30      3        52      82          10 
   53     1    20    50      5        91     121          10 
   54     1    55    60     16       139     169          10 
   55     1    30    60     16       140     170          10 
   56     1    50    35     19       130     160          10 
   57     1    30    25     23        96     126          10 
   58     1    15    10     20       152     182          10 
   59     1    10    20     19        42      72          10 
   60     1    15    60     17       155     185          10 
   61     1    45    65      9        66      96          10 
   62     1    65    35      3        52      82          10 
   63     1    65    20      6        39      69          10 
   64     1    45    30     17        53      83          10 
   65     1    35    40     16        11      41          10 
   66     1    41    37     16       133     163          10 
   67     1    64    42      9        70     100          10 
   68     1    40    60     21       144     174          10 
   69     1    31    52     27        41      71          10 
   70     1    35    69     23       180     210          10 
   71     1    65    55     14        65      95          10 
   72     1    63    65      8        30      60          10 
   73     1     2    60      5        77     107          10 
   74     1    20    20      8       141     171          10 
   75     1     6    56     16        74     104          10 
   76     1    60    12     31        75     105          10 
   77     1    23     3      7       150     180          10 
   78     1     8    56     27        90     120          10 
   79     1     6    68     30        89     119          10 
   80     1    47    47     13       192     222          10 
   81     1    49    58     10        86     116          10 
   82     1    27    43      9        42      72          10 
   83     1    37    31     14        35      65          10 
   84     1    57    29     18        96     126          10 
   85     1    63    23      2        87     117          10 
   86     1    21    24     28        87     117          10 
   87     1    12    24     13        90     120          10 
   88     1    24    58     19        67      97          10 
   89     1    67     5     25       144     174          10 
   90     1    37    47      6        86     116          10 
   91     1    49    42     13       167     197          10 
   92     1    53    43     14        14      44          10 
   93     1    61    52      3       178     208          10 
   94     1    57    48     23        95     125          10 
   95     1    56    37      6        34      64          10 
   96     1    55    54     26       132     162          10 
   97     1     4    18     35       120     150          10 
   98     1    26    52      9        46      76          10 
   99     1    26    35     15        77     107          10 
  100     1    31    67      3       180     210          10 
  101     2    40    50      0         0     240           0 
  102     2    73    52      0         0     240           0 
  103     2    90    55      0         0     240           0 
  104     2    55    79      0         0     240           0 
  105     2    69    89      0         0     240           0 
  106     2    32    80      0         0     240           0 
  107     2    39    96      0         0     240           0 
  108     2    23    80      0         0     240           0 
  109     2     4    83      0         0     240           0 
  110     2    18    58      0         0     240           0 
  111     2     1    56      0         0     240           0 
  112     2    13    31      0         0     240           0 
  113     2    -5    38      0         0     240           0 
  114     2    26    37      0         0     240           0 
  115     2    28    13      0         0     240           0 
  116     2    39    31      0         0     240           0 
  117     2    48    11      0         0     240           0 
  118     2    59    17      0         0     240           0 
  119     2    73    23      0         0     240           0 
  120     2    74    32      0         0     240           0 
  121     2    90    44      0         0     240           0 

ECV fuel tank capacity /79.69/
BSV fuel tank capacity /159.38/
ECV load capacity /200/
BSV load capacity /5/
ECV consumption rate /1/
BSV consumption rate /1/
ECV inverse refueling rate /1.14/
Swapping service time /3.00/
Velocity /1/
