   ID  Type     x     y demand ReadyTime DueDate ServiceTime 
    0     0    40    50      0         0     960           0 
    1     1    25    85     20       388     911          10 
    2     1    22    75     30        30     546          10 
    3     1    22    85     10       353     708          10 
    4     1    20    80     40       425     913          10 
    5     1    20    85     20        40     630          10 
    6     1    18    75     20       228     667          10 
    7     1    15    75     20       161     558          10 
    8     1    15    80     10       229     624          10 
    9     1    10    35     20       213     648          10 
   10     1    10    40     30       404     753          10 
   11     1     8    40     40        33     511          10 
   12     1     8    45     20        46     519          10 
   13     1     5    35     10       395     911          10 
   14     1     5    45     10        35     697          10 
   15     1     2    40     20        39     528          10 
   16     1     0    40     20        94     535          10 
   17     1     0    45     20       394     909          10 
   18     1    44     5     20       218     571          10 
   19     1    42    10     40        85     542          10 
   20     1    42    15     10       391     802          10 
   21     1    40     5     10        45     517          10 
   22     1    40    15     40       229     640          10 
   23     1    38     5     30        45     523          10 
   24     1    38    15     10       389     914          10 
   25     1    35     5     20       386     904          10 
   26     1    95    30     30       389     788          10 
   27     1    95    35     20        57     600          10 
   28     1    92    30     10        55     575          10 
   29     1    90    35     10        52     536          10 
   30     1    88    30     10        90     521          10 
   31     1    88    35     20        50     534          10 
   32     1    87    30     10       425     898          10 
   33     1    85    25     10        51     602          10 
   34     1    85    35     30       342     751          10 
   35     1    67    85     20       410     905          10 
   36     1    65    85     40        43     617          10 
   37     1    65    82     10       410     823          10 
   38     1    62    80     30       114     561          10 
   39     1    60    80     10        36     658          10 
   40     1    60    85     30       191     586          10 
   41     1    58    75     20       201     670          10 
   42     1    55    80     10        33     568          10 
   43     1    55    85     20       429     838          10 
   44     1    55    82     10        49     504          10 
   45     1    20    82     10        37     597          10 
   46     1    18    80     10       315     782          10 
   47     1     2    45     10        38     606          10 
   48     1    42     5     10       396     904          10 
   49     1    42    12     10       341     658          10 
   50     1    72    35     30       351     782          10 
   51     1    55    20     19       161     610          10 
   52     1    25    30      3        25     516          10 
   53     1    20    50      5       239     630          10 
   54     1    55    60     16       448     873          10 
   55     1    30    60     16       420     897          10 
   56     1    50    35     19       390     843          10 
   57     1    30    25     23       227     686          10 
   58     1    15    10     20       401     902          10 
   59     1    10    20     19        42     706          10 
   60     1    15    60     17       401     923          10 
   61     1    45    65      9       110     525          10 
   62     1    65    35      3        29     548          10 
   63     1    65    20      6        39     593          10 
   64     1    45    30     17        20     498          10 
   65     1    35    40     16        11     530          10 
   66     1    41    37     16       404     847          10 
   67     1    64    42      9       100     555          10 
   68     1    40    60     21       436     907          10 
   69     1    31    52     27         9     510          10 
   70     1    35    69     23       330     930          10 
   71     1    65    55     14        81     520          10 
   72     1    63    65      8        27     622          10 
   73     1     2    60      5       135     556          10 
   74     1    20    20      8       430     913          10 
   75     1     5     5     16        63     520          10 
   76     1    60    12     31       125     530          10 
   77     1    23     3      7       390     900          10 
   78     1     8    56     27       190     659          10 
   79     1     6    68     30       215     608          10 
   80     1    47    47     13       444     942          10 
   81     1    49    58     10       249     580          10 
   82     1    27    43      9        14     506          10 
   83     1    37    31     14        19     566          10 
   84     1    57    29     18       259     650          10 
   85     1    63    23      2       198     609          10 
   86     1    21    24     28       212     605          10 
   87     1    12    24     13       272     565          10 
   88     1    24    58     19        90     549          10 
   89     1    67     5     25       325     897          10 
   90     1    37    47      6       204     633          10 
   91     1    49    42     13       442     937          10 
   92     1    53    43     14        14     581          10 
   93     1    61    52      3       373     928          10 
   94     1    57    48     23       265     638          10 
   95     1    56    37      6        20     539          10 
   96     1    55    54     26       418     825          10 
   97     1     4    18     35       426     787          10 
   98     1    26    52      9        14     499          10 
   99     1    26    35     15       149     586          10 
  100     1    31    67      3       356     930          10 
  101     2    40    50      0         0     960           0 
  102     2    73    52      0         0     960           0 
  103     2    90    55      0         0     960           0 
  104     2    55    79      0         0     960           0 
  105     2    69    89      0         0     960           0 
  106     2    32    80      0         0     960           0 
  107     2    39    96      0         0     960           0 
  108     2    23    80      0         0     960           0 
  109     2     4    83      0         0     960           0 
  110     2    18    58      0         0     960           0 
  111     2     1    56      0         0     960           0 
  112     2    13    31      0         0     960           0 
  113     2    -5    38      0         0     960           0 
  114     2    26    37      0         0     960           0 
  115     2    28    13      0         0     960           0 
  116     2    39    31      0         0     960           0 
  117     2    48    11      0         0     960           0 
  118     2    59    17      0         0     960           0 
  119     2    73    23      0         0     960           0 
  120     2    74    32      0         0     960           0 
  121     2    90    44      0         0     960           0 

ECV fuel tank capacity /165.63/
BSV fuel tank capacity /331.26/
ECV load capacity /1000/
BSV load capacity /5/
ECV consumption rate /1/
BSV consumption rate /1/
ECV inverse refueling rate /0.54/
Swapping service time /3.00/
Velocity /1/
