   ID  Type     x     y demand ReadyTime DueDate ServiceTime 
    0     0    40    50      0         0     960           0 
    1     1    25    85     20       591     874          10 
    2     1    22    75     30        73     350          10 
    3     1    22    85     10       473     588          10 
    4     1    20    80     40       418     913          10 
    5     1    20    85     20        40     390          10 
    6     1    18    75     20       249     646          10 
    7     1    15    75     20       281     438          10 
    8     1    15    80     10       272     581          10 
    9     1    10    35     20       236     625          10 
   10     1    10    40     30       470     687          10 
   11     1     8    40     40        33     510          10 
   12     1     8    45     20       166     399          10 
   13     1     5    35     10       359     911          10 
   14     1     5    45     10        35     457          10 
   15     1     2    40     20        39     538          10 
   16     1     0    40     20       214     415          10 
   17     1     0    45     20       359     909          10 
   18     1    44     5     20       338     451          10 
   19     1    42    10     40       205     422          10 
   20     1    42    15     10       511     682          10 
   21     1    40     5     10       158     391          10 
   22     1    40    15     40       263     606          10 
   23     1    38     5     30        45     522          10 
   24     1    38    15     10       598     883          10 
   25     1    35     5     20       348     904          10 
   26     1    95    30     30       509     668          10 
   27     1    95    35     20        57     664          10 
   28     1    92    30     10        68     349          10 
   29     1    90    35     10       131     376          10 
   30     1    88    30     10       114     497          10 
   31     1    88    35     20       102     347          10 
   32     1    87    30     10       564     797          10 
   33     1    85    25     10        51     673          10 
   34     1    85    35     30       462     631          10 
   35     1    67    85     20       396     905          10 
   36     1    65    85     40        43     712          10 
   37     1    65    82     10       530     703          10 
   38     1    62    80     30       131     544          10 
   39     1    60    80     10        36     800          10 
   40     1    60    85     30       233     544          10 
   41     1    58    75     20       207     664          10 
   42     1    55    80     10        33     624          10 
   43     1    55    85     20       549     718          10 
   44     1    55    82     10        62     491          10 
   45     1    20    82     10        37     677          10 
   46     1    18    80     10       435     662          10 
   47     1     2    45     10        38     366          10 
   48     1    42     5     10       636     904          10 
   49     1    42    12     10       423     576          10 
   50     1    72    35     30       471     662          10 
   51     1    55    20     19       281     490          10 
   52     1    25    30      3       109     360          10 
   53     1    20    50      5       284     585          10 
   54     1    55    60     16       568     753          10 
   55     1    30    60     16       421     896          10 
   56     1    50    35     19       404     829          10 
   57     1    30    25     23       347     566          10 
   58     1    15    10     20       380     902          10 
   59     1    10    20     19        42     466          10 
   60     1    15    60     17       613     894          10 
   61     1    45    65      9       230     405          10 
   62     1    65    35      3        29     587          10 
   63     1    65    20      6        39     353          10 
   64     1    45    30     17        20     497          10 
   65     1    35    40     16        11     570          10 
   66     1    41    37     16       423     828          10 
   67     1    64    42      9       112     543          10 
   68     1    40    60     21       441     902          10 
   69     1    31    52     27         9     532          10 
   70     1    35    69     23       211     930          10 
   71     1    65    55     14       201     400          10 
   72     1    63    65      8        27     382          10 
   73     1     2    60      5       255     436          10 
   74     1    20    20      8       427     913          10 
   75     1     5     5     16       183     400          10 
   76     1    60    12     31       162     493          10 
   77     1    23     3      7       360     900          10 
   78     1     8    56     27       195     654          10 
   79     1     6    68     30       258     565          10 
   80     1    47    47     13       426     942          10 
   81     1    49    58     10       369     460          10 
   82     1    27    43      9        85     338          10 
   83     1    37    31     14        19     326          10 
   84     1    57    29     18       304     605          10 
   85     1    63    23      2       318     489          10 
   86     1    21    24     28       332     485          10 
   87     1    12    24     13       365     472          10 
   88     1    24    58     19       100     539          10 
   89     1    67     5     25       565     897          10 
   90     1    37    47      6       324     513          10 
   91     1    49    42     13       651     906          10 
   92     1    53    43     14        14     669          10 
   93     1    61    52      3       298     928          10 
   94     1    57    48     23       385     518          10 
   95     1    56    37      6        20     299          10 
   96     1    55    54     26       538     705          10 
   97     1     4    18     35       546     667          10 
   98     1    26    52      9       109     354          10 
   99     1    26    35     15       170     565          10 
  100     1    31    67      3       262     930          10 
  101     2    40    50      0         0     960           0 
  102     2    73    52      0         0     960           0 
  103     2    90    55      0         0     960           0 
  104     2    55    79      0         0     960           0 
  105     2    69    89      0         0     960           0 
  106     2    32    80      0         0     960           0 
  107     2    39    96      0         0     960           0 
  108     2    23    80      0         0     960           0 
  109     2     4    83      0         0     960           0 
  110     2    18    58      0         0     960           0 
  111     2     1    56      0         0     960           0 
  112     2    13    31      0         0     960           0 
  113     2    -5    38      0         0     960           0 
  114     2    26    37      0         0     960           0 
  115     2    28    13      0         0     960           0 
  116     2    39    31      0         0     960           0 
  117     2    48    11      0         0     960           0 
  118     2    59    17      0         0     960           0 
  119     2    73    23      0         0     960           0 
  120     2    74    32      0         0     960           0 
  121     2    90    44      0         0     960           0 

ECV fuel tank capacity /212.23/
BSV fuel tank capacity /424.46/
ECV load capacity /1000/
BSV load capacity /5/
ECV consumption rate /1/
BSV consumption rate /1/
ECV inverse refueling rate /0.42/
Swapping service time /3.00/
Velocity /1/
