   ID  Type     x     y demand ReadyTime DueDate ServiceTime 
    0     0    40    50      0         0     960           0 
    1     1    25    85     20       613     853          10 
    2     1    22    75     30        92     332          10 
    3     1    22    85     10       411     651          10 
    4     1    20    80     40       584     824          10 
    5     1    20    85     20        40     280          10 
    6     1    18    75     20       328     568          10 
    7     1    15    75     20       240     480          10 
    8     1    15    80     10       307     547          10 
    9     1    10    35     20       311     551          10 
   10     1    10    40     30       459     699          10 
   11     1     8    40     40       135     375          10 
   12     1     8    45     20       163     403          10 
   13     1     5    35     10       593     833          10 
   14     1     5    45     10        35     275          10 
   15     1     2    40     20       114     354          10 
   16     1     0    40     20       195     435          10 
   17     1     0    45     20       643     883          10 
   18     1    44     5     20       275     515          10 
   19     1    42    10     40       194     434          10 
   20     1    42    15     10       477     717          10 
   21     1    40     5     10       155     395          10 
   22     1    40    15     40       315     555          10 
   23     1    38     5     30       141     381          10 
   24     1    38    15     10       621     861          10 
   25     1    35     5     20       664     904          10 
   26     1    95    30     30       469     709          10 
   27     1    95    35     20        86     326          10 
   28     1    92    30     10        89     329          10 
   29     1    90    35     10       134     374          10 
   30     1    88    30     10       186     426          10 
   31     1    88    35     20       105     345          10 
   32     1    87    30     10       561     801          10 
   33     1    85    25     10        51     291          10 
   34     1    85    35     30       427     667          10 
   35     1    67    85     20       597     837          10 
   36     1    65    85     40        43     283          10 
   37     1    65    82     10       497     737          10 
   38     1    62    80     30       218     458          10 
   39     1    60    80     10        36     276          10 
   40     1    60    85     30       269     509          10 
   41     1    58    75     20       316     556          10 
   42     1    55    80     10        33     273          10 
   43     1    55    85     20       514     754          10 
   44     1    55    82     10       157     397          10 
   45     1    20    82     10        37     277          10 
   46     1    18    80     10       429     669          10 
   47     1     2    45     10        45     285          10 
   48     1    42     5     10       664     904          10 
   49     1    42    12     10       380     620          10 
   50     1    72    35     30       447     687          10 
   51     1    55    20     19       266     506          10 
   52     1    25    30      3       115     355          10 
   53     1    20    50      5       315     555          10 
   54     1    55    60     16       541     781          10 
   55     1    30    60     16       539     779          10 
   56     1    50    35     19       497     737          10 
   57     1    30    25     23       337     577          10 
   58     1    15    10     20       662     902          10 
   59     1    10    20     19        42     282          10 
   60     1    15    60     17       634     874          10 
   61     1    45    65      9       198     438          10 
   62     1    65    35      3       107     347          10 
   63     1    65    20      6        39     279          10 
   64     1    45    30     17       131     371          10 
   65     1    35    40     16        11     251          10 
   66     1    41    37     16       506     746          10 
   67     1    64    42      9       208     448          10 
   68     1    40    60     21       552     792          10 
   69     1    31    52     27        97     337          10 
   70     1    35    69     23       690     930          10 
   71     1    65    55     14       181     421          10 
   72     1    63    65      8        27     267          10 
   73     1     2    60      5       226     466          10 
   74     1    20    20      8       585     825          10 
   75     1     5     5     16       172     412          10 
   76     1    60    12     31       208     448          10 
   77     1    23     3      7       660     900          10 
   78     1     8    56     27       305     545          10 
   79     1     6    68     30       292     532          10 
   80     1    47    47     13       702     942          10 
   81     1    49    58     10       295     535          10 
   82     1    27    43      9        92     332          10 
   83     1    37    31     14        45     285          10 
   84     1    57    29     18       335     575          10 
   85     1    63    23      2       284     524          10 
   86     1    21    24     28       289     529          10 
   87     1    12    24     13       299     539          10 
   88     1    24    58     19       200     440          10 
   89     1    67     5     25       653     893          10 
   90     1    37    47      6       299     539          10 
   91     1    49    42     13       659     899          10 
   92     1    53    43     14        14     254          10 
   93     1    61    52      3       688     928          10 
   94     1    57    48     23       332     572          10 
   95     1    56    37      6        40     280          10 
   96     1    55    54     26       502     742          10 
   97     1     4    18     35       487     727          10 
   98     1    26    52      9       112     352          10 
   99     1    26    35     15       248     488          10 
  100     1    31    67      3       690     930          10 
  101     2    40    50      0         0     960           0 
  102     2    73    52      0         0     960           0 
  103     2    90    55      0         0     960           0 
  104     2    55    79      0         0     960           0 
  105     2    69    89      0         0     960           0 
  106     2    32    80      0         0     960           0 
  107     2    39    96      0         0     960           0 
  108     2    23    80      0         0     960           0 
  109     2     4    83      0         0     960           0 
  110     2    18    58      0         0     960           0 
  111     2     1    56      0         0     960           0 
  112     2    13    31      0         0     960           0 
  113     2    -5    38      0         0     960           0 
  114     2    26    37      0         0     960           0 
  115     2    28    13      0         0     960           0 
  116     2    39    31      0         0     960           0 
  117     2    48    11      0         0     960           0 
  118     2    59    17      0         0     960           0 
  119     2    73    23      0         0     960           0 
  120     2    74    32      0         0     960           0 
  121     2    90    44      0         0     960           0 

ECV fuel tank capacity /229.26/
BSV fuel tank capacity /458.52/
ECV load capacity /1000/
BSV load capacity /5/
ECV consumption rate /1/
BSV consumption rate /1/
ECV inverse refueling rate /0.39/
Swapping service time /3.00/
Velocity /1/
