20

6350	3650

20	90

0	55410	67230	74590	49970	67840	73840	67330	81050	50470	54560	53070	22690	36350	55030	55400	97560	92960	81410	73630	62040	
55240	0	87430	82980	70450	66770	49670	74790	46420	67300	7350	97170	67910	21890	31820	41421	48900	146790	78620	45330	8610	
66840	87410	0	22090	17250	33230	66070	22510	86160	21200	89160	36460	50210	85920	63460	113930	115580	106902	37600	71810	91111	
75370	82460	21960	0	26390	17810	50650	9120	70740	25660	86481	57710	60540	86241	53200	116040	102110	128152	16490	56390	85160	
50040	70610	17650	26480	0	29450	54580	21720	73370	6030	71950	37020	34600	69120	48800	95250	100090	108460	38150	60320	74751	
68850	66800	33350	17690	29460	0	33340	11470	53430	26680	72050	65260	58050	71810	36410	103180	84800	136700	13790	39080	68080	
73990	49700	66070	50530	54840	33340	0	44310	33790	50100	55350	87310	74310	58340	19310	88820	65870	157180	41410	18210	50980	
68070	74460	22460	9160	21720	11460	44300	0	64390	18940	78660	55940	53870	78420	45200	108000	95760	127380	18120	50040	77160	
81290	46100	86140	70600	73220	53410	33790	64380	0	69500	52330	104970	86680	57430	26160	85941	37840	173210	58820	17020	45960	
51340	67520	21380	25650	6090	26630	49990	18900	69480	0	68860	42520	35910	66190	44910	92320	96200	113960	35330	55730	71081	
54180	7350	89360	86950	71970	72150	55200	78760	52390	68820	0	98690	67680	19120	37350	35310	55520	142950	84150	50860	15680	
53000	97410	36700	58010	36860	64810	87520	55470	105050	42190	98750	0	42300	87990	80480	105850	129860	75850	70890	93260	103760	
22750	67960	50530	60450	34380	57580	74070	53700	86600	35680	67600	42370	0	50270	60780	72170	107650	93360	70130	78230	74590	
36360	21840	85890	86710	68710	71910	58230	78520	57470	65760	19110	87690	49860	0	39290	32270	69480	126670	85660	55940	29190	
55490	31790	63640	53660	48950	36510	19410	45470	26020	45230	37440	80700	61280	39610	0	70910	52800	146770	48360	18600	33070	
55370	41820	114440	116510	95460	103270	88730	108760	85920	92510	35530	105820	71900	32340	70800	0	85660	131110	117540	84390	50150	
98330	48910	116900	102410	101250	85220	65940	96190	37820	97530	55450	130870	108370	68660	53890	85120	0	190770	94730	52080	42200	
92900	146590	107240	128550	108790	136740	157640	127400	173010	114120	143030	75900	93400	126560	146130	131110	190110	0	142820	163380	153220	
82440	78540	37370	16310	37810	13820	42150	18060	59550	35080	84190	71460	70010	85630	48150	117550	95290	142900	0	50820	79820	
73980	45390	71790	56250	60560	39060	18310	50030	16990	55820	51040	93030	78220	55860	18710	84510	52020	162900	50150	0	46190	
61840	8630	91091	85180	74681	67990	50890	77070	46130	70961	15710	103290	74510	29180	33040	49781	42300	153390	79840	46180	0	

0	                                      Barnoldswick	0	0	32400	0

1	                                      Westhoughton	218	12490	27090	436
2	                                        Castleford	250	11866	24115	500
3	                                          Cudworth	714	9081	20318	1428
4	                                            Morley	586	19207	23414	1172
5	                                         Penistone	105	9825	17274	210
6	                                           Glossop	688	4820	16175	1376
7	                                            Darton	527	2887	16267	1054
8	                                        Bollington	332	18537	25156	664
9	                                            Batley	808	8137	19088	1616
10	                                           Horwich	693	7862	21935	1386
11	                                     Knaresborough	730	11281	20623	1460
12	                                           Silsden	603	15627	19742	1206
13	                                            Darwen	288	11751	16092	576
14	                                 Ashton-under-Lyne	379	3655	5696	758
15	                                           Kirkham	825	4924	18418	1650
16	                                          Winsford	187	5552	13004	374
17	                                    Barnard_Castle	612	8247	21889	1224
18	                                        Chapletown	195	3829	9513	390
19	                                         New_Mills	703	13909	27515	1406
20	                                             Leigh	505	15886	25993	1010
