20

6350	3650

20	90

0	9780	76340	93190	40770	89950	48890	69740	87340	52830	87600	95860	85150	53010	53480	43070	77490	52300	90710	51070	33170	
10030	0	70670	91060	31500	90130	43220	69920	87520	56860	84420	97060	81190	58350	47800	47100	69690	56330	85040	55100	37200	
76910	71100	0	131750	71250	151561	27750	136191	148571	128390	117640	163331	115870	129910	23640	118630	20440	127890	14800	126630	107980	
93000	91020	132480	0	64470	57201	111120	62770	49291	76550	16520	76171	16260	99390	114640	90630	120280	89600	146780	77790	93900	
40930	31550	71450	64210	0	81121	46720	65751	78131	65710	54060	92891	50830	78960	50240	68360	63490	74580	85820	64280	63810	
89580	90030	151451	57351	81370	0	127061	21420	8660	43100	70541	20290	69170	68050	130581	61300	143491	55790	165821	45840	72890	
49490	43680	27780	110810	46680	126991	0	109860	124001	99860	98260	137000	96490	101740	4910	90460	31920	99730	42150	98430	80560	
69790	70240	136223	63071	66142	21380	110330	0	23030	22070	66440	27740	64240	47020	113850	40270	128263	34760	150593	24810	51860	
86930	87380	148471	49431	78390	8680	124081	23070	0	44750	62621	27650	61250	69700	127601	62950	140511	57440	162841	47490	74540	
52690	56900	126290	77080	65710	43290	99870	22130	44940	0	79350	47060	77150	25200	103390	18220	122730	14570	140870	2760	33940	
87540	84350	118400	16380	54070	70521	98290	66370	62611	78980	0	89491	3390	101820	100930	93060	106200	92030	132700	80220	96330	
95620	96930	162913	76301	92832	20260	137020	27480	27610	46590	89491	0	88130	71540	140590	64790	154953	59150	177283	49330	76870	
84990	81110	116610	16150	50830	69060	96500	64030	61150	76640	3380	88030	0	99480	99140	90720	104410	89690	130910	77880	93990	
53270	58360	129580	99890	79220	68240	101260	47080	69890	25070	102160	72010	99960	0	105840	11900	128620	15540	146850	22760	35400	
54070	48260	23620	114330	50200	130511	4910	113380	127521	103380	100850	140560	99080	106320	0	95040	27760	104300	37990	101950	85140	
42910	47110	118330	90690	68660	61450	90010	40290	63100	18180	92960	65220	90760	11900	94590	0	117370	11790	135600	16420	24150	
77831	69651	20450	120070	63180	143491	31990	128121	140501	126301	105960	155261	104190	128671	27880	117391	0	126651	33760	124871	106531	
52120	56340	127550	89870	74460	56051	99230	35200	58010	14420	92140	59730	89940	15810	103810	12040	126590	0	144820	12110	33370	
91650	85840	15170	145880	85821	166232	42490	150862	163242	145420	131770	178002	130000	146940	38380	135660	33980	144920	0	143660	122720	
50810	55020	125090	78360	64510	46060	97920	24900	47710	2790	80630	49830	78430	22920	102190	16340	121530	12290	139670	0	32060	
19010	23220	93570	95760	50350	74740	66120	53580	76390	36060	90900	79090	88450	37360	70700	26110	92590	35340	107940	34300	0	

0	                                          Plymouth	0	0	32400	0

1	                                           Saltash	820	725	15325	1640
2	                                             Truro	170	7988	20237	340
3	                                        Barnstaple	820	13803	25040	1640
4	                                        Launceston	510	18121	22328	1020
5	                                        Cullompton	598	7595	15044	1196
6	                                               Par	440	5921	17276	880
7	                                            Exeter	598	5683	19063	1196
8	                                          Tiverton	671	17444	24063	1342
9	                                     Kingsteignton	202	13144	24095	404
10	                                           Northam	813	10422	24495	1626
11	                                           Honiton	762	8770	18112	1524
12	                                          Bideford	386	11669	15784	772
13	                                           Brixham	114	11571	15912	228
14	                                     Saint_Austell	299	4694	6735	598
15	                                            Totnes	170	15679	29173	340
16	                                           Newquay	423	18206	25658	846
17	                                           Torquay	702	5125	18767	1404
18	                                            Penryn	578	17500	23184	1156
19	                                      Newton_Abbot	267	12792	26398	534
20	                                         Ivybridge	207	13328	23435	414
