50

6350	3650

20	90

0	72440	99860	60380	83650	84350	95370	41760	36030	87790	60360	88300	48890	21310	93471	25150	60930	38460	87530	62550	76740	28830	97290	63970	9380	46120	92930	14370	34850	52790	67340	98940	99460	89230	40300	28950	78231	70840	31980	58420	79420	52010	78600	68470	83080	11850	64960	96670	67610	39780	43190	
72620	0	47180	127770	99781	12420	168010	83340	40210	24290	74910	114330	40610	67060	143130	96130	55000	87740	140830	23820	98900	44930	146490	122102	80360	55230	38472	66190	67430	35810	127052	162370	79470	137440	106552	93702	130780	128992	102960	97450	118850	28320	97630	132392	138230	70740	118130	113061	116170	64201	108080	
100580	46950	0	160690	91760	50690	204611	125660	64800	70290	75480	110900	56790	88950	159990	122540	54530	101450	157690	37770	146542	73480	160350	145150	108300	64710	84670	95400	80550	50940	151042	196971	45880	181542	130542	117020	146590	148410	132380	141810	163160	71130	93730	156382	155090	95920	160130	103640	131850	73850	143500	
60770	125980	160542	0	133101	139030	38420	51510	94402	132950	117750	128970	107262	78650	99370	46230	119270	81700	92780	120922	70310	85770	110200	69350	54420	103890	135980	64220	92190	111162	65300	44640	157800	54670	54900	59660	87440	78890	34650	51550	59190	98250	123941	60960	89690	69190	26240	144071	95230	97420	19410	
83430	100261	91860	133361	0	111611	159981	122900	69421	124231	26181	22050	61571	63420	86760	90001	47741	53511	87070	77281	157690	78491	77580	80890	87300	51631	137463	92310	50050	66761	89610	180502	52750	170200	82711	74571	79200	83840	100281	139370	160370	98781	9620	95000	85380	74770	145981	13630	60560	46671	119561	
84720	12940	50690	141340	111211	0	186751	94920	52310	22870	86340	125760	52040	79160	155230	108230	66430	99840	152930	35250	110860	57030	158590	134202	92460	66660	37250	78290	79530	47240	139152	179111	90650	149660	118652	105802	142880	141092	115060	111430	130950	39900	109060	144492	150330	82840	130350	124491	128270	76301	121650	
94530	165760	201483	38190	159021	183182	0	86690	131081	172730	143670	149930	143350	109590	110760	73710	152180	107270	104170	157632	97170	122420	121590	84710	85960	135980	170940	100870	121120	147872	76850	32430	196961	64890	77130	85230	102800	94250	66190	81600	81330	138030	149861	72350	101080	99410	51990	175952	110890	128850	56060	
42340	82970	123270	51230	123050	94080	86960	0	62470	87530	98680	127060	75470	60930	120070	48890	90750	77220	113650	85310	37590	52860	125703	88040	38160	76850	89150	31790	74470	79370	86100	78220	133890	54270	64480	60710	105103	97580	42780	19430	40430	56030	118000	86210	109200	51470	35870	136290	101710	79170	34700	
36770	40270	64670	94680	69651	52180	131730	63010	0	63121	44440	83630	14160	27960	104200	59220	30310	48810	101900	27360	92311	12350	107560	83122	44490	19490	73600	31820	28500	18060	88072	129531	71470	116670	67572	54722	91850	90012	67090	81810	102810	31770	67300	93412	99300	32480	94510	82931	77240	26410	77490	
88780	24380	70090	134790	123761	22880	175300	87590	63371	0	98890	138310	64252	90070	168561	109800	78980	110901	166261	47800	91440	62680	171921	144312	92450	78272	15430	74340	90591	59790	149262	166060	103450	131050	126730	114770	155111	151202	110660	94580	111770	37770	121610	150131	163442	91080	122290	137041	139331	87242	115100	
60110	75450	75440	117930	26451	86800	144550	98530	44410	99420	0	40230	36760	40080	88340	69890	22930	39550	87560	52480	132121	52620	84110	76740	63980	26270	112652	67340	27790	41950	85460	158831	51380	146880	70300	59040	79140	80000	81920	116050	137050	73990	23900	90850	85530	51450	123320	39590	60700	20800	100820	
87930	114800	111020	128620	22040	126150	150710	127270	83630	138770	40010	0	76110	72510	66360	86750	62280	50860	66670	91820	161490	91840	57340	68480	89950	65490	152002	102250	59750	81300	77200	172150	74310	174000	72490	71320	62710	67500	96490	142980	164170	113340	19250	82590	65240	81640	142300	24880	44220	60020	115490	
49570	40730	56890	107480	61521	52080	143590	75950	14160	64282	36650	76070	0	35420	107020	69470	19000	51630	104720	20150	103322	25290	110380	91190	57290	15590	76193	44760	30730	6810	96140	142331	58360	129912	75640	62760	94670	95440	79340	94750	115890	40200	59370	101480	102120	43520	108710	74801	80060	25750	90290	
21250	67020	89310	79150	63560	78930	109600	61080	27630	89510	40270	72770	35210	0	84330	36130	40840	26020	82030	52400	95510	28830	87690	59380	25120	26030	96660	30490	14760	41110	64330	117710	79370	108000	43830	30910	71980	66270	47020	77190	98190	53960	58510	69670	78510	12590	83730	76580	57370	19690	61960	
92531	143630	160670	99370	85620	155540	110830	120190	104050	168541	88150	65190	107450	84300	0	75231	108340	59400	8430	126690	153143	109630	15070	32750	88501	94720	178300	106851	76940	113350	40160	133810	138620	152140	57270	65761	17270	23720	79600	134823	152550	133970	79680	38990	11100	87000	122460	88190	29870	85410	98030	
25010	96570	122080	46790	89771	108480	74140	49460	58520	110990	69950	86520	69260	35990	75211	0	75400	38370	69931	84620	82980	52960	80571	44350	18050	60590	116130	38780	48000	73990	44880	90100	113930	90090	19230	16160	59971	53210	12890	64660	85480	75990	80611	44990	65481	27910	59410	99771	57930	54250	32990	
60870	55310	54630	118900	47741	66660	151990	90600	30400	79280	22870	62290	19100	40840	107840	75250	0	52450	105540	32330	121252	41300	105360	93000	64740	17120	92512	59410	31550	23090	100610	155961	43560	144562	80460	67580	95490	96260	86540	109540	130540	58500	45590	105950	102940	52210	122340	61021	80880	24760	101580	
38010	87540	101650	81750	53301	99450	107480	77350	47960	110391	39640	50780	51360	25840	59250	38390	52250	0	56950	70600	111380	52880	62610	43220	40030	38630	119710	52330	20850	57260	50310	125620	90210	123870	34120	22960	46900	47670	48670	93060	114060	77750	44141	55650	54350	31950	94370	63301	32290	29320	67950	
86760	141060	158100	92700	86050	152970	104160	113630	101480	165971	87350	65620	104880	81730	8440	69551	105770	56830	0	124120	147463	106751	19920	26190	82730	92150	174281	101080	74370	110780	33490	127140	138040	145470	50710	60081	13180	17310	73040	128830	145930	131400	79100	32320	4540	81770	115790	88620	27340	82840	91470	
63200	23930	37910	121110	76911	35280	158350	85590	27770	47900	52040	91460	20240	52500	126280	84840	32130	70890	123980	0	108401	36450	129640	108270	70920	34500	62082	58270	49990	14390	113342	155961	55780	139370	92720	79840	113930	114700	93520	101740	123090	37070	74760	118682	121380	58890	120060	90191	99320	45010	103920	
77340	98930	146251	69990	157590	110490	97390	37580	92451	91500	132911	161350	103222	95220	153573	82620	121322	111510	148220	108291	0	81461	158933	121770	72450	109341	85670	67910	108760	105172	119830	78721	163072	42000	98210	95000	138333	131310	75380	18980	21860	73360	152530	119940	143770	85760	48730	170610	136000	113471	59830	
29260	45090	73750	86390	78941	57000	123570	53410	12320	62200	52830	92020	25340	29020	109860	52770	41490	53690	107252	36440	81221	0	113220	83672	37000	29210	69370	22830	34160	29240	88622	122011	82650	107232	66430	53320	97510	90562	59600	71570	92570	27540	75690	93962	102802	29630	85890	92080	82900	33390	69200	
96720	147290	160650	110250	77510	159200	121710	126253	107710	172201	83750	57240	111110	87960	15130	81091	105010	63060	19850	130340	159003	113290	0	42841	94361	98380	181960	111040	80600	117010	51040	144690	130040	163020	64921	71621	26440	33660	89031	140683	161683	137630	73790	49870	21650	90660	133340	79800	31590	89070	107461	
63370	122361	144950	69530	81090	134271	85000	88500	82971	143741	76650	68550	91330	59640	32880	44940	92620	43090	26460	108520	122020	83361	42731	0	59340	79000	150891	77690	61220	97230	9920	107980	127470	122300	25580	35610	18940	10390	47910	103700	120800	108191	71930	15310	22010	58380	92270	90850	28080	69690	66340	
8860	80420	107840	54350	87160	92330	86310	38260	44010	93290	63870	89770	56870	24820	88671	17720	64440	39930	82940	70530	72290	36810	94031	59090	0	49630	98430	21080	38360	60770	59741	94490	102970	84780	35230	23880	73431	66250	22920	53970	74970	58290	82110	59851	78490	15360	60510	100180	64880	43290	37980	
45920	54921	65150	103950	51811	66750	136000	76560	19520	77642	26120	65310	15580	25890	94300	60590	17080	38910	92000	34320	108911	28950	97660	79460	49790	0	89553	45370	18010	21060	86610	140361	58800	130382	66110	53230	81950	82720	71690	95360	116360	49320	48980	91950	89400	37260	106740	65091	67340	11960	86630	
93790	38570	84280	138110	137804	37070	172430	88940	73360	15240	112933	152482	76493	96810	178260	114810	93152	120190	174562	61990	86060	69450	181620	150992	97460	90290	0	79350	99880	73072	155031	162650	117640	125430	131740	120390	163740	157872	115410	90720	106150	42780	135653	155141	170112	97240	119170	151213	148690	97790	118190	
15980	66340	95750	64610	92660	78250	101690	32240	31870	74580	68080	102520	44870	30670	107691	37730	60150	52680	101750	58340	68290	22730	111510	78190	20380	46250	79720	0	44210	48770	77951	100111	102230	85060	54520	43170	92451	85060	39870	51040	72040	39650	87610	78061	97300	24610	64110	105680	81830	48640	47420	
34630	67850	81120	92530	50030	79760	121850	74660	28270	90701	27780	59860	30830	14800	76600	47980	31720	21210	74300	50070	108890	34220	79960	61760	38500	18100	100020	44070	0	36730	69370	133160	69680	121400	49810	38480	64250	65020	59270	90570	111570	58190	44980	74710	71700	25970	97110	63050	49640	8790	75340	
53340	36000	51500	111250	66651	47350	148490	79700	17910	59970	41780	81200	6790	41110	112710	74100	22900	57320	110410	14750	105182	29040	116070	96880	61060	20950	72292	48510	36420	0	101830	146101	58070	133662	81330	68450	100360	101130	83660	98640	119640	39020	64500	107170	107810	48150	112480	79931	85750	31440	94060	
66420	127012	150702	65290	89870	138922	76750	86150	87622	148392	85430	77330	95981	64291	40150	45170	100450	50180	33560	113242	119670	88012	50980	9700	59861	86801	155210	77990	69050	101881	0	99730	136250	118060	27890	40200	27790	19240	45360	101350	118250	112842	80710	5680	30470	63031	88250	100490	37460	77520	63090	
101080	162730	198243	45900	181462	179942	34570	79200	130563	166210	159951	173980	143423	119210	135480	90600	157553	126890	128890	157083	78480	122642	146310	109430	96010	141943	162490	101102	134360	147323	101570	0	199493	37940	98740	104030	127520	118970	79020	72900	60440	134270	169981	97070	125800	109500	44340	192432	135420	139371	60640	
98740	79140	45870	156890	52870	90130	196091	133560	71080	103110	51120	74380	57830	78710	139150	113120	43060	89330	138600	55350	162352	82110	130160	127240	102610	58330	117292	100890	68780	57550	135960	197931	0	188852	118330	105450	129280	130500	124410	152500	173500	92280	59250	141350	136570	90080	162070	61010	110840	61220	139570	
89500	137480	181702	54610	169810	148870	64730	54070	116302	131360	146490	173300	129572	107440	151660	89180	144852	123670	145070	139060	42090	106692	162490	121640	84610	130682	125150	84330	120980	133472	117590	37761	189102	0	99730	102610	139730	131180	77600	40720	23570	109020	164750	113250	141980	97920	31340	182830	142180	125910	58470	
39340	106361	130051	54670	82451	118271	76870	64710	66971	126660	70230	72720	75330	43640	57430	19640	80320	34120	51010	92520	98230	66250	64841	25400	35310	66150	132220	53660	49240	81230	27930	96990	118850	100100	0	14520	43260	34710	24570	79910	97460	90650	73291	30370	46560	38370	69420	92451	42450	57710	43000	
27900	93661	117130	59640	74281	105571	85370	60900	54271	114090	58990	71290	62630	30900	66021	16160	67620	22880	60741	79820	94930	53100	71381	35290	23870	53450	120780	42220	38000	68530	40240	102950	106150	102940	14600	0	50781	44020	26560	76610	97610	78320	65121	43290	56291	25220	72260	84281	42820	45740	45840	
77161	131160	147180	87050	79040	143070	102520	105023	91580	154011	79460	61660	94980	71830	17280	59861	95870	46930	13390	114220	137773	97152	25880	18580	73131	82250	163400	91481	64470	100880	27440	125500	130000	139820	42830	50391	0	8350	65430	119453	138320	121500	71210	31490	9000	72171	109790	84660	19450	72940	83860	
70320	129311	148470	78800	83540	141221	94270	97770	89921	150691	80090	67410	95250	66590	23630	53330	96140	47200	17210	114490	131242	90311	33370	10330	66290	82520	157841	84640	64740	101150	19190	117250	130910	131570	34580	43860	8680	0	57180	112922	130070	115141	75230	24580	12760	65330	101540	90570	24960	73210	75610	
31361	102921	131941	34650	100131	115200	66610	42860	66511	111060	81520	96420	78850	46460	79930	12030	86080	48730	73510	93031	75310	59311	89041	47900	22791	71270	115780	39730	58890	83271	45730	77960	125160	77950	24340	26690	65990	57440	0	56990	73340	76390	90971	45840	69060	37210	47270	111101	66790	64930	20850	
58940	98150	139800	51640	139170	109570	82560	19440	81280	94620	115870	142950	94280	76820	135173	64220	109560	93110	128980	101840	18760	71560	140533	103370	54050	95660	90370	50600	90360	98180	101430	72780	152700	40720	79810	76600	119933	112910	56980	0	21000	71540	134110	101540	124530	67360	31140	152190	117600	95290	41480	
80180	119230	161440	59140	160430	130790	81920	40680	102520	112070	137110	164190	115790	98060	152661	84761	131070	114350	146241	123480	21930	92800	161615	120631	75290	116900	105860	71840	111600	119690	118461	60491	174210	23530	97071	97840	138721	130171	73181	21240	0	92780	155370	116660	141791	88600	33920	173450	138840	116530	55791	
52740	28450	71040	98970	99001	39560	139480	56160	32020	37900	74170	113590	40150	54410	134240	74910	58330	78670	131940	36990	74000	28110	137600	108582	57560	49870	43080	39450	58540	38750	113532	134520	92640	109590	90710	78340	121890	115472	76140	71860	92860	0	96890	115241	127712	54840	90280	112281	107280	56450	80580	
78380	98150	93830	124691	9410	109500	151311	117850	67330	122120	23730	19330	59460	58370	80160	81331	45630	44841	79610	75180	152640	75560	74080	72220	82250	49210	135352	87260	45000	64650	80940	170131	59140	165150	74041	65901	71400	75480	91611	134320	155320	96690	0	86330	77590	69720	137311	19340	52760	43740	110891	
67930	132362	156052	60960	95270	144272	72420	86330	92972	150380	90830	82730	101331	69641	38990	45350	105800	55530	32400	118592	119850	93362	49820	15100	60041	92151	155390	78170	74400	107231	5860	95400	141960	113730	30270	43120	31350	24640	45540	101530	116880	115380	86110	0	29310	67830	84050	105890	42860	82870	61540	
82570	138600	155640	89810	84600	150510	101270	109440	99020	162941	85280	64170	102420	78840	11220	65361	103310	54370	4800	121660	143273	102561	21640	22000	78540	89690	170091	96890	71910	108320	30600	124250	135970	142580	46520	55891	8990	13120	68850	124640	141740	127391	77030	29430	0	77580	112900	87170	25270	80380	87280	
11380	70710	95900	69450	74690	82620	99510	51780	32070	90400	51400	81900	43300	12350	87380	28200	51970	32060	82090	58590	85810	29410	90890	58510	15420	37160	97540	24340	25890	48030	63460	108010	90500	98300	38520	25410	72771	65400	37380	67490	88490	54840	69640	68000	77640	0	74030	87710	61210	30820	52260	
65580	118790	158330	26170	145651	130180	52070	35980	95293	122420	123060	142050	108153	83460	122090	58780	122283	94250	115500	120370	48760	85700	132920	92070	60690	106673	119000	64150	97000	112053	88020	43430	162730	31320	69330	72210	110160	101610	47200	30610	33590	90330	136491	83680	112410	74000	0	156621	111780	102480	28070	
96500	113581	103800	144021	13690	124931	175711	136350	82741	137551	39501	24880	74891	76490	89340	99501	61061	63011	89650	90611	170760	91811	79920	90390	100370	64951	150783	105380	63120	80081	100270	191162	61300	183270	92211	84071	85690	90570	110941	152440	173440	112101	19280	105660	88220	87840	156641	0	67290	59991	130221	
66770	116530	132020	95200	60350	128440	110850	101610	76950	139381	60770	44220	80350	57200	29880	58050	81240	32300	27620	99590	135640	82530	31080	27790	64580	67620	148770	81090	49840	86250	37270	133940	111170	142280	42180	42520	19400	24940	66750	117320	138320	106870	52520	42660	25590	60710	111600	67380	0	58310	85180	
39710	64701	74330	97610	47191	76611	129610	79170	26160	87422	21080	60270	25780	19680	84990	54090	24890	29600	82690	45020	113111	33610	88350	70150	43580	11940	97980	48330	8700	31680	77760	138431	61990	126480	58200	45690	72640	73410	65380	95650	116650	56150	43940	83100	80090	31050	102920	60330	58030	0	80420	
43810	108440	143582	19390	119161	121490	56470	34730	77442	115410	100740	115450	90302	61690	98430	32290	101860	67760	92010	103962	59870	68810	107541	66400	37980	86500	118470	47260	75230	94202	63250	59270	140390	58830	42840	45720	84490	75940	20710	41110	55920	80740	110001	61570	87560	52230	28150	130131	85290	80160	0	


0	 Nuneaton                           0		0		32400		0

1	 Worcester                          302		3477		23872		604
2	 Ludlow                             268		3969		23614		536
3	 Corby                              504		2162		21345		1008
4	 Newcastle_under_Lyme               348		4173		23473		696
5	 Great_Malvern                      799		3719		23403		1598
6	 Peterborough                       303		3965		23548		606
7	 Daventry                           478		5095		24208		956
8	 Birmingham                         278		4615		23403		556
9	 Tewkesbury                         110		1904		21791		220
10	 Stafford                           432		1931		22150		864
11	 Leek                               694		3213		24385		1388
12	 Dudley                             608		1593		22362		1216
13	 Tamworth                           487		2977		22619		974
14	 Shirebrook                         214		807		19428		428
15	 Kirby_Muxloe                       248		4888		24648		496
16	 Codsall                            385		5254		24653		770
17	 Burton_upon_Trent                  224		2882		22055		448
18	 Mansfield_Woodhouse                383		4993		24099		766
19	 Kidderminster                      386		963		20931		772
20	 Buckingham                         563		3375		23428		1126
21	 Solihull                           720		4671		25204		1440
22	 Staveley                           794		3759		24633		1588
23	 Nottingham                         148		1909		20621		296
24	 Hinckley                           396		1433		20800		792
25	 Walsall                            221		3514		23620		442
26	 Cheltenham                         606		2081		23211		1212
27	 Coventry                           625		777		20579		1250
28	 Lichfield                          460		4831		25096		920
29	 Stourbridge                        502		3869		22933		1004
30	 Radcliffe_on_Trent                 440		5022		25089		880
31	 Huntingdon                         108		1883		21758		216
32	 Shrewsbury                         243		4879		25335		486
33	 Kempston                           591		2277		22338		1182
34	 Loughborough                       519		3895		24198		1038
35	 Coalville                          275		3707		23988		550
36	 Kirkby_in_Ashfield                 671		735		20089		1342
37	 Hucknall_Torkard                   451		2440		23131		902
38	 Wigston_Magna                      723		4423		25441		1446
39	 Towcester                          321		1097		20980		642
40	 Milton_Keynes                      291		3368		22766		582
41	 Alcester                           659		918		21887		1318
42	 Longton                            250		1161		21191		500
43	 Bingham                            302		3042		22006		604
44	 Mansfield                          474		4844		24599		948
45	 Atherstone                         149		1269		20633		298
46	 Wellingborough                     320		4862		23903		640
47	 Alsager                            234		5173		25435		468
48	 Belper                             745		5188		26647		1490
49	 Chasetown                          370		4501		24507		740
50	 Market_Harborough                  431		3475		23571		862
