50

6350	3650

20	90

0	26660	29330	36580	27210	58270	6650	44360	25420	46620	19940	22620	21660	18950	30910	42022	12870	29700	9060	26180	36120	10040	35880	71901	10070	81760	33970	55780	94242	68902	43350	16420	52460	55200	19820	38381	22380	28500	32980	23480	10790	24330	36310	87690	20790	17570	15010	62560	55500	22690	32820	
28360	0	37660	15920	24750	81960	30970	68050	49050	70310	6830	4460	11150	16270	54540	66342	15370	52700	25340	23340	33660	23270	59570	52270	28530	105450	23620	79470	118562	93222	24400	13660	47820	78830	19890	62701	34180	6510	57210	13410	32810	48650	10370	111380	16670	18740	39330	86250	79190	24370	56450	
28200	37460	0	39840	18570	73480	29660	56170	28560	61830	31840	34480	27450	34510	30600	46230	30320	48490	34600	18140	17390	25270	51050	71391	20770	88250	29390	70990	94620	72840	42840	31980	25520	45310	19370	47700	7930	36760	37750	25180	36860	31670	43770	103280	22440	23430	22150	75710	70710	14670	32820	
38420	15710	40010	0	25580	92020	41030	78110	54980	80370	18520	16970	19300	26330	60470	72930	25430	62760	35400	24170	34490	32320	69630	37790	34690	115220	17650	89530	125190	99810	8980	23720	46870	83940	24010	70722	37710	9560	63140	16730	42870	55270	6620	122860	20450	24050	45500	96310	89250	27140	62380	
26560	24190	18620	25260	0	80700	29240	63630	39160	69050	19070	21600	14690	24290	44320	57110	20100	52130	28660	2480	9780	19220	58310	55640	20760	99400	12130	78210	109370	83990	28010	21760	26870	63230	9840	55480	17000	22180	47320	10910	34190	39450	29190	110120	9090	12680	29610	83170	77930	7020	46540	
57020	83000	73430	92920	80810	0	52670	21910	49050	12390	76280	78960	78000	72050	52010	41500	69210	31250	61120	79780	87710	65160	24410	127021	62290	54660	89090	8760	72990	46270	98470	72760	98000	68080	74120	31370	67190	84840	44660	78600	54170	45700	92650	33770	75910	72970	51700	25330	3920	74660	50380	
4380	30750	29530	40670	28820	51620	0	37710	21440	39970	24030	26710	25750	23040	26930	37502	16960	23050	13150	27790	37730	12520	29230	74381	9820	75110	36450	49130	89722	64382	45830	20510	52660	51220	21650	33450	22580	32590	28440	25960	9580	19790	40400	81040	23270	20330	11030	55910	48850	22910	28840	
42230	68210	56060	78130	63440	21940	37880	0	30220	11730	61490	64170	63210	57570	32620	21450	54420	21460	46640	62410	70340	50370	8990	110232	45460	39310	72261	17940	57640	29720	81681	57970	80630	48030	57081	11780	49820	70050	25070	61811	39690	26870	77860	49850	59121	57431	34330	21850	20530	57290	30790	
23150	48610	28560	54900	39010	49340	21640	30540	0	37420	41890	44570	40440	40880	7230	19890	35730	29680	31920	37980	44190	28660	26270	86721	20810	62180	48750	46300	72150	46770	58170	38350	52400	31520	33570	20040	25010	50350	9370	38300	29960	5140	57580	78210	35610	33920	11520	50080	46590	32860	8340	
45230	71210	61640	81130	69020	12340	40880	11740	37130	0	64490	67170	66210	60260	40090	29580	57420	19460	49330	67990	75920	53370	12740	115231	50500	47690	77300	11070	66020	39040	86680	60970	86210	56160	62330	19450	55400	73050	32740	66810	42380	33780	80860	42980	64120	61180	39910	21080	9700	62870	38460	
21660	6840	31980	18520	19370	75260	24270	61350	42350	63610	0	2800	4450	9570	47840	59642	8670	46000	18640	17960	28280	16570	52870	54980	21820	98750	23040	72770	111862	86522	26170	6960	44500	72130	14210	56001	28500	9110	50510	11580	26110	41950	16920	104680	11100	12040	32630	79550	72490	18690	49750	
24360	4520	34480	17140	21840	77960	26970	64050	45050	66310	2830	0	7150	12270	50540	62342	11370	48700	21340	20430	30750	19270	55570	54430	24520	101450	24210	75470	114562	89222	25620	9660	45930	74830	16710	58701	31000	7730	53210	13010	28810	44650	14720	107380	13490	14740	35330	82250	75190	21190	52450	
23300	11080	27530	19000	14920	76900	25910	62990	40490	65250	4390	7070	0	11210	45980	58440	10310	47640	20280	13510	23830	17830	54510	54551	20200	100390	18710	74410	110700	85320	26000	8600	40170	70270	9760	56232	24050	11160	48650	7250	27750	40780	18970	106320	6650	9560	31010	81190	74130	14240	47890	
20090	16000	33660	25920	24160	71190	22700	57280	40770	59540	9280	11960	11000	0	46260	58072	7100	41160	11340	22750	33070	14990	48800	62030	20240	94680	29500	68700	110292	84070	33220	3140	49710	70550	16540	54431	28520	17840	48930	18250	20340	40380	25650	100610	16320	11940	31060	75480	68420	21940	48170	
28550	54010	30630	60300	44360	52210	27040	32800	7320	40290	47290	49970	45840	46280	0	16140	41130	35560	37320	43380	46430	34060	29390	92121	26210	58290	54150	48560	66940	42880	63570	43750	51690	24920	38970	20890	27410	55750	9270	43700	35840	10820	62980	80470	41010	39320	16920	52340	49460	38260	2730	
40071	66441	46370	72940	57050	41640	37571	21410	19840	29720	59721	62401	58480	58731	16230	0	52651	33790	48841	56020	62170	46700	21060	104761	38850	43040	66790	37880	55460	27630	76210	56201	67430	27590	51610	13730	43050	68281	11290	56340	45841	19150	75620	69790	53650	51960	29560	39270	38890	50900	14110	
14290	15390	29740	25310	20230	67890	16900	53980	35670	56240	8670	11350	10390	7500	41160	52272	0	38630	10410	18820	29140	9530	45500	61420	16320	91380	25570	65400	104492	79152	32610	5150	45780	65450	12610	48631	24600	17230	43230	15080	18740	34580	25040	97310	12390	8000	25260	72180	65120	18010	43070	
27460	52580	48290	62500	51730	31230	23110	21500	29310	19580	45860	48540	47580	41140	35250	34120	38790	0	30210	50700	60640	35600	13270	97461	32730	57850	59530	28740	76180	48540	68910	42140	72860	59540	44560	20520	42050	54420	33800	49040	23260	25810	62230	60650	46350	43410	26860	35590	28460	45820	36500	
11180	24940	35220	34860	28480	60460	13790	46550	32560	48810	18220	20900	19940	11460	38050	49162	10010	30430	0	27070	37390	12980	38070	70970	16830	83950	33820	57970	101382	73340	42160	12460	54030	62340	20860	45320	28270	26780	40120	23330	9880	31470	34590	89880	20640	16250	22150	64750	57690	26060	39960	
24380	21850	18780	22920	4090	78520	27060	62520	38050	66870	16730	19260	12340	21950	43540	56000	17760	49950	26320	0	13000	17040	56130	54471	18760	98290	13400	76030	108260	82880	25920	19420	30090	62710	7500	54370	16480	19840	46210	8570	32010	38340	26850	107940	6750	10340	28500	82051	75750	5910	45450	
35450	33080	17410	34150	9680	87720	37900	70410	44200	76070	27960	30490	23570	33180	46400	62030	28990	60790	37550	11370	0	28110	65290	62410	29400	104180	18450	85230	111770	88770	34780	30650	19830	62400	18730	61940	21630	31070	53390	19800	43080	45910	38080	118890	17980	21570	36390	89950	84950	15910	48620	
9310	23230	25140	32530	19660	63770	12150	49860	28730	52120	16510	19190	18070	15500	34220	46652	9520	35200	13100	18630	28570	0	41380	64351	8200	87260	26420	61280	98872	73532	35800	12970	45660	58510	12270	43011	18190	25070	36890	15930	16940	28960	32880	93190	13240	9270	19250	68060	61000	15390	36130	
33610	59590	50020	69510	57400	25380	29260	10270	26730	13460	52870	55550	54590	48950	29690	22640	45800	12810	38020	56370	64300	41750	0	103611	38880	47670	65680	22620	66000	37060	75060	49350	74590	49220	50710	10160	43780	61430	23450	55190	31070	22700	69240	54530	52500	49560	28290	28470	22430	51250	29170	
72080	52000	72090	38110	56240	126540	74920	110671	87210	114890	55180	54740	55250	62770	92700	105160	61870	97970	71840	56250	63010	64550	104150	0	66920	147450	44830	124050	157420	132040	29570	60160	68080	116020	56240	102952	69790	47330	95370	48960	79310	87500	42410	160390	52680	56280	77730	130211	123770	59220	94610	
8320	28100	20730	34560	20400	61240	9780	45710	21170	49590	21380	24060	20100	20370	26660	39120	16190	32670	16110	19370	29310	8150	38850	66381	0	81410	28410	58750	91380	66000	37830	17840	44240	50950	13230	37490	13780	29940	29330	17960	16980	21460	37240	90660	15270	13580	11690	65250	58470	14490	28570	
79100	105080	88180	114651	99240	54420	74750	38320	62030	47560	98360	101040	100080	94440	58300	42970	91290	57540	83510	98210	104240	87240	46150	146472	81040	0	108501	45880	20940	15400	117921	94840	109240	58930	93321	45120	85220	106920	53480	98051	76560	61340	114730	70370	95361	93671	70570	38980	54320	93090	56180	
33970	23620	29410	17560	12090	88410	36810	72401	48940	76760	23090	24180	18700	29780	54430	66890	25590	59840	34150	13270	18450	26440	66020	44440	28650	109180	0	85920	119150	93770	16810	27250	29220	74020	17260	64682	27790	19290	57100	12010	41410	49230	22440	117830	14300	18170	39460	91941	85640	17810	56340	
54360	80340	70770	90260	78150	8820	50010	17780	46240	11070	73620	76300	75340	69390	48710	37790	66550	28590	58460	77120	85050	62500	21850	124361	59630	46180	86430	0	64510	37790	95810	70100	95340	64370	71460	27870	64530	82180	41160	75940	51510	42890	89990	31910	73250	70310	49040	16850	10170	72000	46880	
92012	118382	94410	124931	109041	72580	89512	56480	71831	65720	111662	114342	110471	110672	66730	55640	104592	75700	100782	108011	111510	98691	64310	156752	90841	20750	118781	64040	0	29270	128201	108142	115470	60180	103601	63280	92920	120222	63281	108331	94720	71141	127611	88050	105641	103951	81551	57030	72480	102891	64770	
66861	93231	72780	99730	83840	46580	64361	29370	46630	38860	86511	89191	85270	84460	42900	27570	79441	48610	73530	82810	88840	73490	35880	131551	65640	15400	93580	38040	29270	0	103000	82991	93840	43850	78400	34850	69820	95071	38080	83130	66580	45940	102410	65820	80440	78750	56350	31280	46480	77690	40780	
43130	24330	43140	8960	27980	97590	45970	81721	58260	85940	26030	25590	26300	33620	63750	76210	32720	69020	42690	27300	34750	35600	75200	29230	37970	118500	16570	95100	128470	103090	0	31010	42360	87070	27290	74002	40840	18180	66420	20010	50160	58550	15580	129520	23730	27330	48780	101261	94820	30270	65660	
17930	13680	31500	23600	22000	71530	20540	57620	38610	59880	6960	9640	8680	3430	44100	55912	4940	42270	12700	20590	30910	12830	49140	59710	18080	95020	27340	69040	108132	82792	30900	0	47550	68390	14380	52271	26360	15520	46770	15930	21700	38220	23330	100950	14160	9770	28900	75820	68760	19780	46010	
51250	47930	25610	47080	26740	97990	52710	80680	52410	86340	44460	46320	40070	49850	51670	67300	45660	73000	54220	28430	19800	45170	75560	67610	44210	109320	29510	95500	115690	93910	42280	47320	0	61511	35790	72050	31900	45060	60430	34650	59910	56180	51960	130670	34470	38240	46660	100220	95220	32970	53890	
52850	78310	45320	83790	63200	68200	51340	47970	31620	56280	71590	74270	70140	70580	24970	27580	65430	59860	61620	62740	62360	58360	47620	115341	50510	58860	74020	64440	60340	43810	86790	68050	61511	0	62910	40290	46960	80050	30940	68000	60140	35120	87280	97270	65310	63620	41220	65150	65450	58280	25850	
19320	19780	19460	24100	9890	73360	21900	57351	33890	61710	14160	16800	9770	17060	39380	51840	12870	44790	21430	8630	18800	11980	50970	55921	13600	94130	17170	70870	104100	78720	27370	14530	35890	62880	0	49632	15980	19680	42050	7500	26950	34180	26780	102780	4760	5750	24410	76891	70590	7090	41290	
36450	62820	47620	70771	55380	31390	33490	11980	19970	19470	56100	58780	56311	55110	20920	13790	49030	20740	44990	54350	61900	43610	8960	102592	37180	45850	64621	27740	63820	34880	74041	52580	72120	40370	49441	0	41380	64660	13370	54171	38040	16620	72470	59650	51481	49791	26760	31520	28640	49230	19090	
21370	34100	7850	37600	17010	67230	22830	49920	25130	55580	28480	31120	24090	28830	27370	43000	24650	42240	27770	16550	21610	18440	44800	69151	13940	85150	27830	64740	93120	69740	40600	26300	31900	46950	16010	41450	0	34000	33290	21820	30030	25420	41100	96650	19080	19440	15900	69460	64460	11990	29590	
30340	6420	37000	9680	22570	83940	32950	70030	50680	72290	9230	7680	11280	18250	56170	68322	17350	54680	27320	21160	31480	25250	61550	46970	30390	107430	19470	81450	120542	95202	18160	15640	45100	80460	19800	64681	34090	0	58840	12550	34790	50630	9600	113360	16240	19750	41200	88230	81170	24130	58080	
30540	56800	37830	63090	47200	44700	27970	25290	9440	32780	50080	52760	48630	49070	9300	11290	43120	33850	39310	46170	53460	36850	22270	94911	29000	53580	56940	41050	63550	38170	66360	46540	60500	30960	41760	13380	33200	58540	0	46490	36240	9300	65770	72960	43800	42110	19710	44830	41950	41050	7390	
23310	13290	25240	16810	11340	77770	26150	61901	38440	66120	11640	13040	7340	18550	43930	56390	14930	49200	23490	9930	20250	15780	55380	48631	18150	98680	12010	75280	108650	83270	20080	15940	34410	68220	7470	54182	21760	12440	46600	0	30750	38730	19450	107190	3910	7510	28960	81441	75000	11890	45840	
10290	32790	36650	42710	34830	53290	9650	39380	30120	41640	26070	28750	27790	20270	36060	45772	18720	23240	9590	33800	43740	17660	30900	78820	16940	76780	41270	50800	95110	66170	50010	21270	59780	60350	27440	38150	29700	34630	36710	30780	0	28060	42440	82710	28090	23700	20440	57580	50520	30030	37880	
21940	48310	31700	55350	39460	45930	19370	27130	5140	34010	41590	44270	40890	40600	10730	19120	34520	25880	30710	38430	45980	29100	22860	87171	21260	61410	49200	42890	71380	46000	58620	38070	56270	35020	34020	16630	25460	50150	9330	38750	27640	0	57960	74800	36060	34370	11970	46670	43180	33310	11790	
38030	10250	43770	6650	29340	91630	40640	77720	57500	79980	16920	14630	18970	25940	62990	75450	25040	62370	35010	27930	38250	32940	69240	42680	37210	115120	22560	89140	127710	102330	15630	23330	51780	87280	26570	72371	40860	9510	65660	19320	42480	57790	0	122470	23010	26570	48020	95920	88860	30900	64900	
86220	112200	102960	122450	110010	33920	81870	49640	78100	42930	105480	108160	107200	101250	80570	69650	98410	60450	90320	108980	117240	94360	53710	156971	91490	69890	118290	31860	88080	65590	128000	101960	129320	96440	103320	59730	96390	114040	73020	107800	83370	74750	122180	0	105110	102170	80900	40340	37290	103860	78740	
20340	16070	22210	20260	9260	74760	23180	58751	35290	63110	10480	13090	6090	16150	40780	53240	11960	46190	20520	7850	18170	12810	52370	52081	15000	95541	14060	72270	105500	80120	23530	13620	34510	65070	4440	51032	18730	15930	43450	3660	27780	35580	22940	104180	0	4540	25810	78291	71990	8920	42690	
17460	18890	23470	24410	13070	71920	20300	57151	33940	60270	12170	14850	9950	12220	39430	51890	8030	43350	16590	11660	21980	9370	49530	56231	13650	93941	18300	69430	104150	78770	27680	9690	38510	63720	5700	49432	19380	19860	42100	7810	23850	34230	27090	101340	5120	0	24460	76210	69150	10890	41340	
12740	39110	22090	45580	29470	51680	11230	34370	11460	40030	32390	35070	31120	31400	16950	29410	25320	26950	21510	28440	36370	19340	29250	77401	11490	71160	39430	49190	81670	56290	48850	28870	46660	41240	24250	26671	15850	40950	19620	28980	20540	11750	48260	81100	26290	24600	0	53910	48910	23320	18860	
60660	86640	75990	96560	83370	25380	56310	21600	50150	21240	79920	82600	81640	76000	52550	39360	72850	35370	65070	82340	90270	68800	27920	130162	65390	38480	92191	16840	56810	31050	101611	76400	100560	65060	77011	31710	69750	88480	45000	81741	58120	46800	96290	40310	79051	76610	54260	0	26730	77220	50720	
54320	80300	70730	90220	78110	3900	49970	20540	46440	9770	73580	76260	75300	69350	49400	38890	66510	28550	58420	77080	85010	62460	21710	124321	59590	54420	86390	10240	72750	46030	95770	70060	95300	65470	71420	28760	64490	82140	42050	75900	51470	43090	89950	37210	73210	70270	49000	26810	0	71960	47770	
21500	24300	14700	26990	6970	74420	22960	57330	32860	62770	18680	21320	14290	22380	38350	50810	18190	45850	25510	5940	15880	14950	52030	58541	14460	93100	17470	71930	103070	77690	29990	19850	32970	58280	7010	49180	11900	23910	41020	11800	29920	33150	30920	103840	9060	11010	23310	76870	71650	0	40260	
30460	55920	32870	62210	46320	50180	28950	30770	8130	38260	49200	51880	47750	48190	2730	14020	43040	36300	39230	45290	48670	35970	27750	94031	28120	56170	56060	46530	64980	40760	65480	45660	53930	25790	40880	18860	29650	57660	7190	45610	37420	11540	64890	78440	42920	41230	18830	50310	47430	40170	0	


0	 Houghton_le_Spring                 0		0		32400		0

1	 Whitley_Bay                        605		809		21042		1210
2	 Consett                            829		3864		25193		1658
3	 Bedlington                         789		1183		20895		1578
4	 Newburn                            566		4256		23941		1132
5	 Marske-by-the-Sea                  600		3776		23833		1200
6	 Hetton_le_Hole                     312		3629		23224		624
7	 Thornaby_on_Tees                   401		4568		25321		802
8	 Spennymoor                         497		1755		21079		994
9	 Middlesbrough                      217		5004		23991		434
10	 North_Shields                      746		1593		21975		1492
11	 Tynemouth                          522		3328		23824		1044
12	 Wallsend                           206		1169		21097		412
13	 South_Shields                      129		3838		22548		258
14	 Bishop_Auckland                    566		3126		22366		1132
15	 Darlington                         131		1569		21068		262
16	 Boldon                             658		4993		25327		1316
17	 Hartlepool                         261		2547		21255		522
18	 Sunderland                         162		3366		21783		324
19	 Blaydon                            175		5365		23813		350
20	 Prudhoe                            378		4791		23838		756
21	 Washington                         381		5194		24528		762
22	 Billingham                         453		2972		22619		906
23	 Alnwick                            701		3973		24907		1402
24	 Chester-le-Street                  653		661		21577		1306
25	 Thirsk                             164		3503		22762		328
26	 Ponteland                          151		2753		22780		302
27	 Guisborough                        689		3775		24025		1378
28	 Ripon                              777		2699		23043		1554
29	 Northallerton                      170		2754		22249		340
30	 Morpeth                            480		1715		22374		960
31	 Jarrow                             314		3966		23639		628
32	 Hexham                             598		821		20234		1196
33	 Barnard_Castle                     601		2392		23536		1202
34	 Gateshead                          283		5168		23738		566
35	 Stockton-on-Tees                   646		5252		26203		1292
36	 Annfield_Plain                     307		1725		21751		614
37	 Seaton_Delaval                     632		2416		22619		1264
38	 Newton_Aycliffe                    576		1693		22684		1152
39	 Gosforth                           536		1415		21280		1072
40	 Seaham                             744		1188		21736		1488
41	 Ferryhill                          693		4052		24264		1386
42	 Blyth                              498		1792		21387		996
43	 Whitby                             687		3873		24439		1374
44	 Newcastle_upon_Tyne                559		4639		23869		1118
45	 Felling                            695		1815		21969		1390
46	 Durham                             704		3922		24771		1408
47	 Ingleby                            107		3707		22378		214
48	 Redcar                             638		5163		25141		1276
49	 Whickham                           787		2162		23653		1574
50	 Shildon                            743		1516		21907		1486
