50

6350	3650

20	90

0	74582	29720	70802	49880	41080	27320	31971	69690	96853	81690	25380	95440	80360	81330	54371	94770	94091	13210	60110	68841	83832	68010	69800	33630	62131	96460	59220	95120	65350	16110	98340	56650	96520	65420	18020	92650	98470	90693	99470	38340	82950	16460	92850	73820	91910	35610	91660	90700	77480	96690	
74331	0	88672	5050	121782	36210	50801	105862	25080	28870	14910	99271	62620	17970	90080	128523	55850	84740	87101	27840	74990	12990	55000	78670	52290	66750	72680	41280	72430	83130	66711	55750	22190	38231	74170	62991	98050	58800	22710	108220	79920	33270	64381	38550	64030	31451	49460	53450	65970	60460	33300	
29650	87933	0	84153	35540	54431	40671	35970	73520	110204	95743	32350	88780	84800	105070	52100	116452	117831	22840	68680	92581	97183	91750	52910	57330	85871	120311	60170	118860	46540	42870	120022	69880	117862	89160	43160	116390	92890	104044	123731	19840	83660	42800	92220	65460	112194	54731	113342	83240	101220	114634	
70121	4420	84462	0	117572	32000	46591	101652	22450	30391	15840	95061	60240	15590	85870	124313	56780	83280	82891	23640	73381	15800	53550	76040	48080	65130	71230	38650	70980	80500	62501	56680	17980	39161	69960	58781	96430	56420	24231	104010	75800	30890	60171	36330	61400	32381	45250	54380	63590	59010	34821	
48950	121234	35401	117454	0	87732	73972	34800	108700	143505	129044	35380	118860	119980	129110	31900	146821	141871	37580	103071	116621	130484	118921	78640	81410	109911	148461	94100	147161	72270	63890	150391	103302	148571	113200	65800	140430	124350	137345	147730	49750	117080	64240	126060	95380	143911	83390	143711	110560	129231	147935	
40280	35950	54621	32170	87731	0	16750	71811	34110	59343	43460	65220	71750	41520	63270	94211	67070	76031	53050	21700	50781	46322	45460	64880	21870	44071	71950	33570	71700	63630	31960	70640	16770	63650	47360	28240	74590	72280	53183	81410	51610	51980	30200	61270	57110	58650	14030	63960	70850	55690	63240	
26010	50212	40351	46432	73461	16710	0	57541	47940	72483	58022	50950	78030	56680	67750	79941	78440	80511	38780	36860	55261	59462	54430	62380	21900	48551	82590	40240	81540	59410	17550	82010	32590	78350	51840	13830	79070	79420	66323	85890	39370	61620	15790	71520	62220	73350	16890	75330	75960	63900	76913	
32421	105334	35970	101554	35340	71832	58072	0	100091	127605	113144	8700	119461	111171	112581	23920	128271	125342	20021	90862	100092	114584	99261	88630	64881	93382	129911	89271	127791	82260	47361	131841	87402	130021	96671	49271	123901	123571	121445	131201	54050	113051	47711	121611	96141	125361	66861	125161	113921	108731	130141	
69780	25090	73710	22490	109210	34210	48350	100751	0	52001	37450	94160	44530	12550	90510	123970	75160	96450	81990	12670	78021	36550	64820	56210	52720	71311	86400	19790	86150	60670	63370	76840	24430	60771	74600	60540	101830	44410	45841	108650	59590	19050	60650	28340	41570	53991	47460	72050	47880	74180	56431	
87330	28530	106522	30110	139632	53830	68560	119921	50500	0	16790	113330	88850	44200	91640	145532	43700	78130	100100	47150	70810	19420	48400	104090	56180	62570	66050	66700	65830	107280	74140	43450	37620	26240	74240	70420	93870	85030	19160	105460	99490	59500	72380	64940	89450	21240	58720	41300	92200	53860	24520	
81521	15550	95862	17130	128972	43690	57991	113052	38300	19330	0	106461	75870	31220	86790	135713	44920	75510	94291	36490	68190	8000	45780	91890	50650	59950	63460	54500	63210	96350	68550	44820	27320	26840	70880	64830	91250	72050	14000	102840	88960	46520	66790	51970	77250	20060	51070	42520	79220	51240	23280	
25670	98583	32290	94803	35720	65081	51321	8720	93340	120854	106190	0	112710	104361	105830	31510	119320	118591	13270	84111	93341	107833	92510	82620	58130	86631	120960	82520	119620	78040	40610	122890	80651	121070	89920	42520	117150	116820	114694	124450	47660	106250	40960	114860	89390	116410	60110	116210	107170	101980	121190	
95060	61960	89020	59600	118760	71450	78460	119601	43780	88891	74340	113010	0	46030	130040	138760	115280	138840	101900	53560	117551	73420	107210	40780	90380	110841	128140	38020	127890	46040	92350	115180	66820	97661	114130	89990	141360	6830	82731	148180	70680	28920	89630	27980	27520	90881	82780	112880	8600	115920	93321	
80150	17950	84590	15590	120090	41420	57200	111121	12490	44881	30330	104530	46730	0	97460	134340	71270	97770	92360	21120	84971	29410	68040	64010	59670	78261	85720	28740	85470	68470	72220	71170	29570	53651	81550	68880	108780	42910	38721	115600	70470	17380	69500	22820	49370	46871	54670	68870	50080	73500	49311	
79580	89670	103631	86142	129020	62770	66120	111111	90540	100380	86440	104520	129950	97410	0	133511	87060	62220	92350	78130	27630	91880	49870	123430	48430	32740	73670	94020	71770	121490	66230	92360	68780	95000	19430	62670	34840	130480	95140	41660	103750	108410	64630	117540	116510	93380	52210	83950	130250	57991	98370	
54641	127554	52150	123774	32270	94052	80292	24610	122872	149825	135364	31550	139830	133562	134801	0	152472	147582	42241	113082	122312	136804	124572	104810	87101	115602	154112	111550	152812	98440	69581	156042	109622	154222	118891	71491	146121	146200	143665	153421	70230	135780	69931	144340	114540	149562	89081	149362	134290	134882	154255	
93950	56420	117212	58000	148391	67570	79240	127311	75200	47170	45080	120720	116740	72090	88080	152922	0	55460	107490	70420	66230	47710	39420	127761	62800	57990	35000	90250	38200	127290	80760	7070	57960	32470	70610	77040	86021	112920	43330	101050	115650	87390	79000	92830	114150	34840	65850	3660	120090	35540	38460	
92611	85530	116662	84030	142051	75801	79151	124142	96930	87340	76100	117551	140310	98630	62370	149653	56030	0	105381	86840	41030	81540	33860	136461	61461	34730	21740	106130	18410	134521	79261	61710	74160	80330	49490	75701	46900	139460	81900	64750	116781	113930	77661	119370	129541	79540	65241	55360	142480	29260	84520	
13300	86712	22870	82932	38700	53210	39450	19511	81200	108983	93820	12920	101780	92050	93460	41911	106950	106221	0	71800	80971	95962	80140	72180	45760	74261	108590	70380	107250	67600	28240	110520	68780	108700	77550	30150	104780	105890	102823	112080	37220	94110	28590	103150	78460	104040	47740	103840	96240	89610	108820	
59940	27420	68710	23640	103260	21640	37420	90911	12500	50961	36500	84320	54060	21150	77940	113980	70450	86060	72150	0	65451	37940	54430	58780	40150	58741	79990	20310	79740	61260	52440	72130	13740	59120	62030	49100	89260	54590	44801	96080	54590	30370	49720	39660	46430	52951	34890	67340	56120	64340	55391	
66201	74590	90252	72763	115641	49391	52741	97732	77161	79100	67340	91141	116571	84031	25960	120132	65400	40980	78971	64751	0	72780	28210	110051	35051	9600	47530	80641	45630	108111	52851	70700	55401	73510	8540	49291	26520	117101	73660	37100	90371	95031	51251	104161	103131	71900	38831	62290	116871	33831	76880	
83651	14240	97992	16320	131102	46970	60121	115182	37110	17010	8790	108591	74650	30000	92220	137843	47920	80940	96421	38620	73620	0	51210	90700	56080	65380	68890	53310	68640	95160	73980	47580	31540	26380	76310	70260	96680	68400	10850	108270	91090	45300	72220	47810	76060	19600	56500	45520	78000	56670	21440	
67240	55180	91291	53680	119751	45410	53780	98771	64810	57370	45750	92180	108190	68280	50100	124282	39160	32890	80010	54720	28250	51190	0	105711	36090	20010	30540	74010	29700	105240	53890	44570	42040	50830	32630	50330	50980	107700	51930	63070	91410	82170	52290	89020	97941	49790	39870	36050	110360	11540	54770	
69480	78910	52670	76380	78540	65180	63210	88430	56280	105841	91290	82700	40760	64110	124360	104560	127250	137121	72140	58770	111871	90370	106020	0	79570	105161	132510	40520	132260	6610	71820	130170	71530	114611	108450	69460	135680	46250	99681	142570	35790	54000	69100	56460	21510	107831	72350	124140	33240	116250	110271	
32710	52360	56761	48580	82150	20360	20560	64241	51720	65910	50930	57650	88970	59130	48820	86641	63350	61581	45480	39310	36331	56370	35500	78920	0	29621	64420	51180	62610	76980	19520	66920	31210	65100	32910	15800	60140	90360	60970	66960	56880	69590	17760	78880	73160	60670	7740	60240	86900	44970	65450	
60921	66360	84972	64860	110361	44111	47461	92452	71881	70870	59110	85861	111291	78751	32780	114852	57170	34730	73691	59471	9630	64550	19980	104771	29771	0	41280	75361	39380	102831	47571	62470	50121	65280	15240	44011	33350	111821	65430	45600	85091	89751	45971	98881	97851	63670	33551	54060	111591	25601	68650	
95750	73580	119801	72080	149421	72710	81560	127281	87300	72800	64150	120690	129820	86680	72880	153952	34610	20780	108520	81040	47910	69590	30520	133011	64600	41610	0	100870	3520	132540	82780	40290	68090	60160	56370	78840	61000	127510	67550	78850	119530	101980	80800	107420	125241	60470	67650	33940	133170	19560	64730	
59590	41590	60280	38990	94390	33770	40520	89541	19780	68501	53950	82950	38530	28790	94540	108700	90280	105680	71120	20310	82051	53050	74050	40500	52440	75341	99820	0	99570	44050	54410	91960	33570	77271	78630	52050	105860	39320	62341	112680	44350	24370	51690	33810	28010	70491	44840	87170	40420	84170	72931	
94260	73100	118311	71600	147931	72230	80800	125791	86820	73750	63670	119200	129340	86200	70510	152462	38050	17690	107030	80560	45540	69110	29830	132531	63110	39240	3760	100390	0	132060	80910	43730	67610	63600	54000	77350	58630	127030	68310	76480	118430	101500	79310	106940	124761	63910	66890	37380	132690	18870	68170	
64960	83410	46360	80880	72230	64590	59950	82120	60780	110341	95790	78100	46080	68610	122200	98250	127100	134961	67540	61350	109711	94870	105870	6640	77410	103001	132360	44110	132110	0	67300	130220	72730	119111	106290	64940	133520	51570	104181	140410	31190	58500	64580	61780	26920	112331	70190	123990	38560	116100	114771	
15630	66862	43020	63082	65070	32360	16790	47161	63550	83730	68270	40570	92580	72590	67000	69561	81350	79761	28400	52770	54511	73710	53680	71530	20210	47801	82600	54790	80790	67080	0	84920	48350	83100	51090	5450	78320	94040	78790	85140	45240	77230	3860	87130	75210	78490	22190	78240	90070	63150	83270	
97350	56620	120612	58200	151791	70970	82640	130711	77160	45220	45280	124120	116940	72290	93200	156322	7790	61250	110890	72380	71350	47910	44540	130150	66200	63110	40790	92210	43990	130450	84160	0	59920	27410	75730	80440	91551	113120	41980	106170	119050	87590	82400	93030	116110	32890	69250	8780	120290	40660	33840	
56200	21930	70110	18150	103651	16720	32690	87731	24170	43800	27050	81140	67310	29580	68670	110392	58010	73520	68970	13730	56181	31250	41890	71240	30880	49471	67160	33560	66920	72630	47710	59690	0	49140	52760	43990	79990	67060	38470	86810	62220	41530	45470	49800	59680	43640	28590	54900	69370	51510	46860	
95220	38941	118222	40531	149661	63760	78490	128581	61691	20480	27520	121990	99261	54611	95290	154192	33150	79210	108760	58850	74040	26620	50540	115281	64070	65800	60510	77891	63710	118980	82030	27520	49320	0	77650	78310	97490	93490	17250	109140	111190	69911	80270	73170	100641	7090	67120	32990	102611	53990	6810	
64120	74220	88171	70682	113560	47310	50660	95651	75080	82860	70980	89060	114490	81950	19680	118051	69540	49600	76890	62670	10020	76420	32350	107970	32970	15220	56150	78560	54250	106030	50770	74840	53320	77270	0	47210	29770	115020	77420	36590	88290	92950	49170	102080	101050	75660	36750	66430	114790	40471	80640	
17560	62402	42951	58622	67000	27900	12330	49091	60130	79310	63850	42500	89990	68570	63490	71491	76930	76251	30330	48750	51001	69290	50170	69220	15790	44291	78620	52200	77280	64770	4370	80500	43890	78680	47580	0	74810	91450	74370	81630	43070	73810	2610	83710	72900	74070	17770	73820	87480	59640	78850	
91290	97480	115341	95980	140730	74480	77830	122821	102250	101990	90230	116230	141660	109120	34980	145221	85480	47010	104060	89840	26450	95670	51070	135140	60140	32970	60820	105730	58920	133200	77940	90890	80490	96410	29730	74380	0	142190	96550	19930	115460	120120	76340	129250	128220	94790	63920	82370	141960	51870	99780	
98200	58940	93110	56960	124250	72640	79890	123691	44500	83300	71700	117100	6830	43390	131230	146310	112640	139140	105990	54750	118741	68150	107560	46270	91810	112031	127090	39460	126840	51530	93810	112540	67170	93280	115320	91450	142550	0	77220	149370	74770	26280	91090	21570	33010	86500	84210	110240	14090	114870	87730	
90332	23570	104673	25650	137783	53651	66802	121863	46440	6510	14490	115272	83630	39330	94850	144524	43440	80100	103102	45301	73790	10590	51060	100030	60410	65550	66830	62640	67590	104490	78370	41450	38200	17510	77220	74650	96850	77210	0	108600	97771	54630	76610	56850	85390	11120	61220	41530	87330	55820	10940	
98150	108240	123001	104712	148390	81340	84690	130481	109110	114590	102310	123890	148520	115980	41840	152881	100750	64870	111720	96700	37650	108030	63560	142940	67000	45980	78680	112590	76780	141000	84800	106050	87350	109000	36590	81240	19870	149050	109150	0	122320	126980	83200	136110	136311	107390	70780	97640	150260	69730	112370	
37850	79670	19940	75890	50030	51670	39700	54110	59520	103661	89000	47730	70550	70800	104620	70240	114780	117381	37170	54680	92131	90640	91300	35820	57320	85421	118930	44350	118410	31240	45140	118350	62310	111090	88710	43150	115940	74660	97501	122760	0	66680	42790	75240	46130	105590	53270	111670	63910	100770	108091	
83360	33320	83800	30960	117370	51920	61930	113061	19050	60251	45700	106470	29630	17390	108220	135840	86640	113140	94640	30380	95731	44780	81560	54000	70430	89021	101090	24380	100840	58460	76950	86540	41170	69021	92310	74120	119540	25810	54091	126360	66700	0	74230	11620	37110	62241	65010	84240	32980	88870	64681	
16070	63792	42451	60012	65510	30260	14860	47601	60460	81840	66380	41010	89490	69500	66020	70001	79460	78781	28840	49680	53531	71820	52700	68720	18320	46821	81150	51700	79810	64270	4060	83030	45410	81210	50110	2710	77340	90950	76900	84160	42570	74140	0	84040	72400	76600	20300	76350	86980	62170	81380	
93360	38750	92400	36390	126390	61200	71930	121661	28330	63240	51130	115070	28300	22820	117500	144440	92070	118570	103240	39660	105011	47990	88840	56330	79710	98301	106520	33860	106270	61590	86950	91970	49760	73120	101590	84120	128820	21880	57080	135640	75300	11610	84230	0	38850	66340	74450	89670	33900	94300	67670	
73700	64840	65900	62310	95510	57480	62880	96481	42210	91771	77220	89890	27350	50040	117390	114920	115060	130151	78780	46990	104901	76300	98320	21620	74800	98191	124810	28370	124560	26880	75580	116740	60250	100541	101480	73220	128710	32840	85611	136660	46460	37710	72860	39700	0	93761	67200	111950	20320	108550	96201	
91470	32191	112503	33781	145431	58750	73480	124351	54941	14350	20770	117760	92511	47861	93960	149962	35280	78250	104530	53131	72740	19870	49280	108531	60320	64500	61250	71141	64450	112991	78280	32350	43660	7090	76330	74560	95800	87010	11110	107610	105530	63161	76520	66420	93891	0	63170	34120	95861	53340	5180	
35220	49140	55060	45360	84660	14020	15760	66751	47350	66880	51000	60160	82630	54760	52720	89151	65640	65481	47990	34940	40231	56440	39400	71910	9590	33521	67330	44840	66510	69970	22030	69210	29200	67390	36810	18310	64040	84020	61550	70860	53430	65030	20270	74510	66820	63050	0	62530	80560	48870	67830	
90290	54550	113552	55880	144481	63910	75580	123401	72080	46460	43210	116810	114600	70220	84420	149012	3260	54740	103580	67300	62570	45840	35760	124101	59140	54330	34280	87130	37480	123630	77100	8520	54840	32870	66950	73380	82771	111050	41910	97390	111990	85520	75340	90960	111030	34130	62190	0	117950	31880	37760	
90360	66300	83380	63940	110450	70940	76340	113961	48120	93231	78680	107370	8620	50370	130850	133120	119620	141840	96260	56260	118361	77760	110210	33260	88260	111651	132480	40510	132230	38520	89770	119520	69520	102001	114940	87410	142170	14110	87071	150120	63940	33260	87050	34180	20680	95221	80660	117220	0	120120	97661	
76730	60610	100781	59110	130181	55720	63270	108261	74330	62070	51180	101670	116850	73710	57770	134712	34690	28940	89500	64790	33590	56620	11580	116021	45580	25350	19640	84620	18720	115550	63380	40100	51840	54180	40230	59820	51730	114540	56630	69580	100900	89010	61780	94450	108251	53440	49360	31580	120200	0	58420	
96240	34320	115423	36400	148533	63080	77552	129121	57190	14230	23820	122530	93660	50080	98740	154732	38810	83100	109300	56051	77590	21340	54130	110780	65090	69350	65320	73390	68520	115240	83050	34250	46710	6940	81100	79330	101080	87240	11000	112590	108521	65330	81290	67390	96140	5160	67940	37800	98030	58190	0	


0	 Sittingbourne                      0		0		32400		0

1	 Reigate                            323		2132		22029		646
2	 Ashford                            775		1414		21445		1550
3	 Redhill                            462		1060		21675		924
4	 Dover                              593		3501		23440		1186
5	 Kemsing                            699		4117		23769		1398
6	 Snodland                           525		5211		25059		1050
7	 Herne_Bay                          360		2980		23155		720
8	 East_Grinstead                     397		1363		21724		794
9	 Esher                              114		4314		24253		228
10	 Epsom                              329		3508		22576		658
11	 Whitstable                         365		5214		25039		730
12	 Newhaven                           126		4151		23112		252
13	 Maidenbower                        819		4364		24723		1638
14	 Southend-on-Sea                    600		1479		20701		1200
15	 Broadstairs                        656		5098		26349		1312
16	 Watford                            330		2475		22437		660
17	 Bishops_Stortford                  391		2796		21612		782
18	 Faversham                          126		2693		21342		252
19	 Edenbridge                         195		1399		20653		390
20	 Billericay                         127		910		20888		254
21	 Leatherhead                        409		2835		21991		818
22	 Chigwell                           704		4011		24061		1408
23	 Bexhill                            235		4020		22496		470
24	 Swanscombe                         606		2073		22922		1212
25	 Brentwood                          688		4879		25991		1376
26	 Hertford                           359		3891		24572		718
27	 Crowborough                        783		2102		23379		1566
28	 Ware                               677		2921		24031		1354
29	 Hastings                           147		2106		21756		294
30	 Gillingham                         261		1003		21191		522
31	 Rickmansworth                      425		1063		21815		850
32	 Biggin_Hill                        556		1769		22546		1112
33	 Staines                            598		1185		21819		1196
34	 Basildon                           184		2521		21800		368
35	 Rochester                          651		1832		22676		1302
36	 Maldon                             409		2633		22684		818
37	 Rottingdean                        305		4737		24483		610
38	 Cobham                             176		3674		23083		352
39	 Burnham_on_Crouch                  743		2961		23010		1486
40	 Tenterden                          559		4264		25101		1118
41	 Haywards_Heath                     275		2940		22424		550
42	 Chatham                            579		2258		22719		1158
43	 Hurstpierpoint                     345		5066		23996		690
44	 Hailsham                           713		1432		20972		1426
45	 Shepperton                         416		1835		21613		832
46	 Longfield                          740		3927		25138		1480
47	 Bushey                             763		4782		25376		1526
48	 Seaford                            161		4548		24565		322
49	 Waltham_Abbey                      420		1223		20071		840
50	 Chertsey                           176		4502		23727		352
