50

6350	3650

20	90

0	76451	75750	24660	85801	36930	59081	23090	41020	32390	92760	75811	98932	77400	59060	53580	64491	51210	41670	28330	79550	81960	60830	57240	25210	33260	34330	74060	71810	27490	40540	98382	73221	38570	99931	6180	81680	67710	74111	66840	17250	95940	63360	88561	21510	38590	50420	35980	90951	70820	95051	
76671	0	149791	54200	162492	45090	133911	72320	114540	95240	170032	150872	110740	152441	133951	128471	13160	100461	86400	74120	154741	110310	101210	90900	83090	106850	84930	25680	142971	88960	114391	128300	148282	61370	176622	72941	156301	141691	15910	141270	92141	174572	138401	165252	96301	112180	29270	110871	25490	102800	171742	
74730	148981	0	98460	15650	109460	20520	82890	73870	60100	24150	11400	155940	36810	23250	33860	137021	74420	80250	82240	37000	95980	83840	90660	85570	60680	75850	134340	25860	66340	35550	155770	8810	104720	29780	76510	8690	8640	144620	55240	59000	22950	30710	18410	54130	60470	122950	41130	169402	92160	24900	
24820	54270	99440	0	109351	19710	82371	25820	59590	49500	116610	99271	86900	100370	82360	76400	42310	61500	46950	31920	103150	86670	66840	60530	32890	51900	41490	61560	92760	42930	64210	94740	96681	23220	123481	22760	105710	91100	51930	86940	40550	119620	86180	112111	44800	57230	26470	59270	67750	74110	118601	
85631	161952	15230	109011	0	121441	29010	98120	78600	75330	9320	11960	165560	37220	31360	41970	149002	89650	95480	97470	33490	112430	99070	105890	95121	69480	91080	149570	40950	81570	49390	165390	14030	114271	16560	88751	13610	23870	158622	57110	69221	21340	35640	3580	65091	68980	134931	50960	178392	108610	10130	
37031	45001	110151	19740	121312	0	94271	32540	76820	55600	128571	111232	102230	112801	94311	88831	33041	60821	47800	34510	115101	81540	66761	57440	52540	69130	45440	47600	103301	49320	74751	110070	108642	38550	135442	33301	116661	102051	42661	102091	52501	131001	98761	124072	56661	74460	17710	71231	59501	71020	130562	
58761	133922	21880	81971	30150	94401	0	74160	56050	55170	36660	20160	138260	31620	7120	15930	121962	72680	75450	73560	31810	101090	82100	87100	68251	42860	68870	125660	32290	57660	22440	137710	17570	87401	44280	61720	28160	17160	131582	44620	42351	42230	16720	32910	38221	42570	107891	24090	148422	93970	39400	
25050	72091	84340	25870	98350	32510	74200	0	65540	24080	106850	89200	112690	95350	75740	71530	60131	36190	21640	7170	97650	62540	41530	36400	47850	55450	15960	56800	74660	17800	52250	120530	86610	49010	112480	19480	89080	75910	65540	87540	37950	101520	81310	101110	37630	60460	45690	52520	86591	49980	107600	
41250	116220	74950	59380	78570	76910	56150	63820	0	62910	81740	69880	95340	47170	53880	41120	102380	85050	82400	69060	50990	116300	95540	95800	33470	14070	72960	115030	79040	61750	45170	94790	68270	56670	89610	46910	80880	69330	112000	29990	31370	95140	49370	78880	33650	15060	85770	34760	124900	106890	84870	
32240	94961	61530	49550	75540	55440	55130	24060	63200	0	84040	69650	130462	84900	61750	61080	83001	24990	23170	23410	86660	56170	34820	36310	56060	49470	15810	75470	51850	6910	33170	129912	67060	67960	89670	27890	66270	53100	84210	80690	33970	78710	70860	78300	30290	54480	68930	40590	109461	46240	84790	
92940	170202	23900	116630	8990	129060	36580	106790	81830	84000	0	19390	170830	39760	35930	46540	156621	100670	104150	106140	36040	121100	108010	115800	102000	74050	99750	158240	49620	90240	57670	168950	21460	121740	8070	96190	22280	32540	167862	60340	75550	25760	38870	6820	71990	73550	142550	56700	186642	117280	3640	
75981	151312	12110	99361	12090	111791	19360	89420	69890	69570	19170	0	154820	29470	20660	31270	139352	83890	89720	88770	29660	106120	93310	100130	85471	58780	84080	141710	36000	72870	39720	154650	2770	104621	27040	79101	16210	17100	148972	48400	59571	28820	26930	14850	55441	58280	125281	41310	168742	102300	21400	
98770	110770	157320	86780	165840	102040	138600	112530	95070	130290	170910	154710	0	135630	136330	127390	106980	148210	133660	118630	139450	173380	153550	147240	75070	98050	128200	126370	160530	124760	126660	21600	152510	64030	178810	102910	163590	151680	116600	112800	103150	178080	137170	167070	108460	100340	101900	116250	108290	160820	173860	
78060	152751	37490	99280	36900	113230	31540	95400	46720	84960	39830	29550	135470	0	30480	25670	140791	104030	106080	98530	4900	130270	113450	118480	78210	49130	96380	148500	60230	85090	53790	133840	28420	101500	46360	82280	43510	41970	150411	24400	60880	55520	19060	37210	58700	44220	125820	45360	177831	125320	42960	
59290	134161	24170	82460	31670	94640	7080	75530	53830	61680	36040	20770	136330	30550	0	13300	122201	79680	81960	78190	30740	108070	89100	93610	68060	40810	73500	128630	38090	62290	29440	135780	18570	87550	43910	62410	31620	22720	131821	42780	42310	44970	14880	32900	38750	40310	108130	23460	148661	100970	38990	
53970	128641	34720	76390	42220	89120	15940	71310	41130	60870	46590	31320	127730	25400	13300	0	116681	80590	81910	74440	27550	110130	90010	93610	61110	31820	72210	124410	48150	61000	32120	127180	29120	80850	54460	58190	42170	33020	126301	31510	36790	55520	9780	43450	34610	27560	102610	21270	143141	101880	49540	
65111	12860	138231	42580	149392	33530	122351	60760	102920	83680	156651	139312	107450	140881	122391	116911	0	88901	75880	62590	143181	104710	94841	85300	75010	95230	73520	20080	131411	77400	102831	125010	136722	53290	165062	61381	144741	130131	10310	130171	80581	159261	126841	152152	84741	100560	17650	99311	37490	97200	158642	
50900	100412	75840	61990	89850	60891	73050	36710	84960	24790	101080	83960	148452	104300	80090	80480	88452	0	18250	31160	104580	32930	11580	17680	74730	71230	22450	79981	53850	26430	51090	147902	81370	85130	106710	45880	80580	67410	88721	101810	55680	91250	89690	92610	52050	76240	74381	60670	114912	23260	101830	
41140	85710	81390	46910	95400	47550	75240	21650	81630	23290	103900	89510	133730	105920	81860	81700	75111	17650	0	16080	106770	43230	21060	17440	63770	69640	12270	64850	64560	23680	53280	136942	86920	70050	109530	35570	86130	72960	73590	101070	53630	98570	91480	98160	50460	74650	61040	61480	101571	30630	104650	
28830	73340	83670	31830	97680	34200	73540	7240	69320	23410	106180	88530	118650	98210	78380	74390	61761	30900	16350	0	100510	56070	36240	29930	51460	58310	12820	52480	73990	17130	51580	124632	85940	54970	111810	23260	88410	75240	61220	90400	40810	100850	84170	100440	40490	63320	47690	55380	88221	43510	106930	
79950	154881	37830	102610	33180	115360	31880	97530	50540	86850	36110	29890	139290	4860	30820	27560	142921	104370	107140	100660	0	130610	113790	119200	82030	52950	98270	150630	60570	86980	54130	137660	28760	105320	42700	84410	40720	42310	152541	28220	62770	52730	19400	33490	60590	48040	128850	47250	179721	125660	39240	
81080	109610	97420	86910	112550	81300	101090	62720	116290	56120	121050	105950	173730	130230	108130	111040	104310	32970	43280	56080	130420	0	24200	27260	103710	102560	51880	88750	71690	57920	81280	177512	103360	110050	126760	75510	99130	92260	96120	132670	87010	109930	115800	115310	83380	107570	94790	91230	135020	14070	121590	
60390	100420	85260	66800	99270	66781	83090	41540	95450	34420	107930	93380	153620	114120	90130	90890	94342	11580	21050	35970	114310	24160	0	11000	83660	81720	29880	79560	59960	35920	61130	156832	90790	89940	113640	55370	87400	76830	88300	112520	65950	96810	99690	102030	62540	86730	80271	71080	120802	13940	108470	
56950	90150	91900	60520	105910	57620	87410	36330	96530	36290	116070	100020	147340	118730	94030	93870	84850	17870	17640	29690	119350	27160	11040	0	79580	82800	28440	69290	68300	37000	65450	152752	97430	83660	121700	51380	95740	83470	78030	114230	67030	106540	103650	108670	63620	87810	71110	74060	111641	14310	116820	
25540	82550	86641	32840	95071	52480	68351	45710	33510	55660	101820	85081	75410	78700	68090	61280	74480	75250	64290	50950	82520	104580	84180	79860	0	32600	57830	93870	86970	51530	53240	74860	82491	23400	109201	29680	92571	79700	84100	61310	28520	106831	71060	97831	33830	36640	58950	45770	90440	93440	104321	
33330	108620	61740	51780	69690	69310	43040	55000	14120	49220	74060	58790	98370	49450	40770	31820	94780	71360	68970	58130	53270	102610	81850	82110	32640	0	59270	107110	65470	48060	31600	97820	56590	54900	81930	38990	67670	56120	104400	35400	17740	81930	41600	70920	19960	5630	78170	21190	121410	93200	77010	
34200	84010	77220	41530	91230	45030	68770	15940	73220	15740	99730	83760	128350	95770	73610	71950	72591	22230	12210	12510	97920	51690	29740	28120	56860	59490	0	63150	65340	13240	46810	130032	81170	64670	105360	28630	81960	68790	71890	90920	43330	94400	81730	93990	40310	64500	58520	51330	99051	40150	100480	
74410	25010	137080	61520	151090	47710	126950	56980	114950	75550	159590	141970	126160	148570	128800	124590	19710	80151	64870	52590	150870	88820	79680	69370	93720	107190	63400	0	126270	69270	104990	143720	139380	72000	165220	68890	141820	128650	12890	140611	89970	154260	134530	153850	90690	112480	36590	105580	50420	81270	160340	
71790	142961	27350	92790	41090	103410	32350	74650	78830	51860	49590	35880	160330	60350	38450	48200	131001	53580	65070	74000	60540	71740	60010	68300	87220	65260	65430	124640	0	58100	35190	159780	33290	106240	55000	70860	29060	21230	135270	73980	60560	38470	46080	43850	54590	69150	116930	48430	157461	67920	50130	
27420	88751	67830	43030	81840	49230	57700	17850	62150	6930	90340	72690	124972	84700	62540	60880	76791	26660	23350	17200	86850	58230	36280	36540	51250	48420	13270	69300	58150	0	35740	124422	70100	62470	95970	22400	72570	59400	78040	79850	32330	85010	70660	84600	29240	53430	62720	40260	103251	47630	91090	
40720	114571	36860	64430	49700	75050	22340	52230	44980	33190	57250	39550	126480	53680	29380	32040	102611	50700	53470	51580	53870	80240	60120	65120	53370	31410	46890	103680	35210	35680	0	125930	36960	72390	63830	42500	42140	27840	112231	54201	26710	56400	38980	52460	21370	35300	88540	14440	129071	71990	58950	
99600	128650	158530	95270	166030	110530	139430	119770	95900	131120	169200	155920	21850	134630	137160	128220	124860	149310	138350	125010	138450	179040	158240	153920	75900	98880	131890	144250	161360	125590	127490	0	153720	72720	178730	103740	164800	152510	134480	111380	103980	179290	136830	166340	109290	101170	115130	117080	123420	167500	172330	
73371	148702	9500	96751	14160	109181	16750	86810	68300	66960	21240	2770	152670	28380	18510	29120	136742	81280	87110	86160	28570	103510	90700	97520	82861	56630	81470	139100	33390	70260	37110	152500	0	102011	29110	76491	15560	14490	146362	46810	56961	28170	25340	16920	52831	56130	122671	38700	166132	99690	23470	
38540	61230	106380	23680	115651	38940	88051	49430	56670	68340	122870	105571	64030	102010	87820	81090	53160	85110	70560	55530	105830	110280	90450	84140	23360	55280	65100	72550	106280	62720	72550	72340	102981	0	129781	41300	112370	99010	62780	80780	47830	126990	90870	118411	53140	59800	43540	65470	69120	97720	124901	
99681	176002	29280	123061	16220	135491	43060	112170	89710	89380	8080	27270	178740	46400	43810	54420	164042	106050	109530	111520	42700	126440	113350	121180	109171	81930	105130	163620	54660	95620	63440	178570	29320	128321	0	102801	27430	37920	173662	68220	83271	21130	46750	14050	79141	81430	148981	64580	192442	122620	6610	
6120	72911	77220	22770	88571	33400	61360	17130	46610	27690	95860	78581	103122	81640	62030	57820	60951	45790	35710	22370	83940	76000	55410	51280	29400	38850	28370	68340	70560	22070	42010	102572	75991	40960	102701	0	83150	68900	70571	71220	21630	97420	67600	91331	23920	44140	46880	38810	87411	64860	97821	
82020	156481	8870	105820	13390	116960	28070	88920	81240	66130	21890	16190	163880	42900	31290	41900	144521	80450	86280	88270	40110	99170	87440	95730	92940	68050	81880	140370	29050	72370	42210	163710	15380	112400	27300	83550	0	15430	150650	61810	66370	14750	38750	16150	61500	67840	130450	48500	176772	95350	22430	
67440	141671	10180	90900	24190	102150	16920	75870	69730	53080	32690	17220	151780	42010	22540	32770	129711	67400	73230	75220	42200	92350	76820	83640	79410	56540	68830	127320	21260	59320	27630	151230	14630	98430	38320	68970	15430	0	137600	58070	52750	29690	30170	26950	47880	56330	115640	36990	156171	88530	33440	
74871	15830	146180	52340	159152	43290	132111	65710	112680	84280	168232	149072	116980	150641	132151	126671	10530	88881	73600	61320	152941	95980	88410	78100	84540	104990	72130	12880	135540	78000	112591	134540	146482	62820	174822	71141	150920	137750	0	139931	90341	163360	136601	161912	94501	110320	27410	109071	41240	88510	169942	
67230	140610	55950	86320	57180	102340	44660	87230	30070	79480	60350	48490	113100	24410	42790	31520	129470	101050	99750	90360	28230	130680	110560	112890	61370	35370	90050	140360	73630	78840	54441	111470	46880	80800	68220	71640	62010	58260	139090	0	49970	74620	28060	57490	51240	30600	112860	42490	148500	122430	63480	
17650	92281	60260	40580	69441	52760	42721	37650	31530	33880	75550	59451	103142	60600	42260	36780	80321	56020	53530	40780	62750	87270	66510	66770	28570	17950	43450	90180	60320	32450	26590	102592	56861	47550	83420	22060	66190	53050	89941	50040	0	80450	46560	72201	7090	22960	66250	19620	106781	77860	78500	
96310	174672	23160	119650	21280	131310	41730	101510	95530	78720	26030	28800	178170	54810	44770	55380	158901	90900	98870	100860	52020	109940	96850	106500	107230	82340	94470	152960	38460	84960	56500	178000	27990	126690	21400	97720	14750	29720	163240	74150	80660	0	52230	22830	75790	82130	144830	62790	191112	106120	24300	
63750	138441	31530	86170	35580	98920	16660	81090	49220	70650	38750	26890	137510	19040	14790	9780	126481	89260	91640	84220	19230	115610	98680	103290	70890	41600	81990	134190	45630	70780	39020	136340	25280	90630	46620	67970	38980	30260	136101	28000	46570	52330	0	35890	44390	37340	112410	31050	152941	110550	41880	
88501	164822	18100	111881	3190	124311	31880	100990	78820	78200	6810	14830	167070	37220	32870	43480	151872	92520	98350	100340	33490	115300	101940	108760	97991	70990	93950	152440	43820	84440	52260	165940	16900	117141	14050	91621	16480	26740	161492	57330	72091	22820	35860	0	67961	70490	137801	53640	181262	111480	7620	
21710	96061	55130	44920	65341	56540	38621	37110	34110	29890	72030	55351	108862	58740	38740	34920	84101	52030	49640	40240	60890	83280	62520	62780	34290	20380	39940	90210	54490	28730	21270	108312	52761	53270	79471	23990	61060	47920	93721	52410	7190	75320	44700	68101	0	25390	70030	15520	110561	73870	74591	
38610	113890	61780	57050	69280	74580	42630	59820	15070	54040	73650	58380	100630	44740	40360	27500	100050	76180	73790	62950	48560	107430	86670	86930	36680	5570	64090	112350	69160	52880	35290	100080	56180	59880	81520	44230	67820	56270	109670	30630	22560	82080	37280	70510	24780	0	83440	22960	126680	98020	76600	
50711	29340	123831	26470	134992	17600	107951	45590	85990	68910	142251	124912	101800	126481	107991	102511	17380	74501	61110	47820	128781	95220	80441	71120	59000	78300	58750	36770	117011	62630	88431	114660	122322	43140	149122	46981	130341	115731	27000	113570	66181	144861	112441	137752	70341	83630	0	84911	43840	84700	144242	
36130	111291	42340	59340	51590	71770	24500	52370	34680	39860	56740	41470	116180	44730	23450	20910	99331	59580	60950	55500	46880	89120	69000	72600	46080	21110	51300	105470	47530	40090	13260	115630	39010	65230	64610	39250	48270	36720	108951	42540	19720	62530	30690	53600	15590	22890	85260	0	125791	80870	59690	
91661	25590	171512	68000	179942	60080	148901	87310	124350	110230	187482	169952	108270	177951	148941	143461	37620	115451	102430	89140	180101	135310	121391	112070	91000	119910	100070	50680	157961	103950	129381	123250	167362	69280	194072	87931	177442	156681	40910	149180	107131	192022	153391	182702	111291	125240	44260	125861	0	125650	189192	
70590	102250	93610	74160	108740	71260	94950	49970	106970	45940	117240	102140	160980	125980	101990	102750	96950	23250	30630	43330	126170	14030	13940	14370	93220	93240	40280	81390	67880	47440	72990	166392	99550	97300	122950	65020	95320	88450	88820	124140	77470	106120	111550	111500	74060	98250	84750	82940	125281	0	117780	
94971	171292	24570	118351	9780	130781	38350	107460	84770	84670	3650	21400	173720	42970	38820	49430	158342	101340	104820	106810	39270	121540	108450	116470	104461	76940	100420	158910	50060	90910	58730	171890	23470	123611	6610	98091	22720	33210	168952	63280	78440	24040	41810	7610	74431	76440	144271	59590	187732	117720	0	


0	 Castleford                         0		0		32400		0

1	 Kingston_upon_Hull                 101		1729		21429		202
2	 Salford                            453		4997		24755		906
3	 Selby                              447		3174		22501		894
4	 Tyldesley                          303		3299		23275		606
5	 Goole                              638		648		21179		1276
6	 Milnrow                            469		3063		22883		938
7	 Carcroft                           449		5005		24001		898
8	 Ilkley                             333		1300		20018		666
9	 Hoyland_Nether                     686		4347		24681		1372
10	 Hindley                            307		1966		22191		614
11	 Radcliffe                          557		1859		21665		1114
12	 Ingleby                            638		1082		22247		1276
13	 Clayton_le_Moors                   132		3960		22639		264
14	 Wardle                             247		2835		23244		494
15	 Todmorden                          240		2283		22678		480
16	 North_Ferriby                      377		3994		23126		754
17	 Beighton                           339		5023		25636		678
18	 Maltby                             330		4847		24495		660
19	 Bentley                            724		2175		21958		1448
20	 Rishton                            506		5122		24587		1012
21	 Rainworth                          289		1052		21295		578
22	 Clowne                             291		2032		21561		582
23	 Worksop                            172		3864		22467		344
24	 Wetherby                           770		4881		26116		1540
25	 Shipley                            305		1221		21609		610
26	 Mexborough                         800		769		21094		1600
27	 Brough                             251		3950		22800		502
28	 New_Mills                          368		4782		25265		736
29	 Darfield                           296		2466		22381		592
30	 Meltham                            723		2265		22708		1446
31	 Thornaby_on_Tees                   129		4426		23685		258
32	 Whitefield                         704		5280		25521		1408
33	 York                               611		2374		23293		1222
34	 Ashton_in_Makerfield               313		3084		22441		626
35	 Pontefract                         320		5309		25253		640
36	 Urmston                            440		5002		24907		880
37	 Droylsden                          735		4625		25223		1470
38	 Barton_upon_Humber                 516		3783		24525		1032
39	 Barnoldswick                       323		3882		24057		646
40	 Morley                             128		1115		20917		256
41	 Lymm                               446		2354		22618		892
42	 Bacup                              387		4058		22884		774
43	 Atherton                           183		4662		24855		366
44	 Dewsbury                           172		677		20484		344
45	 Bingley                            503		1187		20366		1006
46	 Scalby                             700		1027		21354		1400
47	 Elland                             617		1545		22531		1234
48	 Hornsea                            495		4411		24688		990
49	 Warsop                             678		2224		21749		1356
50	 Abram                              329		4113		23856		658
