50

6350	3650

20	90

0	88841	75382	87210	97210	78911	96263	41760	97400	98232	62300	47801	44290	66960	89683	99840	72130	76990	43160	66340	68530	66990	56670	23010	70263	83490	25310	90741	92540	16950	99872	92540	94151	89743	47541	41350	7330	92611	70270	31690	71020	34270	66490	87660	35631	21660	92030	64110	29230	95821	47800	
88411	0	161741	13630	66980	117051	176452	56310	101190	177690	129380	135251	127271	116441	177271	120031	73110	99141	94770	32950	22450	122490	77011	74011	157943	107501	70381	178982	102040	97541	186231	97320	144991	176661	131861	113080	81821	180852	111681	61981	95021	119031	26210	13980	120511	100550	92260	91001	66980	8300	60270	
75142	161091	0	153650	169851	128380	85200	115382	166222	98040	100380	36030	59900	114820	16390	152480	143531	142120	107620	132780	140590	110000	127031	96391	12860	139561	98932	26230	161362	64740	25550	161362	136021	15980	34410	81580	81052	22290	119840	105412	139310	53160	138550	159910	41320	66000	163052	130770	97120	168071	109300	
86740	13510	154010	0	78050	121981	177692	58430	108570	179990	131500	129140	126690	121250	169540	124961	78040	104071	96890	21740	26950	124670	81941	73380	151162	112431	69750	172372	109371	90030	178500	105131	149921	168930	124360	112990	80150	173592	116611	61350	99951	118450	31140	26310	113010	91450	97430	95931	58120	17370	49230	
96970	65960	169061	77760	0	77960	160840	58620	37110	149142	102020	141230	124520	83700	182390	68640	29400	55060	75000	80990	56680	91642	49510	75390	161420	63360	73460	180580	43340	111610	193681	37760	105900	183552	141090	103360	93000	183540	77800	70630	54390	119520	53790	52180	129180	115360	30050	56810	88000	70210	95080	
77631	117071	128770	121611	77890	0	90290	69630	51420	78270	33780	102260	70200	15430	135880	28280	52580	22860	38210	117500	94921	22480	40790	65260	118400	18470	66500	123180	41440	94031	152870	46420	28460	142400	117550	49150	79850	135660	10580	73510	26210	78410	90021	111140	103921	98741	54690	25740	92350	124051	107550	
95913	176442	84690	178692	160632	90260	0	121102	137780	19440	61720	76660	55960	79990	87360	109910	132510	109220	91200	160283	155922	70060	112690	102932	72550	105000	106772	69860	128420	104860	99660	132780	71240	93720	100540	63732	100803	82470	86620	117112	109292	69190	151452	174312	91010	110030	137432	105450	122013	183712	143683	
41440	56240	115792	58200	58690	69700	120992	0	71390	122230	73920	88211	75830	63610	130093	81490	42190	57560	39310	46730	35720	67030	30720	22160	110673	65220	18530	129890	69570	53280	140282	66910	95910	130153	87570	57620	36400	132850	61640	12300	51590	69170	31250	54110	76041	57030	62090	46300	32500	63220	45080	
96880	101120	165831	108830	37390	51000	137730	71210	0	126780	79380	136861	112660	60750	178191	36300	30150	30340	63140	107601	81430	68080	44520	78720	155651	34500	76790	167020	11000	113351	191822	5820	78290	181371	139031	90430	96090	179341	54360	81360	33410	112951	76530	87340	127121	118061	14560	40800	101940	105370	115930	
98332	177530	97810	179780	149122	78120	19240	122160	126770	0	51980	87030	60130	68980	100480	97370	122060	98210	85760	162702	157000	59050	105270	105351	85670	93990	109191	87150	117410	108291	116920	121770	58700	107000	110490	66151	103222	99630	75610	119531	97782	73360	152530	175400	98930	113471	125922	95000	124432	184800	146102	
61900	128960	100230	130920	102290	33550	61520	73620	79420	51860	0	74590	42530	21630	106280	59150	74110	50860	37220	118350	108440	11700	57130	60290	88800	46640	64130	93580	70060	78210	122710	74420	36381	112800	89880	26740	64640	106060	28260	72730	51292	51070	103970	126830	78770	82920	79432	47050	83270	135940	103770	
48071	135492	36120	129370	140840	101990	76880	88311	137532	86750	74460	0	34160	88430	51170	126090	115760	115730	79440	108500	115181	83730	98482	68620	30470	113171	71861	50450	132672	40790	60610	132672	110091	51040	27370	55190	53981	52320	93450	78341	111152	26770	113141	134311	17840	42050	134362	103130	72840	142472	85350	
43550	127271	59830	126450	124570	70000	55840	75450	112730	60220	42470	34180	0	56440	68200	93701	97450	83740	51640	106760	107000	51740	75702	53550	48400	81181	57520	60380	104110	49730	83660	107600	78071	73000	50520	23200	48440	69350	61460	66770	80930	14060	104240	126130	39410	54900	109530	72390	69650	134251	89730	
65920	116741	115120	121140	83900	15070	79870	63550	60620	68920	21520	88610	56550	0	121960	40350	55720	32060	27150	108280	95561	10220	40280	54410	104480	27840	55650	109260	51260	82320	138390	55620	34370	128480	103900	36530	68660	121740	8420	62660	32830	65090	90661	112500	92210	87030	61081	27290	80950	123721	96150	
89983	176691	16100	169250	182670	135610	87670	130223	178342	100510	106420	51220	68120	122050	0	159710	157080	151190	118300	148380	156190	116040	137852	109940	21840	147190	113773	20380	170620	80340	16950	172512	142021	7040	50110	91260	95893	8090	127080	120253	148990	63840	154150	175510	56920	81600	174202	140450	112720	183671	124900	
98270	120182	152140	124722	68600	27730	109140	81410	36310	96690	58560	125630	93280	40020	158980	0	49780	25210	57960	122592	99002	47260	51090	83100	141500	18450	83700	146280	25890	115090	175970	31310	43080	165500	139120	72230	99290	158760	33660	88740	31400	101490	94102	109350	125710	119800	43950	38480	109000	127162	125220	
71200	73130	143291	77830	29160	52140	132170	42060	30180	121730	73820	115460	96910	55500	156280	49460	0	29240	46800	75700	52110	65062	22530	49620	135580	37540	47690	154470	30420	86470	167911	25700	80080	157782	115320	75160	67230	157430	49600	52260	28330	93750	47210	59500	103410	90610	20880	28610	72840	77530	86170	
76120	99371	142440	103911	55030	22900	109180	57450	30400	98230	50830	115020	83870	32200	151130	25380	29720	0	38370	101781	78191	39530	27130	59140	132220	8300	59740	138430	21260	92520	166800	25400	50840	156140	118271	61640	75330	150910	25550	64780	7440	90650	73291	88390	106361	97230	31830	14520	85040	106351	100240	
42190	94630	107720	96590	75450	38460	91080	39290	63370	85810	37330	78760	51570	27190	118240	58670	47270	38520	0	84020	74110	30610	26420	30150	97540	43520	31390	111830	58510	58590	132080	58510	59490	121420	82620	31160	43300	119390	29830	38400	33960	54840	69640	92500	70710	63300	60200	25410	56690	101610	71890	
65810	32830	133070	21670	82020	119470	159722	46770	107801	162512	118750	108200	107430	108440	148600	123151	76230	102261	84130	0	26110	111860	76140	60270	130222	110621	56940	151140	107561	69100	157560	103321	140860	147990	103420	99260	59220	152652	108490	47510	97010	98620	28840	39050	92070	70510	95620	91720	37180	37770	28510	
68330	22390	141430	26390	58000	95551	156082	35940	81460	157320	109010	115170	107210	96101	156960	99691	52770	78801	74400	26290	0	102120	56671	53660	137632	87101	50030	158191	81700	77460	165920	76980	123491	156350	111780	92710	61740	160061	91341	41630	74681	98970	5710	20020	100430	81210	72160	70661	49220	29370	48130	
65980	122030	110050	124280	94481	24500	73470	66690	70370	62560	15120	83540	51480	12580	116890	50100	66590	41810	30290	111420	101510	0	49800	57550	99410	37590	58790	104190	61010	82290	133320	65370	32740	123410	98830	32630	68720	116670	19210	65800	43141	60020	97040	119900	87720	87000	71281	38950	84090	129300	99290	
56000	77311	127001	81851	49680	40900	112560	30730	44670	105000	57090	98031	75680	40160	137521	51100	22790	27170	26270	76130	56131	49720	0	36590	116821	34830	34660	134770	40890	72400	151361	39950	68840	140701	99210	54630	54200	138671	35460	39230	21200	74121	51231	73260	87300	77110	38940	16010	59810	84291	74440	
22670	74550	96711	73870	75240	65560	103022	22190	79360	104991	59870	68880	53900	54650	109770	83130	50160	59200	30350	60360	54030	58070	37300	0	89070	65700	4260	107960	74750	38680	121201	74750	86950	111072	68740	40370	19450	110920	56980	14890	53230	47240	51240	73160	56830	42830	70060	46320	27880	81530	46390	
70583	158323	12780	150900	161610	117740	73220	110420	155842	86060	88550	30160	48070	104180	21740	141840	136020	131740	97240	130030	137693	98170	116792	88880	0	129181	92850	22270	150982	61990	36610	150992	124151	25950	37070	71200	76493	22890	109210	100630	128930	42780	135653	157142	38570	63250	152672	120390	94370	165303	106550	
82900	107891	139780	112431	63550	18130	104960	65320	34590	94010	46610	113270	81210	27980	146910	18650	38240	8520	43310	110301	86711	35310	35000	65920	129430	0	66520	134210	25450	99340	163900	29590	46070	153430	124400	60160	82110	146690	21590	72290	15310	89420	81811	96910	112490	104081	40350	20770	91820	114871	108040	
24990	70860	99342	70180	73030	66790	106822	18500	77150	108791	63670	71761	57870	55980	113643	83860	47950	59930	31680	57130	50340	59400	35090	4200	93040	66430	0	111930	75330	39910	123832	72670	88280	113703	71501	44180	20670	114890	58210	11460	53960	51210	47550	69470	59591	44050	67850	47050	26700	77840	44670	
91271	179442	26000	172220	180810	122850	70100	129620	167250	87120	93660	50520	60390	109290	20390	146950	155220	138430	111880	151350	158381	103280	134790	108080	21820	134430	112050	0	157860	83310	31640	162210	128260	25700	58390	81490	97181	14170	114320	119830	137970	61980	156341	178261	59890	84570	166310	129950	115690	186422	127870	
91791	102690	160742	109482	43350	40880	128330	69460	11060	117380	69980	131772	104380	51440	170400	25940	30390	21320	58051	107352	81670	58680	41240	74811	150562	25480	75040	157700	0	108262	186733	6060	67930	176282	133942	82150	91001	170180	45080	79610	26380	107862	76770	89060	122032	112972	19660	33770	100190	107090	115681	
17330	97111	64930	89860	111170	94641	105650	52770	113252	108401	78030	40560	50420	82690	80460	116120	86720	92720	58890	68990	76800	82720	72400	38630	62082	99372	39900	83292	108392	0	89420	108270	109881	79850	35280	53870	20240	84512	86000	42100	86750	37070	74760	95930	23930	5310	106620	79840	33330	103550	44690	
99732	185681	25060	178240	194571	152580	99860	139972	191933	116920	122830	60620	84010	138460	16930	176680	168251	166710	132210	157370	165180	132450	151621	120981	36970	164151	123522	31510	187073	89330	0	186422	158991	14010	57160	106170	105642	19090	144050	130002	163900	77750	163140	184500	65910	90020	188112	155360	121710	192661	133890	
92120	97850	161071	105131	37840	46240	132970	66610	5850	122020	74620	132101	107900	55990	172221	31540	25550	25580	58380	103001	76830	63320	39760	74120	150891	29740	72190	162220	6240	108520	186261	0	73530	175401	134271	85670	91330	173371	49600	76760	28220	108191	71930	84220	122361	113230	14150	35610	97340	102250	111330	
93653	145031	136031	149571	105850	28220	71050	95860	78470	58600	36541	110381	78291	34370	142041	43710	80540	50820	59460	141160	122881	29240	68750	86720	124561	46180	87960	127950	68050	110053	159031	73470	0	148561	127611	61081	96393	141821	37440	94970	54170	86831	117981	140010	114561	115473	82650	53700	113830	152011	129030	
89613	176181	15560	168740	184452	142060	93990	129853	181814	106960	112870	51120	73480	128500	7010	166160	158132	156440	121940	147870	155680	122490	141492	110862	26440	153640	113403	25640	176810	79830	14080	176152	148471	0	47660	95900	95523	12020	133530	119883	153630	67480	153640	175000	56410	80520	177842	145090	112210	183161	124390	
47401	131411	34580	124160	140750	116181	100760	87070	139062	110860	90020	27600	50790	103990	50110	138510	115670	118652	82840	103290	111100	99290	99170	68530	37250	124770	71191	58460	134202	35250	57430	134202	127641	47860	0	70750	52040	56010	107540	76400	112682	39900	109060	130230	12940	35330	135570	105802	67630	137850	79810	
40730	113050	82070	113300	103410	49530	63842	57710	90370	65811	26210	55560	23500	36590	91650	72571	75230	61860	31140	99220	92530	33200	54380	40250	71850	60051	44090	81530	82230	54100	106430	85530	60361	95770	70850	0	43470	92800	40330	54430	59050	31780	88060	110920	59740	58810	87200	50510	62730	120030	83230	
6810	81721	81312	80090	92540	80420	101353	36280	96050	103322	64420	53731	49380	69060	95613	99570	67460	75640	43520	59220	61410	69110	54600	19370	76193	82140	20640	96671	91190	20150	105802	91190	96251	95673	52080	43470	0	98541	71790	25610	69670	40200	59370	80540	40730	24290	87360	62760	22110	88701	41810	
93151	180991	21970	173550	183850	135320	82800	132660	179522	99590	106130	52400	69300	121760	8090	159420	158260	150900	119480	152680	160261	115750	139032	111120	23020	146900	115090	14170	170330	84640	19220	173692	141731	12080	55980	92440	99061	0	126790	122870	150170	65020	158221	179810	61220	85900	175382	141630	117020	187971	129200	
69700	111941	120280	116481	77361	10780	86560	61700	54470	75610	28210	93770	61710	8480	127410	34210	49890	25520	29830	108440	90761	16910	35480	56880	109930	21690	58120	114710	45120	86100	144400	49470	37030	133930	107900	40660	71470	127190	0	65130	25590	69920	85861	107700	95990	90810	54161	21460	83420	118921	98620	
30850	62060	105202	61380	70640	73860	117292	12240	81590	119261	73360	77621	67030	63050	119503	89090	52390	65160	38750	47460	41540	66470	39530	14950	100083	72030	11460	120561	79770	42550	129692	77110	95350	119563	76570	54640	25400	122431	65280	0	59190	59850	38750	60670	65220	46310	72290	52650	22340	69040	36090	
70020	95351	138971	99891	54410	26350	109482	51350	33260	97762	51562	110001	80780	32910	148930	31450	28690	7520	33570	96750	74171	40262	21030	53040	128791	15180	53640	137970	26380	86420	163331	27890	54290	152671	112171	58550	69230	150080	25620	58680	0	86091	69271	86890	100261	91130	31210	8420	78940	102331	94140	
34240	119201	53260	118380	119760	78470	69620	69440	113442	74000	50940	26750	14390	64910	63780	101801	94680	90710	54840	98500	98930	60210	74392	47540	43080	89281	51510	61970	108582	36990	77620	108582	86541	66960	39560	31300	40150	64930	69560	60210	86890	0	96890	118060	28450	41710	110272	78340	61390	126181	77670	
66050	26260	139150	30800	54100	90791	151402	31260	76700	152640	104330	112890	104430	91341	154680	94931	48010	74041	69720	28740	5080	97440	51911	50830	135352	82341	47200	155911	76940	75180	163640	72220	118731	154070	109500	88030	59460	157781	86581	38800	69921	96690	0	23080	98150	78930	67400	65901	48660	33240	48260	
87530	13890	160860	26280	53190	111130	174032	53890	87400	175270	126960	134370	126410	112500	176390	109880	60010	88230	92350	39030	20000	120070	73300	72860	157062	96530	69230	178101	88940	96650	185350	84220	140120	175780	130980	110660	80940	179971	107740	60830	86910	118170	22900	0	119630	100410	78470	87060	67290	18960	65390	
35301	119981	41320	112730	128650	104081	91150	75541	126962	98900	78440	17760	39210	92080	56850	126410	103570	106552	70740	91860	99670	87710	87070	56430	38472	112540	59091	59682	122102	23820	65810	122102	114071	56240	12420	59170	40610	60902	95440	64970	100582	28320	97630	118800	0	25080	123470	93702	56200	126420	68380	
21830	100260	66050	91510	114810	100411	110140	56410	117752	113501	82530	41790	54910	87190	81580	121241	90740	97220	63390	70640	80440	87220	76900	42650	63202	103872	43920	84412	112892	5240	89960	112770	116461	80390	35310	58370	24260	85632	90500	45740	91250	41420	78400	99570	24970	0	110640	84340	35750	105200	45120	
91120	92100	162851	97970	29720	54710	137612	62030	14810	125892	79692	133881	109680	61251	174001	44280	20970	31810	60160	95840	72250	68392	39140	69540	152671	40110	67610	166730	20020	106390	187831	14440	82650	177181	135240	87450	87150	175151	54601	72180	31140	109971	67350	78320	123330	110530	0	38510	92760	96350	106470	
63420	91201	131000	95741	57060	25740	105370	46210	40660	94930	47020	102450	72430	27340	140580	38530	28880	14600	25220	91610	70021	37070	15890	46440	120780	20760	47040	129950	33780	79820	155360	35290	53680	144700	105571	50200	62630	141730	21440	52810	8630	78320	65121	86960	93661	84530	38370	0	72340	98181	87540	
28830	66940	97250	58190	88000	92220	122423	32280	102160	124392	82410	72380	70450	81130	112780	109070	72960	85140	56830	37320	49020	84550	60100	27160	94402	91640	26680	115320	100340	33280	121740	97680	113221	112170	67600	62750	22240	116832	83420	22310	79170	61640	48630	67030	56250	35770	92860	72260	0	71880	20730	
95541	8370	168871	17240	71180	124181	183832	63440	105390	185070	136510	142381	134401	123571	184401	127161	78000	106220	101900	37770	29580	129870	84141	81141	165073	114520	77511	186112	106930	103780	193361	102210	152121	183791	138100	120210	88951	187982	118811	69111	102151	126161	33340	18960	126750	105430	96460	98131	71860	0	65090	
47780	60040	109750	49060	95050	107400	143362	44800	115950	145662	102950	85380	90900	96370	125280	124820	86310	100320	72070	28450	47780	99790	74640	46390	106902	107390	44600	128112	115630	44960	134240	111470	128790	124670	80100	83290	42040	129332	98600	35920	94300	77910	48190	65250	68750	45380	106290	87440	20740	64980	0	


0	 Halesowen                          0		0		32400		0

1	 Sandbach                           793		1565		21968		1586
2	 Gloucester                         470		4494		23755		940
3	 Nantwich                           632		3738		23374		1264
4	 Matlock                            467		4486		24801		934
5	 Oadby                              537		1173		21361		1074
6	 Bicester                           301		802		21075		602
7	 Rugeley                            743		2485		23961		1486
8	 Arnold                             636		1849		21455		1272
9	 Buckingham                         481		1695		21732		962
10	 Rugby                              295		4541		23891		590
11	 Pershore                           706		2404		23494		1412
12	 Stratford-upon-Avon                463		3966		23216		926
13	 Broughton_Astley                   696		3768		24622		1392
14	 Stroud                             760		5008		26228		1520
15	 Melton_Mowbray                     322		2897		22967		644
16	 Derby                              258		2419		22163		516
17	 Loughborough                       591		1454		22150		1182
18	 Atherstone                         263		4492		23381		526
19	 Market_Drayton                     219		2025		20721		438
20	 Stoke-on-Trent                     764		3580		24507		1528
21	 Lutterworth                        747		4686		25336		1494
22	 Swadlincote                        517		1361		21717		1034
23	 Aldridge                           111		3909		23374		222
24	 Cheltenham                         146		3630		21925		292
25	 Sileby                             588		1084		20560		1176
26	 Brownhills                         724		5204		25923		1448
27	 Cirencester                        643		2148		23159		1286
28	 West_Bridgford                     749		3881		24948		1498
29	 Kidderminster                      712		2701		23919		1424
30	 Dursley                            502		3347		23125		1004
31	 Nottingham                         823		3506		23564		1646
32	 Desborough                         179		4143		23674		358
33	 Stonehouse                         514		5057		24520		1028
34	 Great_Malvern                      169		1833		22036		338
35	 Kenilworth                         242		1813		22198		484
36	 Dudley                             132		4868		24789		264
37	 Chalford                           156		2303		21420		312
38	 Enderby                            533		2852		23605		1066
39	 Cannock                            763		2964		23830		1526
40	 Shepshed                           187		1686		20547		374
41	 Alcester                           154		2959		21861		308
42	 Longton                            538		1741		22154		1076
43	 Congleton                          244		1397		21631		488
44	 Worcester                          289		5096		24253		578
45	 Bewdley                            296		798		20335		592
46	 Kimberley                          487		3152		23339		974
47	 Coalville                          404		4378		24502		808
48	 Albrighton                         540		1234		21434		1080
49	 Middlewich                         749		1707		21489		1498
50	 Wellington                         729		3126		22706		1458
