50

6350	3650

20	90

0	41341	20260	30411	94190	52100	12210	97990	38040	52401	70580	25540	30100	19790	38840	48220	19400	52620	49610	66860	31250	43860	43570	29040	18540	46641	79870	81000	70130	53300	41420	38320	14990	51250	17590	78640	62470	29910	89542	49370	76540	49721	13330	40770	71611	47341	41040	61280	80060	87560	52290	
41151	0	59721	12610	127600	28800	51371	133950	77501	19920	112502	48720	50700	59001	71610	82380	47920	69240	35590	108570	62900	60480	45400	63100	54550	9960	121720	122922	102900	53260	58040	54940	42970	83470	30950	112050	95240	37060	130433	82140	110570	14820	31300	21400	31620	12440	73810	101851	121910	122730	92861	
20100	59661	0	48731	77390	64820	15210	81190	22250	70721	55170	28560	33270	8900	22560	30310	20940	56350	62261	51780	15910	47590	50900	20210	20090	64961	64790	65590	53920	60630	45150	42050	26730	35040	32720	61840	46260	40460	72610	33160	63370	65820	30740	53490	93190	63440	24830	45390	64980	70760	36840	
29741	13290	48311	0	119270	36440	39961	125620	66091	22580	99881	41850	45250	47591	63280	74050	39590	65450	24890	96161	54570	56690	45810	51190	42640	17130	109171	110572	94570	54930	54250	51150	31060	75140	24380	103720	86910	34190	118083	73810	97320	24170	22380	26930	38820	21790	65480	89331	109361	114400	80341	
93870	128390	77710	120530	0	132750	86320	12920	59460	142520	48250	90830	96300	78200	58840	51590	83740	114610	131221	48920	69430	105720	116690	82370	86110	136340	59240	58680	27860	127700	104740	106670	96460	56210	100540	17440	60850	108110	65700	57300	60270	134170	99410	121140	165320	131530	56950	33920	60750	12930	42490	
51830	28830	64890	36340	131720	0	62360	138070	84700	48240	118020	49910	46940	69410	75670	86440	51490	65480	61160	114300	66470	56720	27431	78990	68490	38280	127310	128441	107020	24690	54280	51180	65100	87040	36540	116170	99300	30120	135952	86200	125890	22380	42480	12050	59940	21750	77870	108720	127500	126850	99730	
12240	51731	14580	40801	85720	62150	0	89520	29570	59840	62110	30190	34750	9820	34680	42370	23970	57270	48291	58240	27190	48510	50300	18740	8240	57031	71390	72530	66040	60030	46070	42970	12760	47160	27640	70170	58380	39250	79550	45280	66250	59780	23380	50820	82401	57400	36950	52810	71580	79090	43820	
97980	134620	81820	126760	13440	138980	90430	0	63570	148750	52360	97060	102530	82310	65070	57820	89970	126370	135570	53030	75660	117480	122920	86480	90220	142570	63350	62790	34790	133930	116000	112900	100570	67810	106770	25680	73070	114340	69810	63790	64380	140400	105640	127370	171550	137760	63180	38030	64860	12610	46600	
37540	77101	22260	66171	59100	84680	29990	62900	0	88161	35530	48420	53130	21870	23600	19040	40800	76210	75271	32821	31540	67450	70760	27520	30160	82401	45801	45950	39940	80490	65010	61910	40510	35160	52580	43550	46890	60320	52970	30850	44381	85080	48680	73350	276909	82700	23400	26230	45991	52470	17200	
52161	19750	70731	22650	141690	48030	59900	148040	88380	0	118630	64270	67670	68690	85700	96470	62010	87580	24090	114000	76990	78820	64630	68530	59980	15960	127150	128950	116990	72470	76380	73280	48400	97560	46650	126140	109330	56290	135970	96230	113210	34030	44800	40630	38080	31650	87900	111230	126630	136820	102240	
69100	110991	54330	98921	47590	116700	61550	51390	34690	117720	0	80350	85060	53040	47410	38470	72800	108140	98770	6940	59260	99380	102690	53450	59020	115970	13020	12650	28430	112510	96940	93840	69370	57440	84270	32040	68500	92250	19670	54170	15410	117610	80240	105280	279999	115230	46970	15270	14530	40960	17720	
25400	49020	28700	42270	89820	50090	30650	96170	48510	64260	81440	0	6940	34090	34670	44830	10970	30940	63380	77920	22460	22180	26660	45670	36370	57610	90930	91870	65120	36390	19740	16640	38440	43030	19850	74270	55480	21180	98890	42880	89510	52950	23220	38760	83870	50570	36030	67100	91120	84950	63100	
30030	51920	33410	46010	95280	48520	35280	101630	53220	68000	86140	7020	0	38720	40130	50290	16430	28620	67120	82630	27920	19860	24340	50300	41000	60810	95640	96760	70580	34070	17420	14320	43070	48490	23590	79730	60940	18860	104282	48340	94220	52940	26960	37190	84240	51150	41490	72560	95830	90410	67810	
19820	59381	8860	48451	78100	69480	10310	81900	21950	68960	54040	34040	38710	0	28970	36000	26490	61780	57411	49410	23450	53020	55560	14120	14160	64681	62560	64360	58940	65290	50580	47480	21880	41450	35220	62550	52670	45120	71380	39570	61140	67360	30960	58150	270800	64980	31240	45190	62750	71470	36200	
38810	71510	22510	63650	58320	75590	35270	64670	23570	85640	48220	34660	40130	28730	0	11640	27570	64800	82081	46200	13260	56000	60520	39460	40120	79460	58950	58650	33620	70250	53600	50500	46550	15800	43660	42770	27530	51230	65670	13920	57960	76760	42530	64260	105660	74380	4220	33880	59570	53450	32490	
48020	82250	30260	74390	51510	86330	42890	57860	18820	96380	39080	44860	50330	35870	11610	0	37770	74630	89991	37220	23460	65190	70720	43510	46030	90200	49970	49510	26810	80450	63660	60700	54460	20500	54400	35960	32130	61970	56530	17530	48980	87500	53270	75000	117830	85120	11170	24740	50590	46640	23530	
19330	47930	20710	40070	82740	51570	24480	89090	40520	62060	73440	10950	16420	26710	27590	37750	0	40210	61160	70110	15380	31450	35930	38540	29790	55880	83120	84060	58040	45660	29010	25910	32370	35950	20080	67190	48400	26730	91762	35800	81700	53180	18950	40240	81670	50800	28950	60020	83310	77870	55110	
52780	69500	56500	65620	114110	66100	58030	125400	76310	88130	109440	30770	27200	61810	64140	74300	40270	0	89560	105720	51930	14640	41920	73390	63840	78390	118730	119861	93380	51650	14780	15410	65820	59080	44680	102770	66970	36440	127372	64990	117310	70520	49400	54770	107960	68730	63640	96750	118920	114180	91150	
49650	35760	61801	25310	131011	61230	48311	135200	75251	24090	99720	63200	66600	57101	81791	89651	60940	88750	0	92970	74301	79990	70600	54670	47361	34370	102890	109260	111851	79720	77550	74450	35561	94271	45730	115461	105491	58980	116280	92391	89770	47740	43620	51720	255885	45360	84061	98101	101130	124381	89111	
66050	107941	51550	95871	48700	113650	58340	52500	32890	113990	7700	77300	82010	49310	46070	37720	69750	105090	92970	0	57920	96330	99640	49470	55290	112240	13800	16440	29540	109460	93890	90790	65640	56020	81220	33150	67650	89200	23460	52750	12380	114560	77190	102230	276969	112180	45630	16380	13990	42070	16140	
31200	62990	16160	55130	68510	66630	28000	74860	31450	77120	60130	22550	28020	23310	13360	23520	15460	52690	74811	58110	0	43930	48410	34040	32850	70940	70860	70560	43810	58140	41490	38390	39280	22320	35140	52960	34770	41790	77580	22170	69870	68240	34010	55300	96730	65860	14720	45790	71480	63640	44180	
43920	60640	47640	56760	105290	57240	49170	116040	67450	79270	100580	21910	18340	52950	55280	65120	31410	14580	80700	96860	43070	0	33060	64530	54980	69530	109870	111001	84560	42790	3140	7160	56960	50260	35820	93930	58150	27580	118512	56170	108450	61660	40540	45910	93200	59870	54280	87390	110060	104820	82291	
43610	45370	51310	45650	115060	27411	51490	121410	71120	64780	104251	26540	22970	55840	59910	70070	36040	41510	70470	100530	47700	32750	0	67340	57300	54820	113540	114671	90360	10170	30310	27210	56920	68270	31920	99510	80720	14160	122182	68120	112120	43750	37460	26710	85030	41960	61270	92340	113730	110190	85960	
28520	62930	20240	52320	82290	78430	19010	86090	27530	68470	54440	45840	50400	14100	39700	43580	38440	73470	54750	49470	34180	64710	66580	0	12420	66720	62960	64760	63130	76310	62270	59170	20630	52180	43920	66740	63400	55530	71780	50300	49770	74750	39660	67100	257390	72370	41970	49150	62130	75660	40830	
17890	54370	19640	43760	85840	67800	8380	89640	30080	59910	59940	35840	40400	14050	40030	46030	29620	62920	47391	55310	32540	54160	55950	12340	0	58160	68460	70260	66680	65680	51720	48620	12070	52510	33290	70290	63730	44900	77280	50630	59840	65430	29030	56470	260090	63050	42300	52930	68650	79210	43940	
46141	9730	64711	16630	135510	38010	56361	141860	82491	16670	116830	57320	59300	63991	79520	90290	55830	77840	34460	112200	70810	69080	54610	66730	58180	0	125350	127150	110810	62450	66640	63540	46600	91380	38860	119960	103150	46270	134170	90050	114200	24010	38780	30610	24550	21630	81720	106841	125540	130640	97851	
78870	120761	64370	108691	59210	126470	71200	63010	45710	126850	12530	90120	94830	62170	58870	50090	82570	117910	102900	13730	70720	109150	112460	62580	68150	125100	0	7130	40050	122280	106710	103610	78500	68820	94040	43660	80120	102020	11010	65550	13930	127380	90010	115050	271516	125000	58430	26890	4780	52580	28940	
80380	122661	65610	110591	58470	128370	72830	62270	45970	128750	11600	92020	96730	64070	58290	49350	84400	119810	109350	16530	70140	111050	114360	64480	70050	127000	7220	0	39310	124180	108610	105510	80400	68320	95940	42920	79380	103920	8920	65050	19890	129280	91910	116950	275856	126900	57850	26150	11310	51840	29000	
70570	103270	54270	95410	27510	107630	67030	34490	40350	117400	29140	65710	71180	59090	33720	26470	58620	93540	112111	29810	44310	84650	91570	63260	67000	111220	40130	39570	0	102580	83670	81550	77350	35510	75420	11960	42280	82990	46590	32440	41160	109050	74290	96020	140200	106410	31830	14810	41640	23270	23380	
53260	53220	60920	54830	125930	24690	61100	132280	80730	72340	114050	36150	32580	65450	69520	79680	45650	51120	79650	110330	57310	42360	10200	76950	66910	62380	123340	124471	101230	0	39920	36820	66570	77880	41730	110380	90330	23970	131982	77730	121920	44460	47270	35290	84040	43830	70880	103210	123530	121060	95760	
41500	58220	45220	54340	104310	54820	46750	114360	65030	76850	98160	19490	15920	50530	52860	63020	28990	14820	78280	94440	40650	3080	30640	62110	52560	67110	107450	108581	83230	40370	0	4740	54540	49280	33400	92380	57170	25160	116092	54681	106030	59240	38120	43490	90780	57450	52730	85290	107640	103140	79620	
38430	55150	42150	51270	104940	51750	43680	111290	61960	73780	95090	16420	12850	47460	49790	59950	25920	15450	75210	91370	37580	7150	27570	59040	49490	64040	104380	105511	80240	37300	4710	0	51470	53350	30330	89390	61240	22090	113022	58000	102960	56170	35050	40420	87710	54380	51150	82220	104570	100070	76550	
15250	42810	26390	32200	96390	65170	12900	100190	40630	48350	70490	38750	43310	21690	46380	54240	32610	65830	35561	65860	38890	57070	56760	20780	12230	46600	79010	80810	77230	66490	54630	51530	0	58860	29620	80840	70080	43100	87830	56980	67510	54630	25450	53840	261470	52250	48650	63480	79200	89760	54490	
51380	83570	35080	75710	56260	87210	47840	67440	35160	97700	57880	43130	48600	41300	15920	20400	36040	59140	94651	55860	22290	50250	68990	52030	52690	91520	68610	68310	35530	78720	49270	53370	59120	0	55720	44920	12990	62370	75330	6820	67620	88820	54590	75880	118360	86440	13770	43540	69230	56220	42170	
17300	30920	32780	24420	99740	36550	27830	106090	52590	46900	85290	19620	23020	34880	43750	54520	20060	44230	46000	81570	35040	35470	31840	44460	33960	38870	94580	96130	75040	41580	33030	29930	29570	55610	0	84190	67380	18170	103652	54280	91960	36280	6950	25220	60560	33900	45950	75730	94770	94870	67000	
77980	112500	61820	104640	17040	116860	70430	25320	43570	126630	32360	74940	80410	62310	42950	35700	67850	102820	115331	33030	53540	93930	100800	66480	70220	120450	43350	42790	11970	111810	92950	90780	80570	44790	84650	0	51560	92220	49810	41670	44380	118280	83520	105250	149430	115640	41060	18030	44860	14020	26600	
61460	94160	45160	86300	61010	98230	57920	72800	45840	108290	67640	54150	59410	51380	26640	31030	47060	63780	104731	66490	33310	54890	79980	62110	62770	102110	78630	78070	40880	89710	53910	58010	69200	11450	66310	50270	0	73390	85090	16920	78250	99410	65180	86900	131090	97030	24490	53310	79860	62010	52800	
29760	37450	40610	34160	107380	30130	39890	113730	60420	56670	93550	20750	17180	45140	51390	62160	26830	35720	58980	89830	41810	26960	14170	56200	45700	46780	102840	103971	82680	23910	24520	21420	43070	62380	18270	91830	74830	0	111482	61920	101420	35840	23610	18800	68440	34050	53590	83710	103030	102510	75010	
87450	129831	72680	117761	65540	135540	79900	69340	53040	135820	18670	99090	103800	71140	65360	56420	91470	126980	116420	23600	77210	118220	121530	71550	77120	134070	10980	8910	46380	131350	115780	112680	87470	75390	103250	49990	86450	111090	0	72120	24220	136450	99270	124120	275876	134070	64920	33220	15070	58910	36070	
49210	81910	32910	74050	57050	85990	45670	63400	30830	96040	54890	43150	48620	39130	13750	17150	36060	65180	92481	52870	22190	56290	69010	49860	50520	89860	65620	65320	32350	78740	54821	58921	56950	6770	54060	41500	18360	61630	72340	0	64630	87160	52930	74660	117110	84780	11600	40550	66240	52180	39180	
76010	110390	63000	98450	60020	125100	66500	63820	44340	113210	16170	88750	93460	60800	57560	49210	81200	116540	89780	12360	69410	107780	111090	49760	59910	114180	13770	19860	40860	120910	105340	102240	67500	67510	91410	44470	79140	100650	24080	64240	0	122940	87150	113680	265289	120560	57120	27700	13070	53390	27630	
49441	15140	65880	23040	133370	22390	59661	139720	85500	34260	118820	52720	51400	67250	76850	87620	53160	69940	47910	115100	68140	61180	43830	74210	65660	24300	128110	129241	108670	44470	58740	55640	54080	88710	36320	117820	100480	35890	136752	87380	122400	0	38690	19830	45960	3640	79050	109521	128300	128500	100530	
12970	31340	30810	22900	98650	42440	23500	105000	48790	44890	81330	23530	27010	30540	42660	53430	18970	49160	43720	77610	33950	40400	37390	40120	29620	39130	90620	92420	73950	47130	37960	34860	25360	54520	6890	83100	66290	23470	100292	53190	87620	38730	0	31110	60820	36350	44860	72030	90810	93780	63040	
40490	21420	53550	26820	120320	12050	51020	126670	73360	40830	106490	38570	35600	58070	64330	75100	40150	54140	51640	102770	55130	45380	26720	67650	57150	30870	115780	116911	95620	35240	42940	39840	53760	75700	25200	104770	87960	18780	124422	74860	114360	19800	31140	0	52530	18010	66530	97190	115970	115450	88201	
275889	292414	278339	281524	334275	317884	268249	337995	275998	280304	279648	295709	300269	269859	299509	307479	289349	325099	254904	275898	292019	314669	317049	256469	258999	291024	270615	275365	311175	326969	312229	309129	260059	311989	293159	314785	323809	305919	274955	310109	264298	304394	286089	308374	0	302014	301779	291238	268685	327155	286358	
47061	12760	63500	20660	130520	21760	57281	136870	83120	31880	116441	50340	49610	64870	74470	85240	50780	68150	45530	112720	65760	59390	42040	71830	63280	21920	125730	126861	105820	43840	56950	53850	51700	86330	33940	114970	98100	34100	134372	85000	120020	3640	36310	18040	43580	0	76670	107140	125920	125650	98151	
41510	74210	25210	66350	55450	78290	37970	61800	23300	88340	47700	36390	41860	31430	4370	11090	29300	63720	84781	45680	14990	54280	62250	42160	42820	82160	58430	58130	30750	71980	52750	52230	49250	13700	46360	39900	25430	53930	65150	11820	57440	79460	45230	66960	108360	77080	0	33360	59050	50580	31970	
60710	102601	45280	89341	33770	108310	53160	37570	26300	111140	15750	66890	72360	45040	33640	24620	59800	96660	98061	16420	45490	87220	92750	49210	52950	107901	26740	26180	14610	103760	85690	82730	63300	43590	75600	18220	54680	83530	33200	40320	27770	109220	71850	96890	292359	106840	33200	0	28250	27140	9330	
79010	120901	64510	108831	60500	126610	71340	64300	45850	126990	14000	90260	94970	62310	59070	50720	82710	118050	101050	13870	70920	109290	112600	62050	68290	125240	4790	11240	41340	122420	106850	103750	78640	69020	94180	44950	80650	102160	15120	65750	12950	127520	90150	115190	269646	125140	58630	28180	0	53870	29140	
87290	123260	71130	115400	12930	127620	79740	12220	52880	137390	41670	85700	91170	71620	53710	46460	78610	115010	124641	42340	64300	106120	111560	75790	79530	131210	52660	52100	23430	122570	104640	101540	89880	56450	95410	13580	63570	102980	59120	52430	53690	129040	94280	116010	160190	126400	51820	27340	54170	0	35910	
51750	93641	36870	80381	42380	99350	44200	46180	17230	102180	18540	63000	67710	36080	32110	23930	55410	90790	89101	16170	43960	82030	85340	40850	43990	98941	28920	28960	23220	95160	79590	76490	54340	42230	66920	26830	53860	74900	35980	38940	27930	100260	62890	87930	287259	97880	31670	9240	29540	35750	0	


0	 East_Kilbride                      0		0		32400		0

1	 Irvine                             380		4986		23901		760
2	 Airdrie                            626		3120		22639		1252
3	 Kilmarnock                         250		4199		24428		500
4	 Glenrothes                         265		4586		24781		530
5	 Largs                              540		5002		24587		1080
6	 Hamilton                           796		5390		25088		1592
7	 Buckhaven                          578		2721		23005		1156
8	 Armadale                           697		2330		23082		1394
9	 Ayr                                806		1050		21422		1612
10	 Edinburgh                          276		4573		24987		552
11	 Bearsden                           683		5173		26387		1366
12	 Duntocher                          260		4889		23730		520
13	 Newarthill                         688		1922		22818		1376
14	 Bonnybridge                        387		2527		22359		774
15	 Grangemouth                        813		2649		24136		1626
16	 Bishopbriggs                       570		5137		24480		1140
17	 Helensburgh                        456		2067		22904		912
18	 Cumnock                            426		3374		23033		852
19	 Colinton                           316		3152		21794		632
20	 Kilsyth                            597		2328		23105		1194
21	 Alexandria                         299		4274		22980		598
22	 Port_Glasgow                       720		4374		24963		1440
23	 Carluke                            811		1894		22787		1622
24	 Larkhall                           501		5192		26144		1002
25	 Troon                              709		3307		23925		1418
26	 Dalkeith                           562		1527		20788		1124
27	 Musselburgh                        736		1405		22482		1472
28	 Dunfermline                        283		5211		24108		566
29	 Gourock                            480		3928		24172		960
30	 Bonhill                            700		1805		22617		1400
31	 Dumbarton                          403		1496		22140		806
32	 Strathaven                         713		4636		24427		1426
33	 Stirling                           583		2097		22522		1166
34	 Barrhead                           276		5030		24185		552
35	 Cowdenbeath                        267		3022		23266		534
36	 Dunblane                           379		5274		25821		758
37	 Houston                            156		2882		21788		312
38	 Tranent                            613		4815		25999		1226
39	 Bannockburn                        465		3908		23724		930
40	 Penicuik                           109		2658		21367		218
41	 Saltcoats                          143		944		20217		286
42	 Newton_Mearns                      114		3337		21789		228
43	 Kilbirnie                          489		2480		22331		978
44	 Fleetwood                          818		5199		24939		1636
45	 Stevenston                         352		3116		23146		704
46	 Denny                              224		3785		22985		448
47	 Queensferry                        176		2143		21082		352
48	 Bonnyrigg                          562		4459		24337		1124
49	 Kirkcaldy                          250		1154		19716		500
50	 Broxburn                           186		5085		23978		372
