20

6350	3650

20	90

0	78100	82420	82360	84822	80442	75970	96300	90082	40700	44660	68472	91980	91860	51790	95960	62810	22970	71890	24260	87390	
78510	0	132531	152303	29610	39620	119690	90640	142311	114370	64370	130740	167250	173620	130230	158420	135260	74360	147160	54470	113770	
82300	132830	0	28400	152802	148944	21410	167512	13060	82120	70280	16940	94230	74060	64570	129180	36350	95170	94000	88720	47210	
82470	150933	28710	0	158983	155125	47820	164711	22450	73051	86081	24910	73650	52920	49870	110280	25010	94420	75100	97043	73810	
85091	29550	153874	159385	0	11620	142320	62790	160734	111870	86860	139124	163490	172780	127731	148910	142444	71031	143190	62460	138530	
80542	39260	149325	154836	11740	0	144653	51300	156185	104760	91060	134575	156380	165670	123182	141800	137895	66482	136080	61540	143650	
76190	119650	21360	47870	142500	143680	0	162640	34420	85870	57270	30570	110850	90680	74740	141300	49980	92490	108460	81450	27130	
96490	90240	168022	165071	62720	51110	162520	0	174882	96530	126260	153272	140350	157440	117370	123580	140391	75980	119880	92070	173940	
90012	142480	13130	22480	159912	156054	34540	174622	0	85611	79930	22530	91620	69631	64110	127090	36970	104530	91910	97900	60340	
40870	114310	82190	73251	111600	104530	85910	96370	85801	0	78890	66690	52230	62570	25550	56210	48571	44750	32140	64350	108240	
45080	64990	69521	86391	87440	91740	56680	126360	79301	79190	0	66130	128080	116600	83300	134530	72490	58240	110460	35100	53440	
68640	130482	16720	25870	138532	134674	30240	153242	23420	66970	65630	0	83820	65570	49890	115330	21670	81000	80150	75060	56230	
91970	165910	94280	73600	163330	156260	111190	140230	91640	52410	127220	82860	0	25020	45460	40680	62210	95850	21930	115450	137180	
92200	173400	74180	52760	172940	165870	91090	157040	69471	62440	115640	64650	24900	0	40650	62550	47320	99950	38680	115680	117080	
51800	128760	64490	50030	130831	125470	74930	117310	64310	25650	82280	49300	45350	40450	0	68020	28190	58700	36020	75280	98000	
96311	157910	129210	110020	148730	141660	141781	123420	126990	56751	134761	114310	40430	62860	67920	0	93660	90030	37590	113650	164111	
62820	133982	36300	24950	142032	138174	49970	140301	37230	48641	72480	21110	62420	47260	28220	93930	0	74770	58750	78500	75520	
22970	73900	95570	94320	71361	66981	92270	75620	104100	44430	57950	80860	95710	99610	58690	90030	74770	0	75620	26490	103690	
71780	145720	94040	74850	142900	135830	108000	119670	91820	32220	110230	79140	21860	38930	36090	37580	58490	75660	0	95260	133550	
24260	54060	89020	95961	62110	61240	81740	91850	97310	64190	34650	75700	115470	115350	75280	114240	79000	26890	95380	0	85060	
87750	113580	47370	73720	138500	143590	27360	174010	60430	108390	53610	56420	136700	116530	97990	163820	75410	104050	133550	85040	0	

0	                                         Hartshill	0	0	32400	0

1	                                             Frome	482	19622	23027	964
2	                                          Knaphill	118	12709	16621	236
3	                                              Iver	623	18027	22160	1246
4	                                          Keynsham	603	6661	9188	1206
5	                                      Mangotsfield	366	21032	23470	732
6	                                           Farnham	758	9962	12962	1516
7	                                        Cinderford	685	16207	19232	1370
8	                                        Addlestone	747	17406	19751	1494
9	                                        Kidlington	704	21877	25980	1408
10	                                           Andover	684	20564	23081	1368
11	                                         Bracknell	673	17834	20933	1346
12	                                     Milton_Keynes	516	4508	9194	1032
13	                                         Dunstable	432	19737	23667	864
14	                                             Thame	183	3467	8140	366
15	                                          Daventry	208	19056	21894	416
16	                                            Marlow	682	12541	16026	1364
17	                                         Highworth	231	19977	23018	462
18	                                        Buckingham	547	10337	14973	1094
19	                                       Marlborough	420	14236	17247	840
20	                                       Petersfield	723	11903	14206	1446
