20

6350	3650

20	90

0	62171	92452	57421	64530	83950	78750	85250	59471	84610	19010	29771	64550	84820	86411	71881	97251	59971	82010	82330	47461	
61561	0	133691	86720	10030	56020	51210	140491	77950	36770	69380	69180	55550	27970	29310	82730	111790	15360	62051	137571	85620	
93382	135421	0	72921	134161	175961	170161	181702	90862	166011	81961	64881	114584	150781	164921	100091	108741	138171	134325	178782	58072	
57471	87220	73471	0	85510	128870	123670	142331	20270	119260	46050	34080	53910	100910	116530	28720	44780	91770	72730	139411	22030	
64870	10380	132811	85600	0	66400	61440	144621	74480	47150	69530	68300	50010	24110	39690	79260	106250	24710	54771	141701	84740	
83870	56050	173551	128350	66080	0	6540	134180	121920	24890	101130	108920	105460	78030	42680	127300	157480	43350	118101	120390	125880	
78760	51460	168441	123240	61350	6610	0	129861	116810	22370	96020	103810	100350	73820	39550	122190	152200	37780	112920	117550	120770	
85300	140871	179452	142081	145120	134380	129751	0	144131	143031	100160	113751	149120	168280	157161	156981	182911	128371	167280	35540	131441	
58741	78120	90911	20240	74450	122370	117170	143601	0	110160	47320	40150	37940	89710	107430	12500	40020	83320	56620	140681	37420	
84630	36910	163701	118500	46940	24910	22410	143131	110210	0	96300	99100	89490	55090	18650	115080	144970	28410	98961	135890	116060	
18980	69530	80691	45660	69050	101570	96370	99890	47710	96980	0	18010	61460	85670	95580	60120	85490	69140	81010	98190	35700	
29621	70480	64241	32730	69240	109020	103820	113551	39310	100680	18200	0	56370	85750	99280	51720	75600	72840	75920	110631	20560	
65380	55420	115182	54560	49900	105120	99920	149660	38620	88860	61600	56080	0	59610	84730	37110	61860	64330	20680	146740	60121	
85100	27940	150131	100900	24080	77980	73620	169610	89540	55030	86110	84760	60200	0	40860	92890	118450	40480	54580	166690	101750	
85821	29300	162851	116020	39330	42800	39490	157131	107250	18660	95420	98220	84850	40850	0	112030	141090	28200	89560	150470	114920	
71311	83200	100751	28900	79160	127650	122450	156321	12670	115240	59890	52720	36550	92810	112510	0	31740	88400	54080	153401	48350	
97341	110290	108751	44810	105010	157650	152050	182711	40060	144110	85920	76900	60930	117210	139600	31290	0	117650	69700	179791	64980	
59451	15340	136111	91250	24500	43280	37670	128511	83290	28580	69050	71850	64630	40380	28290	88160	117890	0	76070	125651	88810	
82760	61451	133952	71890	54391	117471	112661	168200	55940	98221	80290	74770	19890	54870	89140	53330	70800	76100	0	165280	78891	
82270	137330	176422	138531	141570	120210	118760	35730	140581	135930	98170	110721	145570	164730	150390	153431	179361	125371	163730	0	128411	
48551	85590	57541	21790	84330	126160	120960	132481	36860	116900	37130	21900	59462	100840	114900	47940	64660	89060	79203	129561	0	

0	                                         Brentwood	0	0	32400	0

1	                                     Kings_Langley	763	20240	23645	1526
2	                                         Herne_Bay	632	6437	10349	1264
3	                                         Tonbridge	585	8233	12366	1170
4	                                       Chorleywood	736	22897	25424	1472
5	                                             Sandy	376	17155	19593	752
6	                                       Biggleswade	700	15932	18932	1400
7	                                           Harwich	472	20618	23643	944
8	                                        Edenbridge	632	6381	8726	1264
9	                                          Flitwick	189	6543	10646	378
10	                                             Grays	200	19475	21992	400
11	                                        Swanscombe	749	25584	28683	1498
12	                                       Leatherhead	409	14223	18909	818
13	                                      High_Wycombe	379	5688	9618	758
14	                                  Leighton_Buzzard	508	21421	26094	1016
15	                                    East_Grinstead	649	13488	16326	1298
16	                                             Lewes	729	14801	18286	1458
17	                                         Harpenden	442	24366	27407	884
18	                                         Guildford	359	15095	19731	718
19	                                           Ipswich	780	8806	11817	1560
20	                                          Snodland	635	5461	7764	1270
