20

6350	3650

20	90

0	60460	98050	62620	55280	78600	5050	46860	99060	54460	58800	71500	53370	22710	31451	48550	71860	36250	27840	99620	30540	
60610	0	51730	116850	31190	32620	59110	105210	105770	47910	114540	59080	24290	56630	53440	90880	79270	26430	64790	64560	89230	
97480	51870	0	141660	48750	76340	95980	144270	153550	62470	142190	109350	74800	96550	94790	131010	126070	66280	89840	102510	127850	
61960	115920	141360	0	95240	136060	59600	43400	152250	88880	6830	130930	111720	82731	90881	90510	126560	91930	53560	159560	43990	
55730	31200	48480	96010	0	63130	52202	100020	115270	16820	96540	79520	45370	58900	57230	93150	87790	28720	44190	92440	83320	
79770	33560	76690	136720	63610	0	78980	120980	90830	79150	134410	43460	27250	69050	61630	95350	71450	44720	88820	32760	105890	
4420	59010	96430	60240	51070	79150	0	49960	100121	50250	56420	72430	54300	24231	32381	51360	72921	35020	23640	100550	33260	
46910	105360	145340	43670	99220	120390	50000	0	115110	98090	37250	105350	95160	54950	65640	51210	90780	81050	57620	140290	17840	
99561	105491	154300	152530	115490	90490	101151	115310	0	124000	145940	50000	82240	76280	67710	65530	28340	85580	120510	81510	109120	
54820	47700	62870	88700	16750	79160	51040	98140	124300	0	90090	89620	58010	63940	63950	96780	96820	38690	41770	106240	81440	
58940	114870	142550	6830	96430	135010	56960	36990	145640	90310	0	128290	110160	77220	86500	84100	120150	90880	54750	156840	37580	
71820	59021	113060	132140	79630	43620	73400	105460	50370	88890	128320	0	36700	56160	45890	67870	31330	51110	90440	47810	95300	
54410	24570	75211	112490	45590	26710	54180	95630	82710	58220	109610	36710	0	43700	36460	73810	57140	21140	65100	50590	80540	
23570	55820	96850	83630	58460	68350	25650	55050	76700	63740	77210	55970	43120	0	11120	35320	49500	30010	45301	87700	41210	
32191	53340	95800	92511	57570	61710	33781	65710	68050	63650	87010	45720	36480	11110	0	38920	40850	28790	53131	80250	51870	
49680	90700	132960	90770	93340	95321	51760	51200	65240	97170	84350	67580	73210	35620	38790	0	45630	64890	74560	108210	49420	
73011	78930	126640	126930	87830	70610	74601	91060	28490	96340	120510	30360	56370	49730	41160	45850	0	59030	92810	76780	83730	
36070	26000	67070	92310	28860	44530	34570	80550	86350	38520	90000	51410	20740	30500	28590	64750	59150	0	44860	69780	64690	
27420	64340	89260	54060	43140	89040	23640	57690	120630	41750	54590	90940	64860	44801	52951	74360	92880	44950	0	112990	41000	
101050	64800	102420	160610	91970	32710	102140	140960	81770	105280	157840	47800	49980	88410	80160	108640	77090	69670	113060	0	125870	
30370	89050	128140	44180	82420	105150	33200	17830	108590	81290	37760	95570	79920	40740	51430	48930	83180	64840	40880	125050	0	

0	                                           Reigate	0	0	32400	0

1	                                     Waltham_Abbey	142	12532	15937	284
2	                                            Maldon	626	22869	26781	1252
3	                                          Newhaven	196	12182	16315	392
4	                                            Aveley	464	8048	10575	928
5	                                          Codicote	346	7348	9786	692
6	                                           Redhill	195	25966	28966	390
7	                                       Storrington	223	7648	10673	446
8	                                            Didcot	599	17175	19520	1198
9	                                         Gravesend	817	7161	11264	1634
10	                                       Rottingdean	732	10953	13470	1464
11	                                   Great_Missenden	487	25220	28319	974
12	                                       Borehamwood	547	9623	14309	1094
13	                                            Cobham	507	8571	12501	1014
14	                                        Shepperton	297	20194	24867	594
15	                                           Farnham	218	21447	24285	436
16	                                  Henley_on_Thames	176	13420	16905	352
17	                                            London	427	7808	10849	854
18	                                        Edenbridge	138	7326	11962	276
19	                                          Ampthill	787	12462	15473	1574
20	                                        Southwater	612	16494	18797	1224
