20

6350	3650

20	90

0	70240	94190	92310	93560	92520	82860	96480	56490	96010	77580	39310	49370	51070	58530	86350	32220	49680	40750	59960	92860	
70020	0	27870	78820	28110	52630	93710	66410	70440	56460	13140	101500	29130	32270	63260	118950	67190	105420	74350	66710	131260	
94410	27860	0	96431	11250	60361	100200	78321	79160	42750	23380	118220	44830	59330	70890	146290	83910	132480	101410	93770	158600	
92450	79250	96602	0	87770	40620	156350	24490	130450	133920	77740	126910	96780	54720	125570	73660	114790	84790	59740	37020	88150	
93360	28100	11720	87770	0	52290	105810	70250	84770	51161	16180	121890	48500	53680	76500	140640	87580	126830	95760	86020	152950	
92070	52520	60282	41170	52191	0	139850	21190	113950	99540	44620	129840	79350	44340	109070	107500	110590	105450	74380	52910	121990	
82610	94250	98950	156700	104570	140430	0	148930	27630	72850	104440	85060	66350	101460	32410	161610	50890	123550	120840	133750	168120	
95750	66460	78732	25230	70010	21140	151430	0	125530	116160	59980	133250	89750	50360	120650	93031	118090	101380	74210	50780	107521	
56440	70800	79410	130970	85030	114700	26590	123200	0	65800	82320	58890	42020	75730	10120	135440	24720	97380	94670	107850	141950	
96040	56220	42610	136602	51071	99130	73390	118072	67770	0	54920	119850	50310	86520	59500	166780	85410	143450	122020	123130	183800	
77400	13150	23400	77410	16200	44430	104920	60130	82260	55140	0	113730	40340	37720	74470	124400	79420	110870	79800	72120	136710	
38920	101480	118320	127260	121960	130270	84640	133240	58070	120140	113720	0	73500	88820	62600	97240	35710	60570	70950	90760	103750	
49580	29100	44820	96080	48460	79170	66480	89400	41920	50100	40300	73390	0	41930	35480	117290	39080	96460	72530	77960	129600	
50940	32680	59710	54370	54030	44530	101240	50340	75390	86770	38050	88710	42280	0	70510	87160	69460	73630	42560	36250	99470	
58530	64440	70780	125930	76400	109660	32520	118160	10760	59440	74990	62300	35500	70690	0	138190	27470	100130	91300	102810	144700	
85600	119220	146530	73250	140850	107010	161890	92651	135520	166680	124590	97300	117920	87600	138140	0	111250	36890	48470	58320	15820	
32270	67010	83850	114690	87490	110840	51110	118860	24740	85260	79250	35380	39030	69540	27360	111270	0	73210	72170	87480	117780	
48960	105360	132390	85050	126710	105120	123890	101250	97520	143190	110730	60660	96550	73740	100140	36930	73250	0	31480	53330	43440	
40730	74270	101300	60110	95620	74030	121030	74270	94660	121760	79640	70900	73000	42650	91410	48560	71830	31460	0	23610	60420	
59970	66600	93630	37390	86050	52840	133710	50790	107630	123250	71970	90740	78270	36210	102750	58070	87260	53350	23570	0	72560	
92160	131560	158870	87780	153190	121540	168450	107181	142080	181990	136930	103860	130260	99940	144700	15850	117810	43450	60690	72850	0	

0	                                   Blandford_Forum	0	0	32400	0

1	                                           Devizes	144	20877	24282	288
2	                                         Wroughton	796	18776	22688	1592
3	                                 Weston-super-Mare	276	5092	9225	552
4	                                   Wootton_Bassett	346	22933	25460	692
5	                                     Stoke_Gifford	232	7491	9929	464
6	                                           Fareham	662	3373	6373	1324
7	                                        Portishead	377	16154	19179	754
8	                                            Totton	139	12553	14898	278
9	                                          Thatcham	228	11634	15737	456
10	                                             Calne	295	6061	8578	590
11	                                           Swanage	416	21699	24798	832
12	                                          Amesbury	725	3759	8445	1450
13	                                             Frome	250	17751	21681	500
14	                                            Romsey	155	13425	18098	310
15	                                           Honiton	506	23055	25893	1012
16	                                          Ringwood	641	24463	27948	1282
17	                                          Bridport	390	13939	16980	780
18	                                            Yeovil	467	15247	19883	934
19	                                            Street	468	24418	27429	936
20	                                          Sidmouth	604	23813	26116	1208
