20

6350	3650

20	90

0	73580	54970	86460	72800	58740	48530	92520	64760	56700	27490	90690	26970	84122	59310	83710	46740	63880	92060	84130	61590	
72680	0	111220	114470	28870	87630	55410	150452	43991	78770	57630	46510	92290	131440	128220	138612	84900	48201	28700	30810	29951	
54900	112600	0	58660	104040	44700	67860	42010	87030	109450	55420	113280	32150	35550	50651	31340	92970	83520	124470	113361	94000	
86700	114920	58750	0	98170	28320	60000	70240	73390	134030	69740	91810	78240	45280	108361	62030	130751	69880	111900	98040	89450	
66050	28530	99070	102170	0	75330	43110	138302	32000	76310	46070	49610	81260	119290	121620	126462	80720	36210	42260	35740	16840	
58880	87780	44710	28390	75350	0	32750	75080	50570	105980	41920	73550	51320	51620	94331	63240	102701	47060	91410	77550	66540	
48800	55660	68010	60160	43650	33050	0	102220	19840	83650	23020	47780	57470	81360	100750	90380	86471	18020	62190	48330	34420	
92140	152001	42110	70260	143441	74980	102120	0	121110	146440	94970	147360	69140	29860	64660	12770	129960	117600	163871	150870	133401	
65070	44621	86580	73130	25900	50460	19830	120790	0	85300	39250	30120	75160	99930	118440	108950	89630	5200	43370	29510	17550	
57030	78780	109400	135160	84610	106260	83610	146650	84780	0	66980	109820	82130	140090	91550	137840	19100	85750	101730	95750	74440	
27970	58220	55480	69830	51430	42110	22870	94920	39220	66580	0	67610	39070	76200	82350	83540	63741	38140	71390	62870	40920	
91010	47070	112860	92070	34210	74180	47750	147070	30320	109570	67820	0	104271	124800	147551	135230	113980	32490	28950	16010	36080	
27020	93450	32060	77880	87830	51340	57580	69310	75310	81620	38900	104410	0	64772	45360	60500	66540	74230	107250	99330	76780	
83631	132962	35570	44950	123990	51220	81430	30000	100420	139021	76122	123790	64421	0	82481	20240	125491	96910	141650	127790	114190	
59550	128890	50970	108080	129540	94220	100360	65210	118090	91660	81590	147190	45740	82280	0	66730	72940	117010	148340	140680	119370	
83720	139871	31320	61820	131311	62850	89990	12780	108980	138020	83031	135230	60720	20210	66400	0	121540	105470	151741	136820	121271	
46200	84090	92830	131120	88600	102040	85780	130080	88770	19530	63650	113810	66290	125932	73000	121270	0	89740	105720	99740	78430	
64040	48841	83320	69840	30120	47200	18210	117530	5340	86630	38220	32460	74070	96670	117350	105690	90960	0	47590	33730	21770	
91620	28770	124090	112280	30890	91990	62310	163322	43640	102460	71440	28830	106830	141940	147770	151482	106870	47920	0	14290	34790	
84040	31060	112651	98300	21160	77700	48290	150301	29350	96500	62530	16920	99080	127650	140590	136670	100910	33630	15080	0	25100	
61150	30740	93620	89270	13640	66420	34200	132852	17600	74470	40970	36020	76360	113840	118560	121012	78880	21810	34870	25210	0	

0	                                          Hertford	0	0	32400	0

1	                                           Reigate	493	14337	17742	986
2	                                          Kempston	788	21512	25424	1576
3	                                          Bicester	828	13960	18093	1656
4	                                             Esher	313	8909	11436	626
5	                                         Aylesbury	590	20326	22764	1180
6	                              Chalfont_Saint_Peter	170	5313	8313	340
7	                                         Kettering	147	16590	19615	294
8	                                       Old_Windsor	807	22443	24788	1614
9	                                          Wickford	794	17103	21206	1588
10	                                           Radlett	578	14437	16954	1156
11	                                         Aldershot	435	18456	21555	870
12	                                        Letchworth	456	14831	19517	912
13	                                      Hardingstone	278	21515	25445	556
14	                                            Histon	763	5156	9829	1526
15	                                    Wellingborough	616	19589	22427	1232
16	                                        Chelmsford	733	25040	28525	1466
17	                                           Windsor	419	7377	10418	838
18	                                         Cranleigh	325	10627	15263	650
19	                                         Guildford	187	24245	27256	374
20	                                           Sunbury	317	13855	16158	634
