20

6350	3650

20	90

0	83960	54730	37250	99620	92120	88451	26160	65260	34130	82861	52980	19920	62170	60750	46990	76190	75810	42570	74880	68210	
83970	0	116670	68050	38050	105950	81340	76880	71570	55610	84080	129420	74080	129721	64330	75740	43980	34040	68181	44570	89080	
54590	116630	0	51070	139291	69760	84450	79220	118320	65060	76150	95570	44880	105600	113810	48090	118760	115921	95630	94940	59630	
37480	68110	50710	0	96310	63130	56241	52020	84990	14750	50651	87840	17600	97310	80480	16220	77550	73700	60670	49370	37420	
99450	37940	139361	95940	0	142550	117940	79550	56200	81680	120680	132170	95001	120010	52220	104410	30220	23600	68240	81170	119700	
91770	105920	69750	62890	142640	0	28840	111230	141280	72340	22460	142130	71890	151600	136770	47290	128120	122140	116960	62310	27520	
88681	81370	84190	56491	118090	28740	0	100460	129540	64320	9410	139131	68811	148601	124210	44440	109730	103030	105220	37760	28320	
26240	77090	79370	52730	79950	111900	100790	0	39890	40720	96690	53670	43520	60021	35380	65650	54100	56570	16670	76270	86190	
65700	70850	118830	85320	56250	141280	129610	40300	0	72710	125510	78280	78220	63960	8560	97090	29580	41070	24670	99260	115570	
33690	55520	64670	14750	82020	72370	64410	40110	72650	0	59431	80771	22370	88191	68140	27670	63260	59410	48330	43600	46660	
82971	84000	76110	50781	120720	22350	9620	96270	125350	59651	0	133421	63101	142891	120840	38730	109100	103120	101030	40390	21820	
52970	129280	95830	87830	133210	142700	139161	53220	78230	81360	133571	0	70950	34900	79710	97570	101740	107370	64450	120610	118790	
19880	74130	44840	17320	95041	72190	68541	43510	78190	22790	62951	70860	0	80050	73680	27060	74510	71671	53870	62330	48280	
61630	129441	105220	96490	120260	151360	147821	59941	64190	88851	142231	34750	79610	0	70590	106230	92770	104260	62550	128101	127450	
61150	63520	114280	80770	52270	136730	123940	35750	8470	68160	120920	79760	73670	70470	0	92540	23470	34960	20120	91940	111020	
46870	75920	47960	16210	104880	47460	44460	64930	97150	27660	38870	97230	26990	106700	92640	0	86120	82270	72830	46600	21790	
76070	43750	119110	77280	30490	128030	109800	54010	29320	63020	109070	101430	74750	92310	23100	85750	0	12160	38380	73030	104230	
75640	33800	115851	73300	23820	122030	102540	56490	41170	59040	103070	107030	71491	104160	34930	81770	12220	0	45391	65770	99030	
42350	68241	95480	61030	68690	116990	105320	16740	24660	48420	101220	64210	53930	62960	20150	72800	38870	45451	0	77560	91280	
75000	44550	93490	49010	81270	62280	37670	76030	99270	43610	40410	120820	63410	128211	92030	46590	72910	66210	77810	0	47060	
68070	89170	59760	37390	119710	27560	28280	85730	115780	46840	21670	118430	48190	127900	111270	21790	104750	99320	91460	47120	0	

0	                                           Coppull	0	0	32400	0

1	                                      Stocksbridge	392	19229	22634	784
2	                                           Heswall	636	18583	22495	1272
3	                                              Lymm	675	6298	10431	1350
4	                                        Castleford	108	22213	24740	216
5	                                    Market_Drayton	695	20469	22907	1390
6	                                           Longton	469	14938	17938	938
7	                                           Rishton	435	23306	26331	870
8	                                           Skipton	665	11881	14226	1330
9	                                           Urmston	396	16162	20265	792
10	                              Newcastle_under_Lyme	360	19178	21695	720
11	                                         Fleetwood	629	13887	16986	1258
12	                                          Golborne	815	11289	15975	1630
13	                                   Bolton_le_Sands	253	22449	26379	506
14	                                          Glusburn	758	19485	24158	1516
15	                                         Northwich	672	17711	20549	1344
16	                                          Bradford	566	11093	14578	1132
17	                                      Heckmondwike	222	20280	23321	444
18	                                        Brierfield	106	19672	24308	212
19	                                            Buxton	770	23345	26356	1540
20	                                             Crewe	349	3358	5661	698
