20

6350	3650

20	90

0	72550	75190	84090	50410	99030	23430	77460	92060	67100	39450	68180	56370	49270	55840	27640	51730	83710	46610	62540	57330	
72350	0	58990	122250	119341	167240	91970	148291	117250	111270	70600	98570	21910	79920	96180	90790	113460	151920	109250	124580	118350	
76750	58940	0	146100	126961	152930	98171	151491	142100	135120	57150	63160	56250	103280	120030	85560	130670	144720	103770	141480	104150	
84240	123050	146410	0	76040	137400	69410	86800	42020	22750	122990	149820	104080	44050	32500	95810	46210	121980	110450	48650	120650	
50580	118691	127081	75850	0	64500	28200	28240	103420	55710	75600	93090	100470	63500	57510	40510	30890	49080	42800	30620	49581	
98880	166630	152860	136870	64550	0	86141	57480	167491	117160	98500	94840	153250	125431	120520	74940	93010	16390	59230	90620	50630	
23480	92020	98461	69360	28290	86262	0	55340	85640	49930	58080	81350	74100	43150	41950	28400	32000	70842	43280	41320	53480	
77920	147821	151711	86560	28280	57680	55540	0	118730	66850	97620	112911	129740	88300	74850	63470	43350	48730	57270	40310	63171	
91620	117030	143910	42530	103430	166902	85320	119380	0	53810	123730	154464	98450	43680	51240	108330	76340	151482	126470	81350	137190	
66730	111310	134670	22940	55370	117500	49710	67220	53570	0	104360	129070	92340	33690	17160	76490	24920	102080	88810	29600	99010	
39660	70240	57580	122840	75550	99030	58010	97680	124080	104850	0	33220	64820	84960	94590	37070	89170	88980	46820	95490	51250	
68350	98740	63860	149460	92800	95460	81320	112370	154122	129020	33210	0	93320	115002	120750	54320	109680	87590	56570	113420	50490	
56150	22220	56110	103980	100390	154140	73910	129810	99180	93000	65120	93090	0	61860	77910	80360	94620	137990	98820	105740	107920	
49140	81050	104430	44100	63600	124972	43200	88630	43740	34290	84160	114894	62450	0	20860	65850	45070	109552	83990	56350	94710	
56030	97140	120540	32300	57470	120420	42050	75100	51570	17640	94780	120870	78170	20710	0	68450	31540	105000	84390	41220	94590	
27460	90760	85360	95530	40320	75150	28490	63500	108300	76540	36870	54360	80440	65620	68120	0	57200	59830	19980	60260	30700	
52200	113100	131621	46430	30940	93060	32160	43640	76310	25280	89360	110050	95180	45020	31570	57470	0	77640	67930	11870	78130	
83720	151470	144510	121590	48800	16360	70391	48760	151741	101880	88870	87700	137990	109681	104770	59780	77260	0	44070	75340	38880	
46430	108950	104230	110360	42680	59050	43350	57230	126660	89060	47040	56800	98630	83980	84370	19790	67890	43980	0	68480	11900	
62930	123950	144071	48830	30580	90970	41410	40370	81000	29120	95510	113540	106030	56470	41390	60420	11890	75550	68430	0	78201	
56930	118180	104270	120430	49430	50770	53420	62900	137160	99130	51300	50880	107860	94480	94440	30290	77960	39290	10800	78100	0	

0	                                          Hertford	0	0	32400	0

1	                                          Rochford	690	17374	20779	1380
2	                                        Colchester	548	15514	19426	1096
3	                                        Crowthorne	223	7396	11529	446
4	                                  Leighton_Buzzard	786	2157	4684	1572
5	                                          Rothwell	614	6228	8666	1228
6	                                         Harpenden	360	19229	22229	720
7	                                        Buckingham	805	23499	26524	1610
8	                                         Cranleigh	262	9720	12065	524
9	                                        Maidenhead	262	9165	13268	524
10	                                    Saffron_Walden	360	7130	9647	720
11	                                         Newmarket	148	25375	28474	296
12	                                          Basildon	578	7042	11728	1156
13	                                          Richmond	222	7467	11397	444
14	                                              Iver	822	23695	28368	1644
15	                                           Baldock	185	27440	30278	370
16	                                   Great_Missenden	658	2702	6187	1316
17	                                    Wellingborough	735	16494	19535	1470
18	                                             Sandy	119	5893	10529	238
19	                                Princes_Risborough	130	13909	16920	260
20	                                       Saint_Neots	283	23134	25437	566
