20

6350	3650

20	90

0	93270	99240	47610	8940	49470	98550	91360	71680	90371	54880	75740	52230	60950	93730	78090	76660	64540	51740	82460	94880	
93020	0	183660	140580	101910	142280	159520	178580	25390	98150	93420	32300	144240	153870	67620	16930	169640	65610	138320	49840	182100	
99210	184260	0	60640	93210	59000	68780	16060	164192	129390	144050	159770	77570	67280	157042	170682	54960	158920	50020	157020	15340	
47850	141060	60590	0	39290	3520	90830	49510	119470	113070	83990	123530	17851	13340	130792	125880	29050	101520	27090	121090	51980	
9410	102620	93220	39150	0	42110	97760	85340	81030	95671	51840	85090	43770	52490	100213	87440	68200	65140	45720	90590	88860	
49180	142180	59140	3300	42010	0	88030	48840	120590	112960	86710	123670	21151	16200	130682	127000	31210	104240	23570	120980	51310	
98390	159630	68580	91050	97390	87990	0	80440	142800	75880	149210	131000	108101	104190	109770	150390	108350	159520	68770	116180	81380	
91190	178440	16200	49160	85190	48430	80880	0	158311	133491	131410	153950	63540	53250	160281	164424	39920	150100	42630	151200	5230	
71630	25730	163262	119190	80520	120890	142930	158182	0	90831	75660	31780	123810	132530	68430	9630	148240	47900	117922	50650	161702	
89651	97760	129872	113410	94801	113050	75560	132531	90622	0	139990	69330	130551	126700	38600	99132	140991	126230	96770	49020	135231	
54940	93630	143920	83600	51930	86560	149410	131610	75510	140241	0	97550	69130	78760	131160	77000	98250	29320	96900	112880	134080	
75790	32290	159400	123350	84680	123870	131040	154320	31810	69160	97260	0	127970	136690	38630	35030	152410	78410	114060	20850	157840	
52330	144290	77330	17900	43770	21420	107900	63800	123950	130140	69660	128040	0	10950	143133	127660	30440	89450	43920	135460	66270	
61100	154310	67110	13780	52540	16200	104100	53580	132720	126440	79860	136810	11990	0	144162	138110	19790	99650	38110	134460	56050	
93860	67340	156702	130742	99431	130382	109820	159361	68570	39330	129250	38910	142721	144032	0	70080	158293	110400	116360	18010	162061	
78170	17230	170712	125730	87060	127430	151070	165034	9670	99491	77090	34620	127910	137540	69940	0	154780	49280	124092	52160	168554	
77200	170480	54590	29630	68640	31390	108670	40750	148820	141222	98660	152950	30790	19980	158924	155230	0	118450	46100	150310	42160	
64460	65610	159510	101470	64940	104430	159220	150710	47610	125890	29300	78280	88950	98580	112100	48980	118070	0	110280	93650	153180	
51760	138840	49920	26830	45760	23530	68800	42850	117931	97380	97420	114350	43881	38160	116900	124044	45680	110010	0	111600	46370	
82570	49640	156910	121760	90160	121400	116250	151830	50870	49470	112950	21210	135510	134970	18100	52380	150680	94100	111570	0	155350	
94850	182100	15360	51930	88850	51200	81590	4910	161971	136001	134180	157610	66310	56020	162791	168084	42410	152870	46290	154860	0	

0	                                        Desborough	0	0	32400	0

1	                                            Belper	656	10539	13944	1312
2	                                          Amersham	128	8292	12204	256
3	                                           Bedford	812	4956	9089	1624
4	                                         Kettering	763	6177	8704	1526
5	                                          Kempston	561	20661	23099	1122
6	                                            Witney	434	13002	16002	868
7	                                   Hemel_Hempstead	465	11759	14784	930
8	                                        Long_Eaton	445	11280	13625	890
9	                                          Redditch	301	23571	27674	602
10	                                            Bourne	532	6787	9304	1064
11	                                 Burton_upon_Trent	331	16248	19347	662
12	                                       Eaton_Socon	617	23192	27878	1234
13	                                             Sandy	484	21859	25789	968
14	                                           Walsall	634	20463	25136	1268
15	                                          Ilkeston	684	6620	9458	1368
16	                                           Baldock	534	11112	14597	1068
17	                                          Grantham	645	19947	22988	1290
18	                                     Milton_Keynes	266	3012	7648	532
19	                                         Lichfield	439	22973	25984	878
20	                                     Kings_Langley	326	4773	7076	652
