10

6350	3650

20	90

0	82690	79890	31900	86340	79180	57420	56720	43850	86260	61470	
82060	0	25200	88190	135450	9160	87300	46880	96550	95790	28620	
79680	24050	0	90450	112991	31050	98310	28240	79721	110960	37020	
32030	88360	90170	0	116610	81680	47690	74880	74120	76530	63810	
85910	134730	112331	116400	0	139150	140050	90900	44440	169160	124560	
78220	9380	31670	81910	138890	0	78970	48510	97740	87220	22600	
57860	87470	97910	47890	140300	78610	0	95130	97810	38750	64910	
56620	46880	27990	75000	90820	48540	94340	0	55150	112760	38120	
42980	96510	78391	73470	44470	97940	97120	54630	0	126230	83360	
86660	95631	110972	76690	169240	86451	38800	113210	126750	0	78470	
59110	29580	37580	61780	123720	22290	62540	39320	83030	75890	0	


0	 Littlehampton                      0		0		32400		0

1	 Bracknell                          403		5235		25788		806
2	 Shepperton                         411		2615		22024		822
3	 Selsey                             596		2716		22657		1192
4	 Hastings                           582		873		21946		1164
5	 Crowthorne                         212		929		20615		424
6	 Lee-on-the-Solent                  330		3472		22604		660
7	 Dorking                            687		1637		21293		1374
8	 Lewes                              210		3198		23592		420
9	 Hythe                              330		3177		22267		660
10	 Hale                               697		3033		23432		1394
