10

6350	3650

20	90

0	55180	27930	59900	89770	94840	20060	63230	98000	85750	99840	
55140	0	67040	38590	108510	96980	74900	72470	85240	97780	62930	
27770	67040	0	55310	64690	70300	15700	38690	83780	61210	95250	
58640	38530	54680	0	82490	60290	68980	42590	48530	66380	41380	
89020	109080	64530	82730	0	44230	69890	41010	68110	21110	103450	
94340	96130	70130	59260	43960	0	83910	34850	25890	23500	64520	
20040	74870	15740	69620	70900	84090	0	52480	97570	75000	109560	
62120	72690	37910	42330	40420	34990	51690	0	46120	28930	72670	
98010	85190	83620	48540	67660	26690	97400	46040	0	47180	45520	
84770	97590	60560	66110	21040	23120	74340	28850	47060	0	82840	
98840	62760	94870	41300	102780	65150	109180	72280	45510	82850	0	


0	 Caister-on-Sea                     0		0		32400		0

1	 Sheringham                         304		3291		21938		608
2	 Beccles                            524		1806		22666		1048
3	 East_Dereham                       258		693		19427		516
4	 Ipswich                            383		1687		21305		766
5	 Bury_Saint_Edmunds                 504		936		20805		1008
6	 Lowestoft                          763		3031		22576		1526
7	 Diss                               597		4002		25185		1194
8	 Lakenheath                         345		5129		25775		690
9	 Stowmarket                         192		2152		20999		384
10	 King's_Lynn                        352		2392		22422		704
