10

6350	3650

20	90

0	57060	65480	37870	99800	81860	59240	93280	37860	86420	59240	
57380	0	8970	79910	121821	106680	53810	38990	45170	126180	101280	
65840	8930	0	88370	130281	115140	57430	33410	53630	134740	109740	
37430	79490	87910	0	83990	62490	74910	116370	53530	49340	22190	
100370	121950	130370	83690	0	22360	78771	140730	76920	61380	88630	
82000	106900	115320	61990	22540	0	70280	129090	63690	41770	66270	
59480	54030	57480	74840	79041	69521	0	60250	21720	99620	95520	
93590	38940	33470	116920	138320	126561	60240	0	70020	155440	138290	
38350	45030	53450	53710	77130	63440	21840	69960	0	83060	74390	
86120	127490	135910	48900	61740	41870	100290	159150	83060	0	40600	
58620	100680	109100	21470	89110	66570	95160	137560	73780	40590	0	


0	 Gosport                            0		0		32400		0

1	 Ringwood                           431		4418		25016		862
2	 Verwood                            236		4951		24704		472
3	 Chichester                         426		968		20617		852
4	 Windsor                            550		4175		24329		1100
5	 Knaphill                           687		2605		22098		1374
6	 Andover                            578		675		21801		1156
7	 Shaftesbury                        403		5310		24711		806
8	 Winchester                         409		1562		20571		818
9	 Horsham                            597		5160		25731		1194
10	 Littlehampton                      441		3857		24220		882
