10

6350	3650

20	90

0	90400	98250	10720	17140	35840	72460	79370	34760	59560	35860	
89970	0	21730	83530	75250	55780	46650	57170	83260	92540	92660	
98260	21480	0	91820	83360	64070	38050	46580	85800	113480	92820	
10690	83890	91740	0	14220	29330	67721	77090	32960	56360	38000	
16720	75500	83350	14240	0	20940	57311	64470	21200	63030	27950	
35940	56180	64030	29500	21220	0	45790	57940	32830	61290	42200	
72090	47410	38280	67601	56841	45900	0	13390	51620	104900	56490	
79200	57500	46210	77271	64500	57660	13420	0	57090	115070	61000	
34550	83430	85800	33130	21290	32810	51270	56560	0	81540	10570	
59300	92800	113400	56130	62650	61440	105420	115460	81490	0	90250	
35930	92930	92930	38040	28090	42310	56570	60250	10900	90840	0	


0	 Wigan                              0		0		32400		0

1	 Sheffield                          627		833		20116		1254
2	 Bolton_upon_Dearne                 259		4089		24240		518
3	 Leigh                              137		4597		23553		274
4	 Farnworth                          689		2994		23894		1378
5	 Droylsden                          371		1857		20856		742
6	 Heckmondwike                       103		1175		21163		206
7	 Pudsey                             442		3179		22692		884
8	 Haslingden                         514		4984		25113		1028
9	 Nantwich                           604		1985		21872		1208
10	 Rishton                            604		4584		25633		1208
