10

6350	3650

20	90

0	93860	28950	65150	71190	86630	99431	99870	41880	72610	18010	
93730	0	75612	149673	149571	9560	8940	43680	68750	46180	82460	
29210	75931	0	73750	98320	69200	81081	92480	49482	69310	34160	
64710	149461	73480	0	93560	143500	154611	164302	104610	137072	80550	
71300	149921	98110	92570	0	142081	158811	134791	81941	112431	72170	
86500	9570	68810	143582	141591	0	18460	42660	60770	38200	75230	
100213	9410	80912	154973	158921	18910	0	44280	78100	55530	90590	
100320	43670	92050	163431	134762	42650	44150	0	61130	28490	83240	
41470	68840	49291	104490	81851	61000	77730	60930	0	34830	23690	
72930	46070	69130	136831	112431	38230	54960	28480	35000	0	57110	
18100	82570	34220	81120	71930	75340	90160	83570	24180	57470	0	


0	 Walsall                            0		0		32400		0

1	 Desborough                         697		3936		23531		1394
2	 Solihull                           816		705		21191		1632
3	 Ludlow                             110		2105		22165		220
4	 Nantwich                           413		2172		22154		826
5	 Market_Harborough                  343		2175		22046		686
6	 Kettering                          146		4115		23314		292
7	 Wymondham                          335		1825		21669		670
8	 Swadlincote                        366		2918		23637		732
9	 Sileby                             146		2994		21847		292
10	 Lichfield                          668		3027		24214		1336
