10

6350	3650

20	90

0	90760	45210	35710	96690	88820	72420	63130	73770	95390	75300	
90740	0	111120	87260	144890	36210	121430	117130	31900	48520	143930	
44960	110960	0	24450	40740	90520	37550	19410	104080	94000	31280	
35380	87480	24430	0	63160	69540	38890	32360	86090	75350	61330	
97230	144870	40600	63060	0	112580	25630	48640	147370	110590	10200	
88710	36250	90440	69460	112420	0	89020	84720	57980	14600	111460	
72970	121660	37000	38800	25670	89370	0	24380	123110	92850	23450	
62800	117260	19200	33010	48540	84970	24270	0	117320	88450	46710	
74110	31750	104250	85600	147410	58090	123140	117220	0	71630	145580	
95350	48760	93900	75490	110920	14320	92480	88180	71820	0	114920	
75090	144010	31290	61160	10470	111720	23330	46730	145460	115200	0	


0	 Swanage                            0		0		32400		0

1	 Street                             486		4764		24390		972
2	 Lymington                          682		2127		22316		1364
3	 Ringwood                           533		5270		25555		1066
4	 Waterlooville                      556		4941		24397		1112
5	 Frome                              257		2003		21618		514
6	 Bursledon                          227		2688		22145		454
7	 Hythe                              128		3885		23806		256
8	 Crewkerne                          365		955		20030		730
9	 Trowbridge                         126		5346		25473		252
10	 Portsmouth                         404		3300		22191		808
