25

6350	3650

20	90

0	57660	81520	70050	80960	61440	91570	90910	88300	94190	84390	97930	49920	34320	87310	24160	60070	55440	35760	68620	61750	90650	53220	87640	98610	93240	
57760	0	46490	63830	35900	52320	77600	38640	105341	72840	63550	73360	56490	76390	76470	34390	60230	26240	23040	27850	20600	72030	100020	34620	96621	65540	
81390	46050	0	29010	13360	23310	35140	22320	74811	27500	20970	28020	34040	111170	34010	69870	32850	42250	58110	25780	31960	28610	130070	22170	55130	20200	
70170	63430	28650	0	36240	13290	22800	48650	49601	28890	19640	33180	22490	99950	18540	70000	11990	42220	61710	43060	45560	24730	118850	46770	35301	28530	
81330	35860	13260	36280	0	28730	43660	15800	82081	39450	29610	40130	39460	101230	42530	57960	40120	33030	46200	13870	20050	38090	124860	13920	63650	32310	
61470	52340	23450	13700	28970	0	35220	41450	57411	34970	25170	38710	14120	91250	30960	61140	14160	30590	49410	34300	34470	31980	110150	39570	48451	33950	
92140	77280	35040	22370	43750	34880	0	55610	46000	18360	15360	23020	44460	121920	6950	91960	33960	61930	81570	56780	61590	10980	140820	54280	24420	19720	
90990	38630	22290	48850	15920	41300	55720	0	94651	48080	41550	48600	52030	110890	54590	67620	52690	44230	55860	25070	29730	49190	134520	6820	75710	40780	
88300	105251	74301	49621	81791	57101	45730	94271	0	61940	56520	66600	54670	119820	43620	89770	47361	80580	92970	87601	87771	55350	140660	92391	25310	63300	
94150	72300	27400	29050	39610	34910	19100	47970	62630	0	10730	5220	46490	124030	22470	90650	36910	59420	79060	52030	57800	10940	142930	47820	41520	8920	
83800	62950	20700	19070	29420	24560	15070	41270	56150	10730	0	14320	36140	113580	13940	80460	26840	49230	68870	42450	47600	9340	132480	39950	35060	9670	
97960	72820	27920	33230	40130	38720	23590	48490	67120	5300	14320	0	50300	127840	26960	94220	41000	62990	82630	52550	58730	15430	146740	48340	46010	8580	
49940	56530	34180	22400	39700	14100	43920	52180	54750	46660	36860	50400	0	79720	39660	49770	12420	31250	49470	39910	40080	43000	98620	50300	52320	45750	
34330	76210	111310	99840	100650	91230	121360	110600	119830	124060	114180	127800	79710	0	117100	52550	89860	75130	55450	88310	81440	120440	24280	107330	128400	123030	
87800	76190	33950	18040	42660	30540	6890	54520	43720	22350	14550	27010	40120	117580	0	87620	29620	57970	77610	55400	59620	15920	136480	53190	22900	23440	
24070	34260	69410	69890	57560	60800	91410	67510	89780	89870	80270	93460	49760	52690	87150	0	59910	32040	12360	45220	38350	87510	71720	64240	98450	88460	
60020	60080	32540	11770	40030	14050	33290	52510	47391	36110	26860	40400	12340	89800	29030	59840	0	36490	55310	42430	42600	32370	108700	50630	43760	35750	
55570	26330	42190	42470	32830	30610	61800	44070	80560	59000	49400	62590	31250	75470	57770	32200	36590	0	20610	21670	15450	56640	99100	39660	75261	57790	
35750	22940	57920	61730	46070	49310	81220	56020	92970	78420	68820	82010	49470	55650	77190	12380	55290	20590	0	33730	26860	76060	79280	52750	95871	76970	
68940	27730	25660	43070	13810	34220	56600	25010	87621	52010	42550	52530	39910	88840	55360	45570	42510	21750	33810	0	7660	51030	112470	20640	75341	44710	
62060	20380	31570	45840	19720	34330	61550	29840	87731	57700	47860	58440	40020	81960	59570	38690	42620	15870	26930	7380	0	56150	105590	26550	78521	50620	
91460	72060	28720	25700	38530	32280	10720	49290	55140	10310	9460	14970	43780	121240	15410	88560	33640	57330	76970	51560	56560	0	140140	49060	34030	11670	
53400	100060	130380	118910	124500	110300	140430	134450	140833	143130	133250	146870	98780	24310	136170	71910	108930	98980	79300	112160	105290	139510	0	131180	147470	142100	
88000	34590	22190	46680	13750	39130	54060	6770	92481	48100	40010	48620	49860	107900	52930	64630	50520	39830	52870	20670	26740	48490	131530	0	74050	40800	
97500	96481	54570	34501	63280	47591	24380	75140	24890	40590	35170	45250	51190	127280	22380	97320	42640	75271	96161	74911	78171	34000	146180	73810	0	41950	
93240	64990	20090	28510	32300	34000	19860	40660	63390	8930	9600	8570	45580	123020	23230	88810	36280	58190	77050	44720	50900	11700	141920	40510	42280	0	


0	 Peebles                            0		0		32400		0

1	 Rosyth                             192		2030		21646		384
2	 Kilsyth                            324		3702		24271		648
3	 High_Blantyre                      483		697		21661		966
4	 Bonnybridge                        223		3056		22377		446
5	 Newarthill                         288		4452		24012		576
6	 Barrhead                           620		2966		22766		1240
7	 Stirling                           486		3622		23878		972
8	 Cumnock                            260		3659		22453		520
9	 Clydebank                          469		4041		23906		938
10	 Glasgow                            804		2025		23165		1608
11	 Duntocher                          723		1699		22507		1446
12	 Carluke                            275		786		19752		550
13	 Galashiels                         708		2499		23229		1416
14	 Newton_Mearns                      537		1552		20748		1074
15	 Penicuik                           724		2293		22515		1448
16	 Larkhall                           498		2185		22273		996
17	 Livingston                         548		1811		21022		1096
18	 Colinton                           454		912		21794		908
19	 Polmont                            210		3513		22148		420
20	 Linlithgow                         130		1309		21561		260
21	 Renfrew                            602		4513		24761		1204
22	 Hawick                             447		900		20624		894
23	 Bannockburn                        753		2009		23444		1506
24	 Kilmarnock                         469		1468		20839		938
25	 Milngavie                          201		2602		22730		402
