25

6350	3650

20	90

0	56410	41410	90380	93320	29930	99340	64150	86480	40750	33340	38400	89490	53860	79810	27540	63580	31730	63040	98050	73570	87050	35650	6840	79700	19500	
56180	0	66560	82840	148080	64440	137411	91240	130780	69810	85801	52240	126800	80560	84600	81050	13890	62861	53220	152810	30820	137351	37700	61440	97920	68221	
40680	66680	0	132452	109200	68170	73110	28030	116180	3780	38951	75480	124320	15040	44910	55490	60260	10480	39690	109590	92790	79260	29480	44400	40820	27610	
91140	82530	131361	0	151530	72240	203632	153261	103760	130161	119850	53680	96020	143271	160980	102660	95470	118780	131070	162040	60910	166090	108760	92410	169571	108930	
93190	148110	109050	151460	0	97320	128301	112200	57520	106730	74720	113560	69230	109610	143830	69330	153710	104010	144050	12510	162400	51940	122780	88530	127230	89350	
29960	64440	68201	71910	97100	0	126381	90101	69820	67001	53010	19930	68640	80111	105930	35290	77550	58351	89160	104630	68450	101510	60560	28170	106321	47991	
98730	137691	72760	203711	128671	125841	0	47441	156710	70700	77370	136561	165950	59901	71970	101190	127371	78100	94641	116641	163801	77161	101600	99740	47530	80240	
64710	90700	28110	154703	112330	90471	47491	0	132810	26710	50570	101191	141540	13370	36180	72820	79560	35950	48190	106440	119700	71770	55640	66840	18600	48130	
86350	130821	115760	103890	58260	69860	157920	132860	0	113670	85770	80251	18190	125980	157851	62190	143841	105910	145860	68350	130391	96610	121080	80910	149170	90650	
40300	69150	3020	131223	107100	66991	71350	27180	113930	0	36100	75100	122070	14780	44880	53240	62850	9950	42200	107490	95260	77160	31950	43890	40790	25180	
33280	85611	39180	120392	74590	53010	77480	51000	85790	36460	0	66880	93930	45130	78900	25630	87150	33550	75440	78970	104120	56030	55460	29680	67470	19220	
39950	51650	77180	53510	113610	21050	138261	101370	79840	76520	68570	0	75860	89630	111090	53510	64670	67500	87650	121140	51220	118310	59370	41220	116770	57650	
88770	126451	123530	97170	69790	68450	165690	140630	18390	121440	93540	75881	0	133750	166220	69960	139471	113680	150910	79880	126021	108140	123500	83330	157480	98420	
53260	80760	15030	144183	109570	79951	59181	13280	126180	14300	45120	88060	134320	0	34490	65490	69830	22870	39860	108010	106870	73910	43560	56850	27970	38140	
79530	84180	44710	161010	144270	105710	72060	36300	158160	44530	78880	110730	167610	34470	0	97470	73040	52760	32640	141200	114360	106530	52580	84680	26250	69410	
28440	82250	55610	102520	69410	35160	101450	72710	62480	53520	25590	52210	70620	65830	97701	0	90640	45760	85710	74140	95990	67870	61540	23000	89020	30500	
63350	13770	60210	95300	153490	77330	126191	80020	143670	63510	87320	65130	139690	69740	73380	89520	0	60000	42000	158220	44350	136890	34330	68820	86700	69880	
31240	62871	10680	119612	103780	58401	77980	36010	106350	10910	33470	66040	114490	23020	52890	45660	60160	0	42850	106530	88981	77630	28400	34960	48800	18020	
62770	53150	39330	131160	144040	88950	94061	48120	146540	42030	75531	87560	150920	40080	32900	85850	42010	42730	0	144430	83730	112030	30620	68700	50580	58210	
97730	152650	109190	161100	12420	104580	117721	106760	68120	106870	79260	120820	79830	108750	141780	73870	158250	106530	143780	0	169440	41040	127320	93070	121420	93890	
73660	30920	92770	60660	162440	68460	164011	120030	129930	96020	104270	51390	125950	106770	114290	95520	44570	89071	83900	169220	0	159170	63910	76250	126710	87920	
86291	137421	79160	165760	52980	101410	78021	71740	96440	76840	55321	118610	108150	74360	106760	67870	137010	77950	112510	40660	159031	0	105320	82581	86400	70741	
35750	37790	29460	108680	122590	60970	101421	55520	121270	32710	55670	59190	123900	43460	52810	60850	34440	28290	30580	127320	63900	105240	0	41680	62930	38230	
6850	61570	44970	91660	88550	28430	100200	66300	80420	43680	29790	39680	83440	56790	85410	21440	69050	35290	68970	93280	76250	83160	41580	0	82610	21650	
79110	97600	40480	170453	127860	106221	47910	18560	149150	40290	66670	115170	157290	27490	26310	88570	86460	48530	50410	121970	126600	87300	62540	82590	0	63880	
19530	68351	27630	109712	89180	47921	81050	47730	91030	25110	19270	56140	99170	38220	69490	30340	69840	18210	58160	93910	87890	71591	38150	21590	64040	0	


0	 Twyford                            0		0		32400		0

1	 Kidlington                         280		4664		25019		560
2	 Chorleywood                        123		1135		19812		246
3	 Devizes                            244		1062		20239		488
4	 Worthing                           549		5059		24480		1098
5	 Tadley                             544		5153		26021		1088
6	 Billericay                         330		3201		23441		660
7	 Potters_Bar                        233		3349		23579		466
8	 Portsmouth                         437		2184		22158		874
9	 Rickmansworth                      329		5167		25300		658
10	 Addlestone                         507		1664		21239		1014
11	 Newbury                            480		2994		22979		960
12	 Lee-on-the-Solent                  157		4939		24365		314
13	 Radlett                            108		2526		21516		216
14	 Hitchin                            747		4735		25415		1494
15	 Farnborough                        442		4961		25584		884
16	 Bicester                           782		3761		24418		1564
17	 Chalfont_Saint_Peter               185		1596		21008		370
18	 Leighton_Buzzard                   779		875		22211		1558
19	 Portslade                          292		1196		20477		584
20	 Carterton                          657		713		21788		1314
21	 East_Grinstead                     298		3875		23378		596
22	 Princes_Risborough                 816		1585		23216		1632
23	 Wokingham                          238		3773		22574		476
24	 Hertford                           473		1803		21561		946
25	 Windsor                            421		2555		22970		842
