25

6350	3650

20	90

0	80510	47070	28230	32050	85570	84060	76300	35830	87920	74220	12580	82611	13640	19240	74090	92610	57930	72090	74780	74900	29770	64500	32290	21650	16780	
80240	0	38730	71281	52730	70600	90470	126590	66901	98530	91230	68080	109470	70670	76120	115920	107750	84670	141271	120720	58030	57951	125000	63101	61830	96080	
47020	38620	0	52610	15870	75610	66040	90580	50910	74100	63960	34860	81860	37450	40250	82580	83320	72200	113611	86140	63040	37370	88140	47110	28920	62860	
28460	71141	52870	0	39430	63470	97120	97760	10680	103050	87300	24760	101850	22690	39880	95550	109440	31140	70240	96240	52800	23010	87740	8200	27200	39560	
32000	52710	15860	39660	0	74241	63800	78060	41930	69730	53980	19840	69630	22430	25320	70350	76120	65030	98591	73910	63591	24680	74970	37020	13900	47840	
85100	70740	75610	63040	73881	0	137081	149561	56350	143011	127251	75970	142911	75760	89710	143631	149401	39590	121380	147191	15720	59550	142620	54850	72590	100170	
84700	90580	66120	97450	64360	137381	0	45450	99810	9720	11690	77220	20990	79810	65690	30470	18940	122940	147370	36710	126731	83770	64430	94900	71690	94320	
76220	126220	90360	97560	78250	147941	45430	0	101591	42550	39370	74901	26870	77491	60761	16310	36550	124691	120790	10260	137271	89721	27940	96681	78080	77790	
35880	67311	50340	10680	41690	57120	99610	101691	0	105540	89790	29730	105120	28440	43470	99401	111930	24600	78640	100091	46900	21720	94750	5680	29690	49210	
87780	98460	74000	102980	69890	142911	9670	42390	105340	0	15740	81170	16070	83760	68770	28000	12510	128470	148820	34200	132261	89300	65490	100430	77220	95770	
74140	91330	64070	87290	54200	127221	11890	39730	89650	15810	0	67060	21140	69650	55130	26000	23410	112780	137760	32240	116571	73610	56130	84740	61530	84900	
12540	68360	34920	24350	19900	76550	76780	74971	30200	81470	66960	0	77970	2770	16750	72681	86160	53300	80191	73371	65880	18330	67020	25290	9500	28380	
81771	109560	82040	101420	70040	143061	20840	26730	104950	16090	21160	77990	0	80580	64390	12340	13050	128620	138890	18540	132411	89450	50690	99960	77370	86600	
13630	70970	37530	22280	22510	76070	79390	77581	28240	84080	69570	2770	80580	0	19360	75291	88770	51340	79461	75981	65400	18980	69170	23330	12110	29470	
19290	76450	39950	39770	25720	90610	65120	60361	44260	68870	55170	17570	64650	20160	0	57910	73560	67360	86930	58761	79940	32390	53420	39350	21880	31620	
73990	116190	82670	95330	70670	143691	30410	16190	99171	28100	26130	72481	12420	75071	57850	0	23920	122271	130100	6510	133041	86500	38620	94261	73710	78130	
92550	107960	83500	109430	76340	149361	19320	37020	111790	12820	23410	85940	13080	88530	73540	23950	0	134920	151530	28830	138711	95750	61510	106880	83670	98210	
57900	85620	72160	31440	64550	39810	122470	124551	24640	128400	112650	52590	128310	51300	66330	122261	134790	0	83480	122951	35360	44580	117500	28540	52550	62420	
72530	141291	114141	70460	99121	121760	147840	119910	78820	149500	137890	80871	138130	80261	87220	129550	151280	83500	0	124170	117310	90081	92530	78670	86751	56850	
74530	120680	86160	95870	74160	146261	36670	10120	99911	34330	32390	73221	18650	75811	59081	6510	28330	123011	124690	0	135591	88041	33210	95001	75750	77400	
74930	57920	62790	52870	63761	15720	126961	137761	46450	132891	117131	65800	132791	65590	79540	133511	139281	35200	116990	136161	0	49380	130820	44680	62420	90000	
29260	57791	37280	23060	24350	59670	83330	90241	21560	89260	73510	18280	89160	19090	32020	86640	95650	44660	88771	88641	49000	0	83300	16650	14030	45100	
64380	125060	88210	87660	75270	141250	64220	27800	94900	65260	55750	67080	50560	69280	53530	38390	60820	117360	93320	33010	130580	83030	0	89990	72330	55580	
32170	62951	45980	8190	36640	55260	94560	96641	5390	100490	84740	24680	99680	23390	38420	94351	106880	28490	78430	95041	44590	16670	89700	0	24640	47240	
20970	60830	27390	27400	12370	72251	69920	77010	29760	75850	60100	8810	75750	11400	20520	72700	82240	52860	86331	74730	61601	14550	71240	24850	0	36810	
16850	96350	62910	39590	47890	100520	94720	76550	49190	96380	84960	28420	87030	29550	31540	78470	98530	62250	56470	78060	89850	45680	55090	47240	37490	0	


0	 Ramsbottom                         0		0		32400		0

1	 Newcastle_under_Lyme               246		1148		21130		492
2	 Bollington                         427		3022		23561		854
3	 Ince-in-Makerfield                 361		3519		23078		722
4	 Stockport                          278		1482		22026		556
5	 Buckley                            633		996		21111		1266
6	 Rawmarsh                           613		4594		25403		1226
7	 Garforth                           792		1552		22343		1584
8	 Haydock                            197		3539		23028		394
9	 Mexborough                         100		2461		21990		200
10	 Hoyland_Nether                     632		3049		22362		1264
11	 Whitefield                         370		3458		23195		740
12	 South_Elmsall                      382		4335		24870		764
13	 Radcliffe                          719		1408		22688		1438
14	 Milnrow                            806		1438		22127		1612
15	 Featherstone                       407		3441		24128		814
16	 Bentley                            226		3896		23815		452
17	 Litherland                         131		748		19382		262
18	 Morecambe                          568		2908		23707		1136
19	 Castleford                         785		1448		22142		1570
20	 Chester                            765		4750		25454		1530
21	 Irlam                              314		3242		23454		628
22	 Otley                              693		2776		22681		1386
23	 Golborne                           226		1996		21776		452
24	 Salford                            180		2004		20882		360
25	 Clayton_le_Moors                   157		4401		24475		314
