25

6350	3650

20	90

0	48770	39340	22230	64390	98320	41770	93700	66370	66160	99660	75010	58210	77060	76780	58720	65100	85990	34180	98420	92610	39820	51200	55380	80930	48290	
48740	0	53340	32280	110290	99400	76170	130960	112070	83910	90410	70320	30070	123200	116280	80480	59910	132130	79880	144320	77390	79730	97100	86940	89500	68390	
39030	53410	0	28220	71790	63860	71050	79180	87490	100960	134800	110150	37800	88980	100300	89410	99040	96080	57700	100710	127750	34500	54700	84660	117910	86230	
22240	32260	28160	0	79130	88730	63440	102450	83470	78760	107140	81760	37670	94120	93880	72980	71350	102730	51280	113160	98860	48570	65940	74210	91250	60890	
64740	110470	71490	79420	0	114450	57720	64800	25060	87370	143520	118870	109010	18900	46380	75820	112210	26000	33370	45370	139720	38500	17870	60500	106030	81290	
98080	99420	63910	88880	114560	0	128100	79910	133170	158870	192070	166860	72670	131750	151120	147320	154830	138850	109290	128701	179050	78870	96000	141710	178900	143270	
41730	76130	71530	63500	57750	128570	0	107380	46000	37250	89200	64550	92540	60290	44080	25700	58720	72010	25920	100030	86230	53500	56390	15800	55910	25680	
93850	131090	79630	102620	65590	80000	107470	0	87650	140140	183170	158520	114210	79330	106840	128590	148610	73790	85770	54270	176120	54680	56590	120380	158050	125400	
66201	111851	87560	84181	25300	135531	45890	86890	0	70392	129010	104360	120811	17150	22310	60330	98530	28410	33441	61950	126040	54710	39440	44910	90152	67400	
66120	83940	101020	78740	87120	162281	37180	139690	70471	0	61170	38020	110040	82852	55920	12120	42660	93882	61750	127652	61570	85810	92220	28150	20240	19390	
99770	90630	135020	106990	143730	192400	89070	183240	129530	60980	0	25940	120240	142892	115960	70480	35770	154072	112970	184480	13310	129360	137200	86670	40880	63930	
74510	70320	109760	81710	118470	165980	63810	157980	104270	37400	25890	0	101330	118560	92740	45630	10490	130280	87710	159220	24780	104100	111940	61760	27730	38670	
58220	30380	37910	37620	109360	72280	92520	114130	120010	109770	120320	101630	0	126550	130420	103990	90290	133650	87820	138280	107300	72070	92270	103290	117660	89960	
77440	123300	89210	94840	19330	132170	60310	78320	17570	82983	143233	118780	126730	0	32730	75362	112950	11720	44890	44800	140460	56220	35590	59942	102743	81830	
76641	116530	100391	94621	46370	151222	44550	105700	22020	55791	116041	93331	131251	32780	0	49340	89150	41630	43881	75821	116660	72510	58250	33920	75551	59140	
58710	80460	89900	72920	75880	151161	25940	128570	60470	12120	70610	46270	104230	75111	49340	0	44430	86141	50510	117230	70090	74690	80980	16390	30780	14420	
64990	59910	98930	71300	112290	154500	58590	148460	99050	42650	35930	10480	89990	113340	89490	44690	0	125060	80460	149700	27750	94580	102420	56540	36340	33450	
86120	131980	95900	102020	26020	138860	71980	72990	28580	93883	154133	130450	133420	11880	41560	86262	124620	0	53570	35480	152130	62910	42280	70842	113643	93490	
34380	80200	57830	52060	33150	109601	25890	85770	33510	61830	112990	88340	88690	44640	43920	50280	80630	53570	0	75430	108140	31890	34510	38310	80490	49470	
98280	144010	100640	112960	45110	128932	99910	53770	61790	127553	183760	159110	138160	44840	75750	116920	149200	35200	75560	0	176710	67650	48250	101600	147130	123020	
92500	77580	127750	98810	139800	179350	86100	175970	126560	61540	13340	25000	107190	140850	116880	69950	27750	152570	107970	177210	0	122090	129930	84050	43350	60960	
39850	79670	34500	48620	38910	78720	53470	54560	54680	86140	129170	104520	72020	56100	72510	74590	94610	63200	31770	67830	122120	0	21820	66380	104050	71400	
51350	97080	55030	66030	18070	95930	56590	56430	39380	92530	136830	112180	92550	35260	58570	80980	102270	42360	34480	48350	129780	22040	0	69100	111130	78480	
55380	86690	85180	74050	60720	144241	15840	119800	44720	28070	86650	62000	103090	59361	33590	16360	56170	70391	38230	102070	83680	66340	68780	0	46730	26170	
81150	89490	118000	91250	106010	178970	56070	158150	90511	20620	41440	28280	117790	102892	75960	31010	36320	113922	80640	147360	43970	104270	111110	47040	0	34420	
48060	68220	86390	60680	81280	146200	25550	125060	67500	19410	63930	39280	89720	81790	59190	14780	33450	93510	49450	123050	60960	71190	79080	26240	34180	0	


0	 Ramsey                             0		0		32400		0

1	 Holbeach                           481		4536		24916		962
2	 Littleport                         542		4912		25682		1084
3	 March                              215		1144		20172		430
4	 Letchworth                         567		2940		22415		1134
5	 Diss                               264		895		20848		528
6	 Raunds                             188		2234		21433		376
7	 Braintree                          586		3222		23399		1172
8	 Flitwick                           310		3073		23303		620
9	 Market_Harborough                  552		4822		25354		1104
10	 West_Bridgford                     794		2194		22132		1588
11	 Melton_Mowbray                     429		1687		21631		858
12	 King's_Lynn                        530		2389		23199		1060
13	 Luton                              226		2325		22223		452
14	 Milton_Keynes                      256		4602		24900		512
15	 Rothwell                           787		4018		24073		1574
16	 Wymondham                          192		3586		22438		384
17	 Harpenden                          417		4722		24646		834
18	 Eaton_Socon                        634		2612		22596		1268
19	 Waltham_Abbey                      504		4527		24073		1008
20	 Bingham                            655		2863		23857		1310
21	 Cambridge                          597		1944		21910		1194
22	 Royston                            363		3244		22883		726
23	 Wellingborough                     716		3430		23052		1432
24	 Oadby                              372		3366		23854		744
25	 Corby                              561		5195		25479		1122
