10

6350	3650

20	90

0	50300	23970	34340	48510	85720	23960	27640	51731	72530	93240	
51490	0	36040	19300	32750	115060	39340	31920	45370	114671	124380	
24480	35930	0	22300	31450	82740	5810	20080	47930	84060	92060	
34920	19290	22240	0	29620	102410	26750	13240	32700	99001	111730	
49170	33060	31410	29810	0	105290	34710	35820	60640	111001	116490	
86320	116690	83740	103200	105720	0	80470	100540	128390	58680	12330	
24730	39990	5800	26760	35510	79140	0	24540	52390	79500	88460	
27830	31840	20060	13180	35470	99740	24570	0	30920	96130	109060	
51371	45400	47920	32720	60480	127600	52430	30950	0	122922	136920	
72830	114360	84400	99010	111050	58470	79590	95940	122661	0	65990	
93780	125580	92630	112090	117040	12540	89360	109430	137280	66140	0	

0	                                          Hamilton	0	0	32400	0

1	                                      Port_Glasgow	169	7546	22146	338
2	                                      Bishopbriggs	508	10677	22926	1016
3	                                         Johnstone	702	9247	20484	1404
4	                                        Alexandria	406	21281	25488	812
5	                                        Glenrothes	269	15483	22932	538
6	                                     Kirkintilloch	279	6973	18328	558
7	                                          Barrhead	659	11594	24974	1318
8	                                            Irvine	215	4272	10891	430
9	                                       Musselburgh	589	4794	15745	1178
10	                                             Leven	541	12081	26154	1082
