10

6350	3650

20	90

0	95460	68580	52820	99100	48460	87380	37160	15140	19830	65880	
95140	0	36990	57790	42280	49400	39660	61200	86191	82810	32130	
68330	37310	0	24730	32120	21180	20400	34220	63080	55830	13610	
52960	58190	24680	0	52000	9600	40510	17160	49030	38770	28610	
98170	42400	31070	51360	0	51020	13870	64060	92920	85670	43920	
48170	49230	21150	9670	51670	0	39950	13800	42920	35410	19650	
87160	39830	20060	40800	14580	40010	0	53050	81910	74660	32910	
37100	61550	34480	17090	65000	13680	53280	0	33270	23260	31970	
14820	86681	63340	48820	93860	43500	82140	33290	0	21400	59721	
19800	83130	56060	38670	86580	35260	74860	23240	21420	0	53550	
65820	32140	13750	28470	44880	20080	33160	31880	59661	53490	0	

0	                                         Saltcoats	0	0	32400	0

1	                                        Livingston	462	12282	26882	924
2	                                       Cumbernauld	174	13350	25599	348
3	                                         Milngavie	281	10014	21251	562
4	                                             Alloa	692	21029	25236	1384
5	                                           Glasgow	132	2451	9900	264
6	                                       Bannockburn	347	6438	17793	694
7	                                           Paisley	170	13670	27050	340
8	                                            Irvine	669	14606	21225	1338
9	                                         Kilbirnie	261	19043	29994	522
10	                                           Airdrie	730	4368	18441	1460
