10

6350	3650

20	90

0	72850	19190	41520	73340	62080	55040	29650	92540	48020	27750	
72860	0	54140	71550	116980	85780	121860	61380	122740	111940	45250	
19200	54510	0	46220	74980	56780	68200	22870	97240	58280	9410	
41220	71540	46420	0	108350	99330	74120	66640	54790	67100	50270	
73870	116790	75080	108681	0	41710	54070	57100	153021	51330	80180	
62240	85760	56400	99610	41610	0	77120	34320	153140	67460	57400	
55140	122300	68640	74640	54180	77160	0	64950	106430	10540	77200	
29660	61390	22760	66650	57150	34500	64720	0	120180	54800	24780	
92520	122970	97720	54710	151170	152780	106650	120090	0	108580	103980	
47870	112320	58660	67370	51290	67460	10420	54970	108520	0	67220	
27660	45160	8940	50650	80350	57570	76660	24750	104220	66740	0	

0	                                            Raunds	0	0	32400	0

1	                                       Mountsorrel	426	4340	18940	852
2	                                         Kettering	235	16688	28937	470
3	                                      Peterborough	778	2478	13715	1556
4	                                         Aylesbury	639	11162	15369	1278
5	                                          Brackley	227	6934	14383	454
6	                                           Baldock	141	11657	23012	282
7	                                       Northampton	551	9291	22671	1102
8	                                       King's_Lynn	421	3842	10461	842
9	                                            Henlow	126	15404	26355	252
10	                                        Desborough	346	8814	22887	692
