25

6350	3650

20	90

0	43030	39630	42840	95290	63050	48890	82420	96140	76000	34340	37720	32400	64080	38780	18590	86100	87823	38860	93010	46650	89430	79960	99300	68690	46410	
43040	0	60030	17150	133420	95190	15690	42530	78780	52530	73360	80430	41570	33120	43490	61300	46210	48151	69130	96190	89360	67190	87630	135490	88080	37020	
39560	60040	0	46490	83540	36340	52280	101130	78030	61540	61760	57860	19790	57070	23460	36810	105150	101050	11900	57230	49780	73670	120390	82180	101951	79450	
42740	17120	46730	0	122270	81890	6220	55380	63490	38050	74000	75270	27090	22000	26660	55960	60520	56010	57450	80900	81440	51970	100240	124340	97760	48000	
94120	133290	82650	122250	0	67170	128300	175690	159680	143460	79530	69680	102140	139420	105380	78980	179370	179610	72310	123120	51460	155590	142620	48260	122690	137680	
62990	95150	35550	81740	67400	0	87530	136240	97080	88960	73640	65000	55040	92320	57470	53030	140260	135750	26040	59920	52840	99250	140661	47940	120201	107380	
48770	15830	52360	6200	128300	87520	0	51010	65880	37480	80030	81300	32720	19570	32140	61990	56400	50280	63080	83290	87470	52530	102230	130370	100940	49990	
82320	42520	101570	55720	176202	136730	51040	0	85670	62830	112640	119710	82490	47720	82060	100580	6810	14500	110670	124250	128640	70720	98190	180212	106670	55610	
96390	79560	77980	63590	159561	97430	66200	86110	0	31440	126710	126210	65900	51070	58290	106900	92250	76890	88180	51620	125690	18540	166690	131250	162900	113430	
75620	53400	61230	38200	143070	88330	38250	63620	31050	0	106760	106260	45290	21650	39090	86950	69810	54930	71430	63200	107000	15730	135321	129642	135930	85770	
33950	73250	61920	74230	79080	73320	80280	112640	126790	106950	0	10430	63050	95470	69430	30990	116320	117963	55840	117720	28660	120380	72780	96680	52320	62330	
38030	80780	58250	75680	69330	64990	81730	120170	126490	106650	11230	0	62750	96920	69130	24610	123850	125504	49990	112380	19850	120080	83300	87870	62840	72850	
32270	41850	19980	27040	102340	55140	32830	82240	65580	45290	62590	62090	0	38710	8220	42780	86960	82050	30700	63500	63870	58720	109930	100980	99290	61260	
63990	33681	57250	21800	139610	92410	19660	47720	51270	20900	95250	96520	39110	0	36180	77210	53910	44130	67970	75240	101140	35950	115151	134480	119061	68001	
38690	43640	23570	26700	105410	57870	32440	81900	57900	39330	69010	68510	8200	36300	0	49200	87040	80280	33770	56240	68480	52760	116640	99730	105710	68840	
18500	61250	36870	55960	79000	53360	62010	100640	106770	86930	30760	24070	43030	77200	49410	0	104320	105784	29630	91510	30050	100360	89830	85430	69890	61250	
86060	46260	105310	60740	179942	140470	56430	5970	90820	68100	116380	123450	86850	53140	87080	104320	0	20380	114410	129670	132380	75860	100920	183952	109400	58340	
88141	48341	101240	55700	181446	135860	49860	14790	77050	54650	118461	125531	81540	44150	80170	106401	20980	0	111960	116300	134406	62100	107221	178750	114161	63101	
39010	69270	10800	56990	72370	26380	62780	110360	88100	71610	55840	49680	30290	67570	33530	29580	114380	111550	0	62900	38830	83740	116491	71790	96031	83400	
93020	97240	57270	81210	123270	60020	84110	123800	51560	63300	117871	112271	63470	75460	56520	91611	129990	115610	63171	0	101231	60070	179592	89210	158252	123490	
46530	89280	48780	81510	51370	52520	87560	128670	125820	107850	28750	19490	63470	100750	69540	30040	132350	133334	37980	100270	0	121080	100820	68680	80360	89500	
89420	67750	73730	52000	155570	99440	52610	70750	18340	16380	120560	120060	59090	36010	52890	100750	76890	61530	83930	60480	120800	0	150260	134830	150590	99570	
80020	88380	120210	101351	143020	141170	102321	98170	164730	134300	73210	82850	110040	114370	116840	90390	100800	107211	116500	179940	101080	148960	0	171800	21110	51250	
98800	135830	81330	124790	48250	47800	130950	180542	131700	130731	96870	87610	100820	134780	99730	85190	184222	178011	71820	89430	68780	135100	172830	0	152370	142360	
67780	88600	101470	98450	122410	120060	100900	106860	162890	136560	52100	61740	99150	119090	105530	69760	109490	114541	95390	157750	79970	150500	21040	150690	0	53470	
46530	37770	80120	49770	138290	107470	50740	55520	113460	87390	62470	72110	61910	67950	69530	61490	58150	63201	83280	124240	89650	101300	51250	142300	53600	0	

0	                                           Sawston	0	0	32400	0

1	                                            Harlow	535	8690	23290	1070
2	                                             Sandy	682	12666	24915	1364
3	                                              Ware	762	3411	14648	1524
4	                                          Spalding	460	13376	17583	920
5	                                            Raunds	812	7852	15301	1624
6	                                         Hoddesdon	368	12179	23534	736
7	                                             Grays	314	13830	27210	628
8	                                      High_Wycombe	564	8201	14820	1128
9	                                           Watford	661	11177	22128	1322
10	                                             Soham	536	13277	27350	1072
11	                                               Ely	257	8460	17802	514
12	                                           Baldock	155	2173	6288	310
13	                                       Potters_Bar	725	23208	27549	1450
14	                                           Hitchin	244	24317	26358	488
15	                                            Histon	730	16144	29638	1460
16	                                           Tilbury	265	5280	12732	530
17	                                          Dartford	658	3836	17478	1316
18	                                       Saint_Neots	416	3225	8909	832
19	                                        Buckingham	330	8154	21760	660
20	                                         Chatteris	445	4781	14888	890
21	                              Chalfont_Saint_Peter	409	15754	22337	818
22	                                           Ipswich	701	7498	21487	1402
23	                                            Oakham	526	14625	25091	1052
24	                                        Stowmarket	174	2947	6559	348
25	                                         Braintree	564	17642	28562	1128
