25

6350	3650

20	90

0	24210	30750	74830	45930	64050	20430	21190	21340	13490	50540	11370	48700	45050	21840	58701	82250	52450	31000	13010	75190	7150	14740	25620	16710	17140	
24180	0	18450	74020	29220	72401	13270	17810	34150	14300	54430	25590	59840	48940	12090	64682	91941	56340	27790	12010	85640	18700	18170	16810	17260	17560	
30490	18450	0	62400	19830	70410	11370	15910	37550	17980	46400	28990	60790	44200	9680	61940	89950	48620	21630	19800	84950	23570	21570	34780	18730	34150	
74270	74020	62360	0	61511	47970	62740	58280	61620	65310	24970	65430	59860	31620	63200	40290	65150	25850	46960	68000	65450	70140	63620	86790	62910	83790	
46320	29510	19800	61511	0	80680	28430	32970	54220	34470	51670	45660	73000	52410	26740	72050	100220	53890	31900	34650	95220	40070	38240	42280	35790	47080	
64170	72261	70340	48030	80630	0	62410	57290	46640	59121	32620	54420	21460	30220	63440	11780	21850	30790	49820	61811	20530	63210	57431	81681	57081	78130	
19260	13400	13000	62710	30090	62520	0	5910	26320	6750	43540	17760	49950	38050	4090	54370	82051	45450	16480	8570	75750	12340	10340	25920	7500	22920	
21320	17470	15880	58280	32970	57330	5940	0	25510	9060	38350	18190	45850	32860	6970	49180	76870	40260	11900	11800	71650	14290	11010	29990	7010	26990	
20900	33820	37390	62340	54030	46550	27070	26060	0	20640	38050	10010	30430	32560	28480	45320	64750	39960	28270	23330	57690	19940	16250	42160	20860	34860	
13090	14060	18170	65070	34510	58751	7850	8920	20520	0	40780	11960	46190	35290	9260	51032	78291	42690	18730	3660	71990	6090	4540	23530	4440	20260	
49970	54150	46430	24920	51690	32800	43380	38260	37320	41010	0	41130	35560	7320	44360	20890	52340	2730	27410	43700	49460	45840	39320	63570	38970	60300	
11350	25570	29140	65450	45780	53980	18820	18010	10410	12390	41160	0	38630	35670	20230	48631	72180	43070	24600	15080	65120	10390	8000	32610	12610	25310	
48540	59530	60640	59540	72860	21500	50700	45820	30210	46350	35250	38790	0	29310	51730	20520	35590	36500	42050	49040	28460	47580	43410	68910	44560	62500	
44570	48750	44190	31520	52400	30540	37980	32860	31920	35610	7230	35730	29680	0	39010	20040	50080	8340	25010	38300	46590	40440	33920	58170	33570	54900	
21600	12130	9780	63230	26870	63630	2480	7020	28660	9090	44320	20100	52130	39160	0	55480	83170	46540	17000	10910	77930	14690	12680	28010	9840	25260	
58780	64621	61900	40370	72120	11980	54350	49230	44990	51481	20920	49030	20740	19970	55380	0	31520	19090	41380	54171	28640	56311	49791	74041	49441	70771	
82600	92191	90270	65060	100560	21600	82340	77220	65070	79051	52550	72850	35370	50150	83370	31710	0	50720	69750	81741	26730	81640	76610	101611	77011	96560	
51880	56060	48670	25790	53930	30770	45290	40170	39230	42920	2730	43040	36300	8130	46320	18860	50310	0	29650	45610	47430	47750	41230	65480	40880	62210	
31120	27830	21610	46950	31900	49920	16550	11990	27770	19080	27370	24650	42240	25130	17010	41450	69460	29590	0	21820	64460	24090	19440	40600	16010	37600	
13040	12010	20250	68220	34410	61901	9930	11890	23490	3910	43930	14930	49200	38440	11340	54182	81441	45840	21760	0	75000	7340	7510	20080	7470	16810	
76260	86390	85010	65470	95300	20540	77080	71960	58420	73210	49400	66510	28550	46440	78110	28760	26810	47770	64490	75900	0	75300	70270	95770	71420	90220	
7070	18710	23830	70270	40170	62990	13510	14240	20280	6650	45980	10310	47640	40490	14920	56232	81190	47890	24050	7250	74130	0	9560	26000	9760	19000	
14850	18300	21980	63720	38510	57151	11660	10890	16590	5120	39430	8030	43350	33940	13070	49432	76210	41340	19380	7810	69150	9950	0	27680	5700	24410	
25590	16570	34750	87070	42360	81721	27300	30270	42690	23730	63750	32720	69020	58260	27980	74002	101261	65660	40840	20010	94820	26300	27330	0	27290	8960	
16800	17170	18800	62880	35890	57351	8630	7090	21430	4760	39380	12870	44790	33890	9890	49632	76891	41290	15980	7500	70590	9770	5750	27370	0	24100	
16970	17650	34490	83940	46870	78110	24170	27140	35400	20450	60470	25430	62760	54980	25580	70722	96310	62380	37710	16730	89250	19300	24050	8980	24010	0	

0	                                         Tynemouth	0	0	32400	0

1	                                         Ponteland	112	16282	30882	224
2	                                           Prudhoe	201	10771	23020	402
3	                                    Barnard_Castle	494	12741	23978	988
4	                                            Hexham	100	6258	10465	200
5	                                  Thornaby_on_Tees	113	11423	18872	226
6	                                           Blaydon	460	14676	26031	920
7	                                          Whickham	251	15216	28596	502
8	                                        Sunderland	243	20635	27254	486
9	                               Newcastle_upon_Tyne	744	14356	25307	1488
10	                                   Bishop_Auckland	468	12965	27038	936
11	                                            Boldon	526	2278	11620	1052
12	                                        Hartlepool	549	18206	22321	1098
13	                                        Spennymoor	676	22215	26556	1352
14	                                           Newburn	727	27024	29065	1454
15	                                  Stockton-on-Tees	447	9519	23013	894
16	                                           Ingleby	557	6458	13910	1114
17	                                           Shildon	736	5776	19418	1472
18	                                    Annfield_Plain	775	15793	21477	1550
19	                                          Gosforth	470	8894	22500	940
20	                                            Redcar	411	15532	25639	822
21	                                          Wallsend	600	16179	22762	1200
22	                                           Felling	185	3769	17758	370
23	                                           Morpeth	604	13284	23750	1208
24	                                         Gateshead	247	16688	20300	494
25	                                        Bedlington	539	12502	23422	1078
