25

6350	3650

20	90

0	13910	85651	89260	26010	95240	93900	96301	97130	63250	65490	72941	74120	80040	68730	90390	84930	13160	99310	51230	92141	25490	94091	88960	93321	76651	
13890	0	80261	83870	12400	89850	81930	90911	85160	69790	72030	67551	68760	86580	63340	85000	79690	17240	93920	57770	86751	20480	88701	83570	87931	71261	
85871	80391	0	31730	83320	29510	33040	11960	66592	71250	124710	15650	36350	67550	42120	27660	39020	73911	34200	117773	7990	100371	23100	28020	18780	14730	
89011	83531	31590	0	90810	8020	64630	32590	91152	46730	100190	24860	16960	39900	22110	4200	8780	77051	11320	100663	36000	103511	11720	5910	16950	23640	
25990	12370	83350	90850	0	96830	78650	94260	76170	81350	83590	72220	75740	96900	70320	91980	86670	28800	100900	69330	90010	27010	94140	90550	92600	75930	
94961	89481	29560	7980	96760	0	62600	30290	94182	53760	107220	27890	23410	45650	29140	4940	15810	83001	5530	109064	33970	109461	8150	6910	14020	26000	
93270	81180	32580	64320	78480	62100	0	38400	35900	97760	144400	40710	62860	93250	68630	60250	68860	85200	66790	130140	32760	101160	55690	60610	51370	42620	
96061	90581	12060	32110	94320	29890	39030	0	72582	75140	128600	23990	40240	71060	46010	28040	39940	84101	34160	126523	7190	110561	23480	28730	17730	20180	
96740	84650	66550	91290	76160	94400	36100	72570	0	118930	147870	67020	88290	118680	92700	90530	95170	88670	99090	133610	67260	96950	87990	88870	83670	68930	
62590	69790	71070	46750	80490	53820	98190	75160	118950	0	55920	57930	35120	19360	36200	50000	39910	57290	52850	60060	75480	88000	57520	51320	62750	58620	
65440	72640	124540	100220	83340	107290	144950	128630	148190	55900	0	110000	88590	72830	87940	103470	93380	60140	106320	23430	128950	90850	110990	104790	116220	112090	
72911	67441	15140	24490	72180	27690	40810	23920	66842	57270	109570	0	22370	52760	28140	23730	28370	60951	32810	101793	21630	87411	22480	22070	20940	4270	
73340	68241	36400	17260	75520	23410	63520	40490	88902	35280	88740	23260	0	31600	6150	18560	12820	61761	27420	84703	40810	88221	24210	17130	29440	23950	
79460	86660	66440	40240	97250	45880	93050	70530	118432	19670	72920	52790	31720	0	32800	43490	33400	74160	43800	77270	70850	104870	51010	44810	56240	53990	
68190	63001	42280	22240	70280	29290	69400	46370	92550	36190	87652	29140	6330	32510	0	24440	17260	56521	32380	79553	46690	82981	30090	23010	35320	29830	
90141	84661	27420	4190	91940	4910	60460	28420	90302	49970	103430	24010	18590	43140	24360	0	12020	78181	10040	102913	31830	104641	7550	1970	12780	22790	
84010	79071	38920	8670	86350	15740	68890	40310	94302	40080	93540	28630	12510	33250	16980	11920	0	72591	18490	95373	43330	99051	19440	13240	24670	28000	
12860	17460	74091	77700	28160	83680	85820	84741	89050	57650	59890	61381	62590	74440	57170	78830	73520	0	87750	45630	80581	37490	82531	77400	81761	65091	
99061	93581	34260	11320	100860	5540	67300	34180	99052	53220	106680	33020	27190	43900	32340	10070	18550	87101	0	110820	37810	113561	12470	12040	18060	31130	
51720	58920	117310	100780	69620	109040	131240	126580	134470	60060	23370	102320	84870	76990	79730	102980	95680	46420	110480	0	124690	77130	109840	101550	115070	105150	
92281	86801	8000	36100	89980	33880	32860	7090	66862	75680	129140	22060	40780	71980	46550	32030	43450	80321	38150	124834	0	106781	27470	32450	21720	20720	
25590	20380	100641	104250	27010	110230	101800	111291	96950	88250	90490	87931	89140	105040	83720	105380	100070	37620	114300	76230	107131	0	109081	103950	108311	91641	
94341	88861	23040	11660	94170	8150	56080	23770	87832	57440	110900	22840	24180	50610	29950	7590	19490	82381	12410	109874	27450	108841	0	8280	6650	20210	
88751	83271	27920	5870	90550	6930	60960	29240	88692	51220	104680	22400	17200	44390	22970	2020	13270	76791	12060	101523	32330	103251	8370	0	13600	21180	
93321	87841	18740	16790	92580	14020	51780	18040	83532	62570	116030	21250	29310	55740	35080	12720	24620	81361	18120	115004	21720	107821	6700	13410	0	18620	
76661	71181	14150	23650	75920	26130	42690	20410	68722	58820	112280	4590	23920	55000	29690	22890	28100	64701	31340	105043	20640	91161	20240	21230	18700	0	

0	                                Kingston_upon_Hull	0	0	32400	0

1	                                          Beverley	454	8282	22882	908
2	                                         Lofthouse	442	7717	19966	884
3	                                  Wath_upon_Dearne	259	6998	18235	518
4	                                            Watton	291	15922	20129	582
5	                                    Hoyland_Nether	279	16110	23559	558
6	                                         Harrogate	225	9302	20657	450
7	                                          Dewsbury	442	11649	25029	884
8	                                            Thirsk	502	18368	24987	1004
9	                                      Gainsborough	777	12586	23537	1554
10	                                             Louth	798	5202	19275	1596
11	                                        Pontefract	357	15197	24539	714
12	                                           Bentley	187	20587	24702	374
13	                                           Retford	365	17242	21583	730
14	                                      Kirk_Sandall	370	9565	11606	740
15	                                          Wombwell	426	10466	23960	852
16	                                        Mexborough	252	12139	19591	504
17	                                     North_Ferriby	314	13252	26894	628
18	                                        Chapletown	463	5076	10760	926
19	                                       Cleethorpes	259	7545	21151	518
20	                                            Morley	453	17032	27139	906
21	                                           Hornsea	133	23156	29739	266
22	                                          Barnsley	480	13415	27404	960
23	                                          Darfield	503	4535	15001	1006
24	                                            Darton	769	6916	10528	1538
25	                                      Featherstone	386	7154	18074	772
