25

6350	3650

20	90

0	80340	16850	77120	85900	41160	85300	58460	8820	90380	89990	62500	64530	64370	27870	48710	46240	59630	70770	75340	51510	86430	85180	49040	31910	72000	
79470	0	86250	23340	165030	57210	12910	25340	81960	169850	10370	23270	34180	78830	62701	54540	49050	28530	37660	11150	32810	23620	157600	39330	111380	24370	
16840	86640	0	82340	82750	45000	91600	65070	25380	94610	96290	68800	69750	65060	31710	52550	50150	65390	75990	81640	58120	92191	75320	54260	40310	77220	
76030	21850	82051	0	158290	46210	18890	26320	78520	166460	26850	17040	16480	62710	54370	43540	38050	18760	18780	12340	32010	13400	153401	28500	107940	5910	
85860	165470	82760	158820	0	121540	170430	140470	89460	19820	175120	144200	146470	130610	108250	127670	126690	141330	154710	157040	133520	170911	26100	130740	63880	153700	
41050	56800	44830	46170	121480	0	57810	39310	44700	130970	65770	36850	33200	30960	13380	9300	9440	29000	37830	48630	36240	56940	109040	19710	72960	41050	
84380	13010	91160	20340	169940	58090	0	30250	86870	174810	9250	27270	33290	79710	65672	55420	49930	29640	36180	14150	37720	13820	162510	40450	116290	23310	
57970	24940	64750	27070	140230	40120	29900	0	60460	148350	34590	12980	28270	62340	45320	38050	32560	16830	35220	19940	9880	33820	136100	22150	89880	26060	
8760	83000	25330	79780	89380	44660	87960	61120	0	92540	92650	65160	67190	68080	31370	52010	49050	62290	73430	78000	54170	89090	88660	51700	33770	74660	
90830	171170	95150	168100	20120	131580	176200	149290	93170	0	181300	153330	155510	145340	118290	139610	137140	150460	162080	166170	142340	177410	46160	139870	59860	162980	
89140	10250	95920	27930	174700	65660	9260	35010	91630	180990	0	32940	40860	87280	72371	62990	57500	37210	43770	18970	42480	22560	167270	48020	122470	30900	
61280	23230	68060	18630	143540	36890	27250	13100	63770	151660	32880	0	18190	58510	43011	34220	28730	8200	25140	18070	16940	26420	139410	19250	93190	15390	
64740	34100	69460	16550	146110	33290	33140	27770	67230	155170	41100	18440	0	46950	41450	27370	25130	13940	7850	24090	30030	27830	140610	15900	96650	11990	
64440	78310	65150	62740	130620	30940	79320	61620	68200	144920	87280	58360	46960	0	40290	24970	31620	50510	45320	70140	60140	74020	112010	41220	97270	58280	
27740	62820	31520	54350	108170	13370	65491	44990	31390	117660	72470	43610	41380	40370	0	20920	19970	37180	47620	56311	38040	64621	100270	26760	59650	49230	
48560	54010	52340	43380	127620	9270	55020	37320	52210	138990	62980	34060	27410	24920	20890	0	7320	26210	30630	45840	35840	54150	113750	16920	80470	38260	
46300	48610	50080	37980	126730	9370	49620	31920	49340	136730	57580	28660	25010	31520	20040	7230	0	20810	28560	40440	29960	48750	117640	11520	78210	32860	
58750	28100	65250	19370	141010	29330	29280	16110	61240	149130	37240	8150	13780	50950	37490	26660	21170	0	20730	20100	16980	28410	136600	11690	90660	14490	
70990	37460	75710	18140	154490	37750	35810	34600	73480	161800	43770	25270	7930	45310	47700	30600	28560	20770	0	27450	36860	29390	143710	22150	103280	14670	
74410	11080	81190	13510	156670	48650	14040	20280	76900	164790	18970	17830	24050	70270	56232	45980	40490	20200	27530	0	27750	18710	152540	31010	106320	14240	
50800	32790	57580	33800	133060	36710	37750	9590	53290	141180	42440	17660	29700	60350	38150	36060	30120	16940	36650	27790	0	41270	128930	20440	82710	30030	
85920	23620	91941	13270	170721	57100	13870	34150	88410	176350	22440	26440	27790	74020	64682	54430	48940	28650	29410	18700	41410	0	163291	39460	117830	17810	
85180	158030	75320	153620	26090	108900	162990	136460	88780	45680	167680	140190	140640	111570	100260	113720	117450	136460	143600	153030	129510	163471	0	125540	71660	148500	
49190	39110	53910	28440	130560	19620	40300	21510	51680	139570	48260	19340	15850	41240	26671	16950	11460	11490	22090	31120	20540	39430	125260	0	81100	23320	
31860	112200	40340	108980	64030	73020	117160	90320	33920	59380	122180	94360	96390	96440	59730	80570	78100	91490	102960	107200	83370	118290	71420	80900	0	103860	
71930	24300	76870	5940	153520	41020	22960	25510	74420	162360	30920	14950	11900	58280	49180	38350	32860	14460	14700	14290	29920	17470	148220	23310	103840	0	

0	                                       Guisborough	0	0	32400	0

1	                                       Whitley_Bay	781	8456	23056	1562
2	                                           Ingleby	822	15941	28190	1644
3	                                           Blaydon	809	13123	24360	1618
4	                                         Driffield	281	16351	20558	562
5	                                   Newton_Aycliffe	268	7345	14794	536
6	                                       Cramlington	697	9988	21343	1394
7	                                        Sunderland	213	4304	17684	426
8	                                 Marske-by-the-Sea	477	17589	24208	954
9	                                       Bridlington	651	8536	19487	1302
10	                                             Blyth	820	4028	18101	1640
11	                                        Washington	109	15956	25298	218
12	                                    Annfield_Plain	743	23000	27115	1486
13	                                    Barnard_Castle	725	17785	22126	1450
14	                                  Stockton-on-Tees	605	4054	6095	1210
15	                                   Bishop_Auckland	824	7029	20523	1648
16	                                        Spennymoor	518	2827	10279	1036
17	                                 Chester-le-Street	400	9773	23415	800
18	                                           Consett	227	12682	18366	454
19	                                          Wallsend	554	4819	18425	1108
20	                                            Seaham	714	4975	15082	1428
21	                                         Ponteland	540	10561	17144	1080
22	                                       Pocklington	428	13111	27100	856
23	                                            Durham	789	10574	21040	1578
24	                                            Whitby	498	4691	8303	996
25	                                          Whickham	540	10002	20922	1080
