25

6350	3650

20	90

0	70280	49870	88590	53830	80750	44200	72140	23430	93720	64800	87370	31180	61260	97280	73690	74460	92220	86070	86440	94010	76950	80560	44070	63040	75610	
70350	0	29200	90120	17780	41190	94700	121590	68890	47810	88730	29720	99070	44910	42870	31930	125600	35740	55900	136840	32270	69620	18820	107880	32260	39450	
50040	28730	0	72030	22450	36500	69570	95720	43760	69700	63360	52780	76200	30030	51320	27730	100470	57630	68050	111710	58990	54340	45540	82750	44410	54080	
88520	90070	71920	0	91520	52100	59440	60560	66110	134800	28850	110520	97590	47060	69760	61740	81110	122880	132870	74340	107490	23120	101530	83020	109840	122410	
53760	17690	22930	91580	0	47430	86000	115290	60190	49810	82910	34120	82480	48180	59450	37580	118420	38970	46430	129660	40760	72890	27310	94640	22790	32460	
80700	41130	36510	52320	47450	0	78730	95610	67670	83150	58030	59130	104320	22850	30990	10430	110000	71490	93050	109390	56150	30040	50220	101870	69410	79080	
43840	95260	69790	59650	86400	78480	0	28080	27910	127760	34550	119450	38690	65020	102120	85030	31380	124300	120110	42380	125660	64430	111510	23580	95610	109650	
71830	122660	95780	61210	115270	95640	28460	0	55310	155160	38690	146850	67040	83780	116760	103790	24110	151700	147510	15700	152940	70300	138910	50440	124480	137050	
23400	68930	43460	66380	60070	67670	26850	54680	0	99960	42590	92420	38530	48530	90350	66760	57740	97270	92310	68980	98630	60290	85180	39740	69280	81850	
93490	47720	70120	135330	49770	83340	127160	155080	99920	0	130140	24490	122210	92100	79960	74080	158910	12790	39330	171880	35450	112670	36830	135080	30730	18370	
64740	88880	63320	28930	82920	57980	34540	37910	42330	130100	0	114370	72690	46120	81410	66130	58460	119220	122450	51690	114720	34990	106150	58120	99420	111990	
87470	29730	53440	110820	34290	59210	118940	146770	92640	24520	114240	0	116190	70740	55830	49950	149840	12860	52340	161080	11320	88540	12700	129060	36230	29370	
31230	99050	75930	97780	82600	104380	39100	67040	38590	122490	72470	116140	0	85240	123340	99750	59620	120990	114840	74900	122780	96980	109330	21500	91810	104380	
61520	44980	30060	47180	48210	22850	65000	83620	48540	92260	46040	70630	85190	0	44920	21330	97110	80190	93810	97400	67650	26690	61720	87270	70170	79840	
97250	42770	51250	69890	59360	30760	102630	116860	90230	80480	81100	56460	123410	44860	0	24070	133890	68820	97460	130640	47530	47610	47550	125770	73820	79000	
73340	32320	27340	62840	37700	11230	84630	103250	66320	74340	65670	50320	99500	20950	24610	0	116740	62680	83300	117030	47340	40560	41410	105090	59660	69330	
74650	126520	101050	81760	119130	109950	31560	23940	59170	159800	59240	150710	59870	97270	134590	117280	0	155560	151370	16070	156920	90850	142770	38910	128340	140910	
92090	35710	58110	123290	38960	71680	123610	151440	97310	12850	118910	12830	120810	80090	68300	62420	154510	0	43610	165750	23790	101010	25170	133680	30090	19510	
85640	55840	68200	132950	46220	92900	119310	147230	92070	39140	122290	52150	114360	93650	97590	83050	150300	43500	0	161540	61400	115250	54270	127230	23550	24760	
86140	136970	111500	75000	129580	109430	42770	15740	69620	171630	52480	161160	74870	97570	130550	117580	16380	166010	161820	0	166730	84090	153220	53910	138790	151360	
93990	32270	59460	107830	40810	56430	124960	152790	98660	35440	114770	11420	122710	67960	46750	47170	155860	23780	61880	166750	0	85550	15240	135580	45770	38910	
76260	68900	53600	23500	72130	29530	64240	70130	59260	111890	34850	87870	96130	25890	47190	39170	90680	100230	114550	83910	84890	0	78960	87820	91520	103760	
80640	18920	46110	101950	27460	50340	111120	138950	85310	36750	106120	12730	109360	61870	47550	41080	142020	25090	54570	153260	15280	79670	0	122230	35540	31600	
44110	108200	82730	83500	94760	101830	23870	50410	39880	135360	58400	129010	21490	87430	125470	106000	38650	133860	127710	53930	135650	88280	122200	0	103970	117250	
62750	32280	44840	110060	22660	69340	94990	124340	69180	30680	99400	36330	91470	70090	74030	59490	127410	30090	23640	138650	45580	92360	35520	103630	0	12570	
75380	39480	55030	122690	32850	79530	109050	136970	81810	18370	112030	29470	104100	80280	78980	69680	140040	19520	24870	151280	38720	104990	31590	116970	12620	0	

0	                                          Fakenham	0	0	32400	0

1	                                             March	783	11585	26185	1566
2	                                    Downham_Market	597	9263	21512	1194
3	                                        Stowmarket	438	5051	16288	876
4	                                           Wisbech	477	11457	15664	954
5	                                             Soham	172	10143	17592	344
6	                                           Norwich	539	5761	17116	1078
7	                                           Beccles	493	6232	19612	986
8	                                      East_Dereham	309	16500	23119	618
9	                                            Bourne	398	16603	27554	796
10	                                              Diss	797	5206	19279	1594
11	                                      Peterborough	439	11518	20860	878
12	                                        Sheringham	148	11880	15995	296
13	                                        Lakenheath	491	2767	7108	982
14	                                            Histon	803	22441	24482	1606
15	                                               Ely	823	8532	22026	1646
16	                                    Great_Yarmouth	680	6906	14358	1360
17	                                    Market_Deeping	491	4012	17654	982
18	                                            Boston	161	7619	13303	322
19	                                         Lowestoft	277	10863	24469	554
20	                                            Yaxley	293	16475	26582	586
21	                                Bury_Saint_Edmunds	363	4665	11248	726
22	                                        Whittlesey	393	6837	20826	786
23	                                     North_Walsham	402	16847	27313	804
24	                                          Holbeach	265	4571	8183	530
25	                                          Spalding	761	4082	15002	1522
