25

6350	3650

20	90

0	84691	53260	79961	65720	52770	79150	89540	41820	36380	87010	42570	39980	85140	40570	24970	5450	78790	68270	33300	94040	79210	86830	88930	81350	65730	
84511	0	94941	14490	86280	96411	80270	113060	124051	55520	105520	58150	78581	42760	122801	108241	80951	101840	95520	98051	148761	134191	63790	107450	87390	121181	
52820	94361	0	89631	39310	10860	60990	47001	87310	46050	58260	52240	17130	94810	86060	72450	49100	35031	26730	37080	59090	47660	74350	55110	61790	36740	
79441	14400	89871	0	81210	91341	77260	108000	118981	48540	100460	51170	73511	28810	117731	103171	75881	96770	90450	92981	143691	129121	70350	102390	84730	116111	
65280	86760	38830	82030	0	48600	29160	28820	105720	50970	23060	57110	40720	93570	104470	89170	61560	19230	19490	69210	87330	78360	44190	23820	26790	71480	
52440	95631	10870	90901	49080	0	69280	56771	84730	47320	68030	53510	19500	96080	84320	71270	49100	44801	36500	29480	54590	40020	81900	64880	70450	27010	
78180	78740	60640	77021	28900	69040	0	52190	119140	58410	32770	64600	57340	95501	117890	102070	74460	46880	47750	86060	113550	103640	19060	39220	7820	93440	
89350	113280	47651	109710	29010	57421	52280	0	128642	76230	25560	82420	58030	120280	127392	113240	85630	12370	25970	82591	81090	78020	68670	19820	48170	77380	
41800	124711	86791	119981	104830	84810	118720	127894	0	76400	126170	82590	74331	125640	12780	40850	43710	115924	107380	59930	113230	98400	125940	128090	120510	87530	
35810	55610	46240	48520	50720	47710	58520	76110	75350	0	69960	6810	29880	50190	74100	59540	32250	65360	56020	49350	100060	85490	63110	71890	62830	72480	
85730	105660	57800	101320	22950	67570	32950	25370	127250	69870	0	76010	62890	112840	126000	110700	82010	28190	37220	91120	103330	96480	50400	6640	27030	90450	
41690	58340	52120	51250	55860	53590	63940	81990	81230	5970	75100	0	35760	52920	79980	65420	38130	71240	61900	55230	105940	91370	68530	77030	68100	78360	
39550	78521	17650	73791	40280	19520	57950	58400	74400	30210	62730	36400	0	78970	73150	59540	35830	47260	36040	28980	72800	58230	68000	60810	59640	45220	
84800	42620	95230	28750	93070	96700	95870	120370	125140	50180	112830	52810	78870	0	123890	108530	81240	109150	102310	98340	149050	134480	89370	114760	100750	121470	
40610	123521	85561	118791	103640	84111	117530	126664	12040	75210	124980	81400	73101	124450	0	39660	42520	114694	106190	60930	116820	101990	124750	126900	119320	91120	
25410	108851	72690	104121	89820	71240	103250	113640	40870	60540	111160	66730	60230	109300	39620	0	28700	101823	92370	48860	109600	94770	110930	113080	105500	81290	
4370	81181	48800	76451	61300	48750	74730	85120	43750	32870	82590	39060	35520	81630	42500	28530	0	74370	63850	30710	91450	76620	82410	84510	76930	63140	
78370	101710	35531	96980	18890	45301	46650	12320	116522	65250	28270	71440	46550	108600	115272	101662	74650	0	14490	70471	77210	71190	61880	22630	43440	65970	
68550	96110	26720	91380	19300	36490	47290	25140	107711	56170	37450	62360	35670	102840	106461	92440	64830	14000	0	60950	72050	63080	62220	32600	44920	57830	
32990	97941	37080	93211	68950	29460	86220	81931	59840	49630	91040	55820	29440	98390	60930	48630	30630	69961	60720	0	63100	48270	94520	88570	87910	34830	
93810	148921	59530	144191	87020	54750	114420	81550	113370	100610	104210	106800	72940	149370	117100	110320	91450	77220	71700	63220	0	15580	128410	99040	112640	28440	
78870	134231	47190	129501	77170	40060	103610	78020	98430	85920	95530	92110	58250	134680	102160	95380	76510	70241	61850	48280	14830	0	116970	90931	102790	13500	
85790	61740	74100	70760	44050	81780	18380	68570	126230	62800	50230	68990	68160	89420	124980	109680	82070	62220	62510	94800	127580	117100	0	56680	25500	106900	
87710	107640	54760	103300	23550	64530	39250	19750	129230	71850	6630	77990	60970	114820	127980	112680	83990	22670	33200	88630	98910	92151	56760	0	33330	86901	
80760	85770	61930	85391	26360	70420	8660	47440	121970	63620	26520	69810	59920	101050	120720	105420	77040	43330	45080	88640	112920	103950	25270	32970	0	94730	
65370	121171	37110	116441	72070	27000	94240	77561	87540	72860	90880	79050	45190	121620	91270	81880	63010	65591	57200	34780	28310	13480	107600	86281	95040	0	

0	                                        Gillingham	0	0	32400	0

1	                                         Braintree	667	4666	19266	1334
2	                                             Oxted	192	17619	29868	384
3	                                            Witham	317	10006	21243	634
4	                                          Richmond	395	4218	8425	790
5	                                        Edenbridge	398	16541	23990	796
6	                                           Radlett	136	8455	19810	272
7	                                            Woking	812	4097	17477	1624
8	                                        Canterbury	545	9347	15966	1090
9	                                             Grays	300	10904	21855	600
10	                                            Slough	469	7920	21993	938
11	                                           Tilbury	626	20039	29381	1252
12	                                          Halstead	606	11623	15738	1212
13	                                 Burnham_on_Crouch	165	24152	28493	330
14	                                        Whitstable	174	23098	25139	348
15	                                         Sheerness	303	5829	19323	606
16	                                         Rochester	166	6227	13679	332
17	                                            Cobham	199	12764	26406	398
18	                                             Epsom	521	20322	26006	1042
19	                                      Paddock_Wood	404	11708	25314	808
20	                                       Rottingdean	599	15772	25879	1198
21	                                             Lewes	464	4382	10965	928
22	                                Welwyn_Garden_City	579	8487	22476	1158
23	                                       Old_Windsor	113	6082	16548	226
24	                                           Watford	403	14751	18363	806
25	                                          Uckfield	746	9343	20263	1492
