75

6350	3650

20	90

0	29950	43590	26260	43870	97700	11200	74620	64451	78560	15870	57850	25800	87330	41260	91260	83040	42880	13760	65250	64670	99300	98590	30810	92221	26500	60170	76190	25150	56420	26400	79190	87710	74160	88990	61031	38000	76980	75260	64841	95200	24360	89270	82590	26120	20470	71780	72261	11870	13570	20350	25430	42310	54990	16320	24030	96731	68000	95200	13070	23670	88450	59410	12450	55940	14130	64840	57560	94810	89180	81862	86600	10750	67942	71510	20890	
30190	0	13640	4200	69761	123591	30690	100511	90342	105404	13960	83741	49750	113221	13870	118104	108931	12930	29650	91141	36490	125191	125520	54770	118112	37570	86061	47640	46220	27390	24400	105081	113601	45160	114881	86922	63891	103910	53820	90732	123231	25990	60240	53560	42150	34920	97671	98654	37900	17150	31630	29570	68630	70762	43570	50571	122622	93891	121091	38020	50920	114341	46280	21910	30200	43420	35810	83451	120701	117211	107753	112491	34020	93823	97401	15570	
43960	13760	0	17970	81451	135281	44150	112201	102032	117094	27730	95431	63210	124911	18970	129794	120621	5690	41080	102831	30770	136881	137930	68230	129802	49570	97751	41920	59680	21670	36400	116771	125291	39440	126571	98612	75581	117370	48100	102422	134921	37990	54520	47840	55610	44420	109361	110344	51360	30920	41090	39030	82090	77610	57030	62261	134312	105581	132781	51480	64380	126031	41140	35680	25030	55920	30090	95141	132391	128901	119443	124181	47480	105513	109091	27570	
26530	4210	17850	0	66191	120021	27030	96941	86772	101834	10300	80171	46090	109651	17830	114534	105361	17140	25990	87571	40700	121621	121860	51110	114542	34050	82491	51850	42560	31600	21670	101511	110031	49370	111311	83352	60321	100250	58030	87162	117561	22470	64450	57770	38490	31260	94101	95084	34240	13490	28140	28090	64970	68251	39910	47001	119052	90321	117521	34360	47260	110771	50240	18250	34160	39760	40020	79881	117131	111501	104183	108921	30360	90263	93831	12050	
43890	69601	81021	66311	0	60290	52110	34510	27810	45500	57441	14820	53480	50190	81741	58200	42930	80311	45070	28110	103951	62160	74100	46940	57940	67410	23030	115101	57650	94851	69620	42050	50300	112621	48880	31850	8980	52490	116250	35660	52170	67580	128191	121021	62950	50860	34640	38350	47060	56630	51340	57330	37580	68170	40240	23950	60090	27890	58060	49920	32940	48340	100400	55670	98071	35200	103271	20420	57670	46150	52681	49460	50740	38751	28950	63950	
97480	123191	136671	119901	60290	0	105700	43650	44910	86930	111031	74270	112400	18490	137391	87200	48220	135961	98660	39230	159601	37720	118070	105860	59510	121000	40170	170751	114890	150501	123210	30150	10150	168271	40120	60130	66580	105230	176931	59990	62190	121170	184461	177781	119920	104450	41040	84740	101200	110220	104930	110920	96170	130860	93830	77550	54860	32310	24250	104410	90320	45090	160330	109260	153721	88790	158921	44430	13800	59530	77410	15960	104750	65460	81340	117540	
11290	30610	44250	26920	51960	105790	0	82710	72541	75820	16530	64880	19910	95420	37780	88520	91130	41030	24240	73340	54220	107390	95680	24930	100311	16050	68260	65740	16380	49810	22870	87280	95800	63710	97080	69121	46090	74070	64810	72931	98031	17060	79110	72430	15180	30950	79870	69521	7890	14100	30830	35220	38790	45351	13580	30260	104821	76090	103290	8010	20930	96540	48960	8920	46840	17320	58020	65650	102900	92011	89952	94690	4010	76022	70770	17550	
74470	100181	113661	96891	34700	43680	82690	0	36020	51140	88021	48680	86480	39770	114381	51410	14010	112951	75650	33700	136591	60670	82280	79940	66550	97990	29330	147741	90650	127491	100200	40950	34800	145261	19090	43760	40990	69440	150860	47570	31420	98160	160831	153661	95950	81440	39530	48950	78190	87210	81920	87910	70580	101170	70820	54540	67750	21070	52350	81400	65900	16930	135010	86250	130711	65780	135911	28810	45500	25060	64591	37120	81740	50661	45550	94530	
64071	89782	101202	86492	27980	45200	72291	36330	0	72590	77622	41960	79760	32290	101922	83062	46262	100492	65251	6780	124132	35610	100380	73220	30990	87591	8270	135282	81481	115032	89801	18940	35210	132802	49930	16070	34270	78770	141462	15840	63072	87761	148372	141202	86511	71041	8380	65440	67791	76811	71521	77511	63860	94450	60421	44141	32580	20150	34430	71001	56911	50980	125051	75851	118252	55381	123452	10010	38160	56722	33260	33610	71341	21310	56090	84131	
78810	105403	116823	102113	45900	87360	76140	51380	72870	0	91900	33370	64510	86410	113150	14020	41810	116113	80872	73170	117510	107220	38940	57970	103000	84050	68090	129030	68680	113100	98240	87110	81440	127000	49960	76910	54040	19960	126980	80720	34550	92450	142500	135720	73980	86662	79700	8890	69750	89470	87142	93132	44630	74390	66400	57430	105150	71030	100070	72610	55630	44060	112250	84290	110130	68460	121310	65480	92140	28530	97741	83760	73430	83821	19590	92920	
16230	14070	27710	10380	57071	110901	16730	87821	77652	91850	0	71051	35790	100531	26020	104550	96241	27000	17040	78451	49640	112501	111560	40810	105422	26870	73371	60790	32260	40540	17570	92391	100911	58310	102191	74232	51201	89950	66310	78042	108441	17320	73390	66710	28190	22310	84981	85551	23940	3190	20260	21010	54670	57951	29610	37881	109932	81201	108401	24060	36960	101651	58430	7950	42350	29460	48960	70761	108011	102381	95063	99801	20060	81143	84711	7540	
57900	83611	95031	80321	14850	74300	65140	48520	41820	33390	71451	0	62810	64200	95751	43690	44730	94321	59080	42120	115810	76170	65830	56270	71950	80440	37040	127330	66980	108861	83630	56060	64310	125300	52880	45860	22990	44220	126400	49670	37470	81450	140800	134020	72280	64870	48650	27190	58750	70640	65350	71340	45100	76240	54250	37960	74100	41900	72070	61610	44630	46980	110550	69680	108430	49210	117281	34430	71680	31450	66691	63470	62430	52761	14250	77960	
25770	49770	63410	46080	53540	112430	19930	86380	79680	64010	35690	62911	0	102060	56940	76710	94800	60190	38720	79980	54300	114030	77650	6900	108811	21080	74900	65820	5360	49890	39160	93920	102170	63790	100750	77621	52960	56040	64890	81431	89840	31950	79190	72510	11010	45430	86510	58180	14960	33260	45310	50390	20760	31060	20330	36950	111960	79760	109930	13490	24000	99350	49040	28080	46920	25760	58100	72290	109540	83820	98452	101330	17340	84522	64672	36710	
87390	113101	126581	109811	50580	18660	95610	39940	32280	86570	100941	64560	102360	0	127301	86840	46570	125871	88570	27770	149511	24800	117710	95820	44350	110910	28890	160661	104800	140411	113120	13890	9200	158181	41530	47850	56870	101370	166841	46780	62390	111080	173751	166581	109830	94360	25300	84380	91110	100130	94840	100830	86460	117050	83740	67460	41470	23090	14400	94320	80230	45460	150240	99170	143631	78700	148831	33950	8480	59170	62020	3730	94660	52250	78690	107450	
41100	13960	18960	17920	81691	135521	37540	112441	102272	112660	25980	95671	56600	125151	0	125360	120861	14020	41670	103071	24960	137121	129520	61620	130042	40340	97991	36110	53070	15720	23140	117011	125531	34080	126811	98852	75821	110760	40700	102662	135161	28840	49250	42570	48900	46940	109601	106361	44750	28000	43640	42720	75480	69200	50420	62501	134552	105821	133021	44870	57770	126271	32820	29090	16740	54160	24820	95381	132631	129141	119683	124421	40870	105763	107610	20960	
91640	118233	131773	114943	58450	87490	88970	51510	82870	14150	104730	43750	77340	86540	125980	0	41940	129600	93702	82370	131410	109790	35760	70800	113000	96880	77290	142930	81510	127000	111070	90070	81570	140900	50090	88790	66590	25210	132280	92600	32600	105280	156400	149620	86810	99492	88590	21720	82580	102300	99972	105962	56900	79640	79230	70260	115150	71160	100200	85440	68460	44190	120660	97120	124030	81290	135210	75480	92270	28660	109621	83890	86260	95691	30660	105750	
82860	108571	122051	105281	43090	48590	91080	14080	45790	41640	96411	44440	94870	46480	122771	41910	0	121341	84040	45340	144981	69730	72780	88330	75920	106380	40350	156131	99040	135881	108590	50010	41510	153651	12020	51710	49380	59940	161180	55520	21920	106550	169221	162051	104340	89830	51420	39450	86580	95600	90310	96300	76990	108620	79210	62930	77230	32960	60140	89790	74290	7010	143980	94640	139101	74170	144301	38400	52210	15560	72541	43830	90130	58611	36050	102920	
43000	12890	5680	17100	80581	134411	40560	111331	101162	116224	26770	94561	59620	124041	13840	128924	119751	0	40210	101961	26010	136011	133170	64640	128932	45980	96881	37160	56090	16910	32810	115901	124421	34680	125701	97742	74711	113780	43340	101552	134051	34400	49760	43080	52020	43550	108491	109381	47770	29960	40220	38160	78500	72850	53440	61391	133442	104711	131911	47890	60790	125161	36380	32110	20270	55050	25330	94271	131521	128031	118573	123311	43890	104653	108221	23980	
13950	29610	40910	25920	45330	99160	24340	76080	65911	80973	17090	59310	38940	88790	41560	93673	84500	40200	0	66710	64730	100760	105862	43950	93681	37590	61630	75880	38290	55630	33810	80650	89170	73400	90450	62491	39460	84252	81850	66301	96660	31900	88480	81800	38640	7040	73240	74223	25010	17680	7510	13280	49980	68130	25740	26250	98191	69460	96660	26210	34160	89910	70500	19830	57890	21300	64050	59020	96270	90640	83322	88060	23890	69392	72970	24110	
65030	90741	102161	87451	28220	39460	73250	33760	6710	72830	78581	42200	80000	27780	102881	82140	45371	101451	66210	0	125091	34820	100620	73460	35690	88550	5240	136241	82440	115991	90760	14930	29470	133761	47360	21930	34510	79010	142421	21480	62150	88720	149331	142161	87470	72000	7240	65680	68750	77770	72480	78470	64100	94690	61380	45100	35460	16510	31700	71960	57870	48410	127420	76810	119211	56340	124411	10220	33670	55790	38900	27870	72300	26950	56330	85090	
64610	36100	30450	40310	103641	157471	54000	134391	124222	116250	49230	115151	53880	147101	24730	129110	142811	25700	64400	125021	0	159071	112630	58990	151992	38760	119941	14040	51830	10210	40390	138961	147481	12010	148761	120802	97771	108130	18940	124612	142240	46090	27410	20730	43650	67740	131551	110420	61210	52330	64410	62350	72850	52310	66900	83570	156502	127771	154971	59890	74250	148221	13580	53040	9490	70640	8830	117331	154581	136220	141633	146371	57330	127703	116912	45290	
99331	125042	138522	121752	62530	38050	107551	61100	35760	107140	112882	76510	114310	25340	139242	110300	70030	137812	100511	34830	161452	0	134930	107770	26110	122851	39620	172602	116741	152352	125061	21790	33600	170122	65490	50340	68820	113320	178690	45840	85850	123021	185692	178522	121771	106301	29610	99990	103051	112071	106781	112771	98410	129000	95681	79401	18760	42100	14600	106261	92171	68920	162181	111111	155572	90641	160772	44530	24360	82630	54370	28100	106601	52190	90640	119391	
99120	126040	137770	122350	74250	118540	96200	82560	100390	38990	111960	65690	78120	117590	129240	35760	72990	133020	106392	100690	112630	134740	0	71580	130520	95710	95610	123380	82290	116800	110462	114630	112620	123170	81140	104430	80460	22280	112530	108240	65730	106580	142740	131890	87590	112182	107220	44300	89700	109530	112662	118652	57040	60720	86710	81820	132670	100470	130640	89760	75940	75240	101690	104350	113830	90250	120260	93000	123320	59710	125261	114940	93210	111331	56070	112980	
30700	54780	68420	51090	46960	105850	24940	79800	73100	57430	40700	56331	6860	95480	61950	70130	88220	65200	43650	73400	59620	107450	71070	0	102231	26400	68320	71140	11030	55210	44480	87340	95590	69110	94170	71041	46380	49460	70210	74851	83260	37270	84510	77830	16330	50360	79930	51600	19440	38270	50240	55320	14180	28490	20480	30370	105380	73180	103350	18500	17620	92770	54360	33090	52240	25720	63420	65710	102960	77240	91872	94750	22350	77952	58092	41720	
91541	117252	128672	113962	58190	60050	99761	66910	31080	102800	105092	72170	108051	44760	129392	113412	76612	127962	92721	35880	151602	26710	130590	101631	0	115061	38850	162752	108951	142502	117271	31090	51680	160272	77620	38310	64480	108980	163901	33350	93422	115231	175842	168672	113981	98511	29210	95650	95261	104281	98991	104981	94070	124660	87891	71611	8960	49460	38540	98471	84381	78680	148051	103321	145722	82851	150922	40360	46510	87062	31560	46180	98811	34390	86300	111601	
26740	37760	49870	34280	67410	121240	16130	98160	87991	83400	26670	80330	21180	110870	40550	96100	106580	46450	37350	88790	39060	122840	95730	26290	115761	0	83710	50580	19130	34650	18970	102730	111250	48550	112530	84571	61540	75430	49650	88381	109230	11760	63950	57270	10950	43460	95320	77570	23340	24240	43250	45820	40150	36711	29030	45700	120271	91540	118740	23460	36380	111990	33800	19060	31680	32770	42860	81100	118350	103210	105402	110140	19460	91482	84062	23210	
60000	85711	97131	82421	23190	40450	68220	29330	7910	67800	73551	37170	74970	28890	97851	77110	40341	96421	61180	5210	120061	39260	95590	68430	38440	83520	0	131211	77410	110961	85730	19150	30460	128731	42930	22500	29480	73980	137391	22700	57120	83690	144301	137131	82440	66970	11740	60650	63720	72740	67450	73440	59070	89660	56350	40070	39820	12110	35160	66930	52840	43980	122390	71780	114181	51310	119381	5190	35470	50760	40610	28980	67270	28170	51300	80060	
76450	47590	41940	51800	115131	168961	65840	145881	135712	128090	60720	126991	65720	158591	36220	140950	154301	37190	75890	136511	13800	170561	123380	70830	163482	50600	131431	0	63670	21700	52230	150451	158971	5920	160251	132292	109261	119040	11200	136102	154080	57930	16910	10810	55490	79230	143041	122260	73050	63820	75900	73840	84690	64690	78740	95410	167992	139261	166461	71730	86090	159711	25960	64880	21330	82480	14700	128821	166071	148060	153123	157861	69170	139203	128752	56780	
25330	46220	59860	42530	57770	115120	16380	90610	81871	68240	32140	67141	5460	104750	53390	80940	99030	56640	38280	82670	52230	116720	81880	11130	109641	19010	77590	63750	0	47820	37090	96610	105130	61720	104980	78451	55420	60270	62820	82261	94070	29880	77120	70440	8940	44990	89200	62410	14890	29710	44870	49950	24990	34770	21130	38250	114151	83990	112620	13050	25680	103580	46970	24530	44850	26560	56030	74980	112230	88050	99282	104020	14870	85352	68902	33160	
56140	26860	21210	31070	94401	148231	49880	125151	114982	112130	39990	108381	49760	137861	15440	124990	133571	16460	55160	115781	10500	149831	116500	54870	142752	34640	110701	21650	47710	0	33620	129721	138241	19620	139521	111562	88531	104010	27590	115372	138120	39320	34790	28110	39530	58500	122311	106300	57090	43040	55170	53110	68730	56180	62780	75211	147262	118531	145731	55770	70130	138981	19710	44130	3600	66520	10360	108091	145341	132100	132393	137131	53210	118463	112792	36000	
26140	24370	36480	21770	69200	123030	22580	99950	89781	97700	17550	83180	39050	112660	23140	110400	108370	33060	33390	90580	40370	124630	110472	44160	117551	18760	85500	51890	37000	33620	0	104520	113040	49860	114320	86361	63330	93300	55200	90171	119911	7260	65260	58580	28820	39380	97110	91401	29790	17710	37120	37870	58020	50152	35460	49360	122061	93330	120530	29910	42810	113780	43690	14240	31240	39200	43570	82890	120140	113891	107192	111930	25910	93262	92650	11220	
79070	104781	118261	101491	42260	30380	87290	40850	18980	86870	92621	56240	94040	14000	118981	90050	49780	117551	80250	14940	141191	21390	114660	87500	30790	102590	19200	152341	96480	132091	104800	0	20920	149861	47480	34550	48550	93050	158420	33480	65600	102760	165431	158261	101510	86040	12000	79720	82790	91810	86520	92510	78140	108730	75420	59140	28350	21850	17040	86000	71910	48670	141920	90850	135311	70380	140511	24260	19870	62380	48720	15420	86340	38950	70370	99130	
87810	113521	127001	110231	50620	10320	96030	34820	35240	81440	101361	64600	102400	9180	127721	81710	41450	126291	88990	29560	149931	33040	112580	95860	51300	111330	30500	161081	105220	140831	113540	20840	0	158601	34630	50460	56910	99740	167261	50320	56700	111500	174791	167001	110250	94780	31370	79250	91530	100550	95260	101250	86500	117090	84160	67880	48590	22640	21530	94740	80650	39600	150660	99590	144051	79120	149251	34760	11700	54040	67740	6650	95080	55790	75850	107870	
74400	45490	39840	49700	113031	166861	63790	143781	133612	126090	58620	124991	63670	156491	34080	138950	152211	35090	73790	134411	11750	168461	123270	68780	161382	48550	129331	5920	61620	19560	50180	148351	156871	0	158151	130192	107161	117970	16700	134002	152080	55880	15650	8970	53440	77130	140941	120260	71000	61680	73800	71740	82640	62940	76690	93360	165892	137161	164361	69680	84040	157611	24210	62770	19280	80430	10090	126721	163971	146060	151023	155761	67120	137103	126752	54640	
89000	114711	128191	111421	49230	40450	97220	19220	49790	49960	102551	52760	101010	41190	128911	50230	12080	127481	90180	47470	151121	64760	81100	94470	77330	112520	43100	162271	105180	142021	114730	47310	34940	159791	0	58290	55520	68260	168451	62100	22350	112690	175361	168191	111270	95970	50250	47770	92720	101740	96450	102440	85110	115700	85350	69070	75060	32100	54850	95930	80430	8090	151570	100780	145241	80310	150441	43110	46150	21970	79121	38540	96270	65191	44370	109060	
60241	85952	97372	82662	30470	59980	68461	43370	16120	75080	73792	44450	76751	48110	98092	87780	51652	96662	61421	21900	120302	50360	102870	70331	38170	83761	22540	131452	77651	111202	85971	34760	49990	128972	57740	0	36760	81260	132521	8930	68462	83931	144542	137372	82681	67211	24200	67930	63961	72981	67691	73681	66350	96940	56591	40311	43750	32970	50250	67171	53081	57672	116671	72021	114422	51551	119622	21140	53980	62102	25230	48390	67511	9250	58580	80301	
37820	63531	74951	60241	9020	66770	46040	40990	34290	53630	51371	23000	53010	56670	75671	66330	49410	74241	39000	34590	97881	68640	80280	46470	64420	61340	29510	109031	55230	88781	63550	48530	56780	106551	55360	38330	0	58670	110100	42140	60350	61510	122121	114951	60260	44790	41120	46480	41540	50560	45270	51260	38830	69220	34170	17890	66570	34370	64540	44750	30660	54820	94250	49600	92001	29130	97201	26900	64150	54330	59161	55940	45090	45231	37130	57880	
77380	104300	117940	100610	52510	105320	74460	69340	78650	19620	90220	43950	56380	101030	111470	25290	59770	114720	84652	78950	108170	113000	22180	49840	108780	75920	73870	118920	60550	104730	94000	92890	99400	118630	67920	82690	58720	0	108070	86500	52510	86790	134130	127350	65850	90442	85480	22560	67960	87790	90922	96912	35300	56260	64970	60080	110930	78730	108900	68020	54200	62020	97230	82610	101760	68510	112940	71260	108510	46490	103521	100300	71470	89591	35100	91240	
75640	53600	47950	57810	116660	174971	65030	150581	141722	127010	66350	126181	64910	164601	40770	132250	160311	43200	81900	142521	19070	176571	112500	70020	169492	49790	137441	11240	62860	27710	55500	156461	164981	16740	166261	133591	110560	108160	0	137401	153270	60660	25950	21150	54680	85240	149051	121450	72240	68370	81910	79850	83880	53940	77930	94600	174002	143961	172471	70920	85280	162780	21810	67960	25260	81670	22050	134831	172081	147250	154302	163871	68360	140492	127942	61330	
64511	90222	101642	86932	34740	59950	72731	47640	15400	79350	78062	48720	81021	46900	102362	92050	55922	100932	65691	21870	124572	45790	107140	74601	33060	88031	22510	135722	81921	115472	90241	33550	49960	133242	62010	8840	41030	85530	136791	0	72732	88201	148812	141642	86951	71481	22990	72200	68231	77251	71961	77951	70620	101210	60861	44581	38730	34260	49040	71441	57351	61942	120941	76291	118692	55821	123892	22190	52770	66372	23490	48320	71781	8430	62850	84571	
95350	123231	136711	117811	52300	62460	98010	31570	62930	34760	108941	37560	89990	62290	136870	32610	22000	136001	96530	62430	143710	85540	65900	83450	93060	109530	57350	155230	94160	139300	120110	65820	56950	153200	22360	68850	60440	53060	154300	72660	0	114320	168700	161920	99460	102320	68180	32570	91620	108130	102800	108790	70110	101740	88270	75410	93040	50030	75950	94480	77500	18560	138450	106160	136330	86660	147510	55540	68020	7320	89681	59640	95300	75751	29170	114790	
24200	26000	38110	22520	67260	121090	17180	98010	87841	92320	17310	81240	31870	110720	28830	105020	106430	34690	31450	88640	46060	122690	106420	36980	115611	11580	83560	57580	29820	39310	7250	102580	111100	55550	112380	84421	61390	86120	60340	88231	114531	0	70950	64270	21640	37560	95170	86021	24110	17330	37350	38180	50840	47401	30080	46750	120121	91390	118590	24230	37430	111840	44490	12300	36930	33820	49260	80950	118200	108511	105252	109990	20230	91322	87270	11450	
89690	60480	54830	64690	128501	185121	79080	159251	149082	141380	73610	140281	78960	171961	49070	154240	167671	50080	88780	149881	27040	183931	142630	84070	176852	63840	144801	16980	76910	34550	65470	163821	175131	15600	173621	145662	122631	133260	25940	149472	167370	71170	0	7500	68730	92120	156411	135550	86290	76670	88790	86730	97930	78230	91980	108650	181362	152631	179831	84970	99330	173081	39500	77760	34570	95720	25080	142191	182231	161350	166493	171231	82410	152563	142042	69630	
83130	53920	48270	58130	121461	178561	72520	152211	142042	134820	67050	133721	72400	164921	42510	147680	160631	43520	82220	142841	20480	176891	132000	77510	169812	57280	137761	10910	70350	27990	58910	156781	165301	9040	166581	138622	115591	126700	20930	142432	160810	64610	7410	0	62170	85560	149371	128990	79730	70110	82230	80170	91370	71670	85420	102090	174322	145591	172791	78410	92770	166041	32940	71200	28010	89160	18510	135151	172401	154790	159453	164191	75850	145523	135482	63070	
26340	42080	55720	38390	62970	120340	15310	95810	87091	73440	28000	72341	11220	109970	48800	86140	104230	52500	38330	87890	44100	121940	87080	16330	114861	10880	82810	55620	9170	39690	28960	101830	110350	53590	111111	83671	60640	65470	54690	87481	99270	21750	68990	62310	0	44440	94420	67610	19320	25570	44230	46850	30190	30371	26350	43810	119371	89190	117840	16620	31240	108780	38840	20390	36720	31780	47900	80200	117450	93250	104502	109240	16940	90582	74102	29020	
20430	34670	44060	31150	50820	104650	30820	81570	71401	86463	22320	64800	45420	94280	46790	99163	89990	43350	6950	72200	67880	106250	111352	50430	99171	43260	67120	79030	44770	58780	39430	86140	94660	76550	95940	67981	44950	89742	85210	71791	102150	37570	91630	84950	44310	0	78730	79713	31490	22910	3780	9770	55470	74071	31880	31740	103681	74950	102150	32690	39650	95400	76170	25500	62140	27440	67200	64510	101760	96130	88812	93550	30370	74892	78460	29340	
71490	97201	108621	93911	34680	41370	79710	39640	8270	79290	85041	48660	86460	25400	109341	88600	51400	107911	72670	7200	131551	29550	107080	79920	28970	95010	11620	142701	88900	122451	97220	12050	31380	140221	50150	23840	40970	85470	148881	22770	68140	95180	155791	148621	93930	78460	0	72140	75210	84230	78940	84930	70560	101150	67840	51560	28740	20780	27540	78420	64330	51210	133880	83270	125671	62800	130871	16680	31270	62250	39620	26820	78760	28240	62790	91550	
72240	98373	109793	95083	38500	85150	69570	49170	65470	8910	85330	27180	58100	84200	106580	21610	39600	109083	73842	65770	111100	99820	43800	51560	95600	77640	60690	122620	62270	106690	91670	79710	79230	120590	47750	69510	46640	22190	121690	73320	32340	85880	136090	129310	67570	79632	72300	0	63180	82900	80112	86102	38220	69850	59830	50400	97750	65550	95720	66040	49060	41850	105840	77720	103720	61430	114900	58080	89930	26320	90341	81550	66860	76411	13350	86350	
11820	37770	51410	34080	46940	101530	7840	78450	68281	69540	23690	58600	14940	91160	44940	82240	86870	48190	24770	69080	61380	103130	89470	19500	96051	23210	64000	72900	14890	56970	30030	83020	91540	70870	92820	64861	41830	67860	71970	68671	91751	24030	86270	79590	19330	31480	75610	63241	0	21260	31360	36440	32580	43680	7730	25990	100561	71830	99030	3760	14650	92280	56120	16080	54000	13060	65180	61390	98640	85731	85692	90430	4330	71762	64490	24710	
13930	17280	30920	13590	56781	110611	14310	87531	77362	89430	3200	70761	33370	100241	28100	102130	95951	30210	17690	78161	52650	112211	109140	38390	105132	24450	73081	63800	29840	43410	17760	92101	100621	61520	101901	73942	50911	87530	68390	77752	108151	17510	76600	69920	25770	22960	84691	83131	21520	0	21890	23120	52250	55531	27190	37060	109642	80911	108111	21640	34540	101361	57360	5530	44430	27160	52170	70471	107721	102091	94773	99511	17640	80843	84380	7730	
20220	31280	40570	27990	51300	105130	30610	82050	71881	86943	20240	65280	45210	94760	43420	99643	90470	39860	7430	72680	64390	106730	111832	50220	99651	43050	67600	75540	44560	55290	37130	86620	95140	73060	96420	68461	45430	90222	81720	72271	102630	37360	88140	81460	44100	3780	79210	80193	31280	21900	0	6090	55950	73861	32360	32220	104161	75430	102630	32480	40130	95880	74760	25290	58650	27920	63710	64990	102240	96610	89292	94030	30160	75362	78940	27040	
24940	29430	38490	27750	57130	110960	35060	87880	77711	92773	20660	71110	49930	100590	42350	105473	96300	37780	13080	78510	62310	112560	117662	54940	105481	45640	73430	73460	49280	53210	37550	92450	100970	70980	102250	74291	51260	96052	79640	78101	108460	37860	86060	79380	46690	9610	85040	86023	36000	22860	5920	0	61780	76451	37350	38050	109991	81260	108460	37200	45960	101710	72680	26880	56570	32910	61630	70820	108070	102440	95122	99860	34880	81192	84770	27460	
42660	69000	82640	65310	37711	96331	39160	70551	63851	44590	54920	46151	21080	86231	76170	56760	77680	79420	49960	64151	73840	98201	56880	14540	93981	40620	59071	85360	25250	69430	58700	78091	86341	83330	84921	67331	38710	35270	84430	71141	70420	51490	98730	92050	30550	55750	70681	38760	32660	52490	56230	62220	0	32710	30250	28860	96131	63931	94101	32720	19480	79930	68580	47310	66460	33790	77640	56461	93711	64400	88162	85501	36170	74242	46450	55940	
54800	70762	77490	68251	68201	130540	45511	101041	94341	74080	57861	76641	30960	116721	68960	79610	108810	72740	67750	94641	52350	128691	60690	28480	124471	36731	89561	64870	34670	56520	50182	108581	116831	62850	115411	97391	68770	56350	54070	101201	101550	47601	78250	71570	30391	74301	101171	69890	43540	55431	74091	76711	32500	0	46340	57910	126621	94421	124591	42600	45160	111060	41410	50251	53550	51770	59980	86951	124201	95530	118222	115991	46450	104292	77160	58881	
16380	43550	57190	39860	40220	94050	13710	70970	60801	66320	29470	54200	20220	83680	50720	79020	79390	53970	25620	61600	67180	95650	86350	20430	88571	29010	56520	78700	21120	62770	35810	75540	84060	76670	85340	57381	34350	64740	77770	61191	88531	30020	92070	85390	26250	31940	68130	60021	7730	27040	32420	37840	30070	46440	0	18420	93081	64350	91550	11110	11430	84800	61920	21860	59800	5490	70980	53910	91160	82511	78212	82950	11680	64282	61270	30490	
23560	50241	61661	46951	24130	77970	30030	54890	44721	57631	38081	38110	37140	67600	62381	70331	63310	60951	25750	45520	83500	79570	81820	30600	72491	45330	40440	95020	38320	75491	49290	59460	67980	92990	69260	41301	18260	60210	94090	45111	75460	46340	108490	101661	43900	31540	52050	50881	25530	36300	32020	38010	29050	58150	18090	0	77001	48270	75470	28740	13350	68720	78240	35340	76120	12740	83911	37830	75080	69440	62132	66870	29080	48202	49940	43620	
96141	121852	133272	118562	60190	54680	104361	67890	32710	104800	109692	74170	111970	41490	133992	115272	77270	132562	97321	35450	156202	18780	132590	105430	8730	119661	39880	167352	113551	147102	121871	28030	48870	164872	75100	43660	66480	110980	173532	38740	93090	119831	180442	173272	118581	103111	28780	97650	99861	108881	103591	109581	96070	126660	92491	76211	0	49030	31230	103071	88981	76160	158531	107921	150322	87451	155522	42220	40990	88922	39850	43370	103411	41210	88300	116201	
67870	93581	107061	90291	28100	32520	76090	21210	19680	70910	81421	42080	79880	23080	107781	71180	32970	106351	69050	16360	129991	41730	100500	73340	49090	91390	12130	141141	84050	120891	93600	22010	22530	138661	31850	33180	34390	78890	144260	34470	49840	91560	154231	147061	89350	74840	20640	65560	71590	80610	75320	81310	63980	94570	64220	47940	48860	0	33600	74800	59300	32910	128410	79650	124111	59180	129311	14370	30560	44830	52380	22350	75140	39940	56210	87930	
95290	121001	134481	117711	58480	23960	103510	52630	34560	99840	108841	72460	110260	13760	135201	100110	59840	133771	96470	31470	157411	14320	130880	103720	37840	118810	35420	168561	112700	148311	121020	16830	21120	166081	54800	50130	64770	109270	174741	49060	75660	118980	181651	174481	117730	102260	27580	95940	99010	108030	102740	108730	94360	124950	91640	75360	31460	33830	0	102220	88130	58730	158140	107070	151531	86600	156731	40480	10270	72440	61050	16760	102560	54530	86590	115350	
13060	37890	51530	34200	49860	104650	7960	81570	71401	72460	23810	61520	13460	94280	45060	85160	89990	48310	26010	72200	60320	106250	89230	18480	99171	23330	67120	71840	13040	55910	30150	86140	94660	69810	95940	67981	44950	67620	70910	71791	94671	24150	85210	78530	16620	32720	78730	66161	3760	21380	32600	37680	32340	42650	11160	29110	103681	74950	102150	0	17570	95400	55060	16200	52940	16180	64120	64510	101760	88651	88812	93550	4450	74892	67410	24830	
23730	50900	64540	47210	32850	90490	21060	65690	57241	55450	36820	44510	24030	80120	58070	68150	74110	61320	34050	58040	74530	92090	75480	17640	85011	36360	52960	86050	25620	70130	43160	71980	80500	84020	80060	53821	30780	53870	85120	57631	77661	37370	99420	92740	31200	39840	64570	49151	14670	34390	40320	46310	19200	45190	11320	13150	89521	59070	87990	17530	0	79520	69270	29210	67150	16260	78330	50350	87600	71641	74652	79390	18350	60732	50400	37840	
88200	113911	127391	110621	48430	45500	96420	16950	50730	44090	101751	46890	99320	45310	128111	44360	7040	126681	89380	48410	150321	68560	75230	92780	78280	111720	44040	161471	103490	141221	113930	48840	39990	158991	8090	57670	54720	62390	163630	61480	18680	111890	174561	167391	108790	95170	51200	41900	91920	100940	95650	101640	79440	111070	84550	68270	76060	33050	58970	95130	79630	0	147780	99980	144441	79510	149641	44050	51040	16100	78501	42660	95470	64571	38500	108260	
59830	46580	41370	50540	100850	160840	49220	134771	124521	111470	58600	110371	49100	150470	33020	120600	143990	36620	70440	127900	13490	162421	101630	54210	152151	33980	122820	26010	47050	20400	43720	142311	150850	23990	151370	117661	94630	97290	21750	121471	137460	44850	39390	32710	38870	76550	134430	105640	56430	57330	75330	73270	68070	41310	62120	78790	159381	128151	158340	55110	69470	146970	0	52150	17510	65860	21120	120210	157950	131440	138492	149740	52550	124562	112132	53580	
12340	22290	35930	18600	55400	109230	8780	86150	75981	83900	8210	69380	27840	98860	29410	96600	94570	32660	19590	76780	53170	110830	103610	32860	103751	18920	71700	64690	24310	44720	14500	90720	99240	62660	100520	72561	49530	82000	67680	76371	106111	12590	78060	71380	20240	25700	83310	77601	15990	5780	25490	27360	46720	50001	21660	35560	108261	79530	106730	16110	29010	99980	51830	0	44040	25400	53820	69090	106340	100091	93392	98130	12110	79462	78850	9150	
55780	30060	24470	34020	97661	151491	46970	128411	118242	109220	42080	108121	46850	141121	16500	122080	136831	19720	57770	119041	9460	153091	113590	51960	146012	31730	113961	20980	44800	3500	31230	132981	141501	18950	142781	114822	91791	101100	24680	118632	135210	36930	34350	27670	36620	61760	125571	103390	54180	44100	58430	56370	65820	53270	59870	76540	150522	121791	148991	52860	67220	142241	16800	43880	0	63610	13260	111351	148601	129190	135653	140391	50300	121723	109882	37060	
14250	43370	55500	39680	35180	89000	17440	65920	55751	68621	29290	49160	25660	78630	54450	81321	74340	54790	21140	56550	70910	90600	89880	25810	83521	32740	51470	82430	26560	66500	39540	70490	79010	80400	80290	52331	29310	68270	81500	56141	86510	33750	95800	89120	31660	27460	63080	61871	12940	26990	27940	33360	33600	51880	5500	13080	88031	59300	86500	16150	16400	79750	65650	25590	63530	0	74710	48860	86110	80490	73162	77900	16490	59242	61440	34220	
65520	36230	30580	40440	103771	157601	57910	134521	124352	120160	49360	117751	57790	147231	24820	133020	142941	25830	64530	125151	8750	159201	120260	62900	152122	42670	120071	14280	55740	10300	43560	139091	147611	10130	148891	120932	97901	112040	21960	124742	146150	49260	25120	18440	47560	67870	131681	114330	65120	52420	64540	62480	76760	59940	70810	84581	156632	127901	155101	63800	78160	148351	21210	53510	13400	74550	0	117461	154711	140130	141763	146501	61240	127833	120822	45380	
57760	83471	94891	80181	20950	44620	65980	28770	10140	65560	71311	34930	72730	33970	95611	75630	38861	94181	58940	10290	117821	44340	93350	66190	40300	81280	5210	128971	75170	108721	83490	24230	34630	126491	42910	21190	27240	71740	135151	22640	55640	81450	142061	134891	80200	64730	16820	58410	61480	70500	65210	71200	56830	87420	54110	37830	42420	14290	40240	64690	50600	43960	120150	69540	111941	49070	117141	0	40550	49280	41170	33520	65030	28101	49060	77820	
94880	120591	134071	117301	58070	13780	103100	45520	38160	92150	108431	72050	109850	8500	134791	92420	52150	133361	96060	33650	157001	24000	123290	103310	45760	118400	35480	168151	112290	147901	120610	19770	11760	165671	45860	53730	64360	108860	174331	52660	67930	118570	181861	174071	117320	101850	31180	89960	98600	107620	102330	108320	93950	124540	91230	74950	41140	30580	10530	101810	87720	50830	157730	106660	151121	86190	156321	40540	0	64750	67770	9070	102150	58130	86180	114940	
88980	116861	130341	111401	45930	60280	91640	25550	56910	28390	102531	31190	83620	59330	130500	28660	15980	129631	90160	56410	137340	82580	59530	77080	87040	103160	51330	148860	87790	132930	113740	62860	54360	146830	22290	62830	54070	46690	147930	66640	7240	107950	162330	155550	93090	95950	62630	26200	85250	101720	96430	102420	63740	95370	81900	69040	89190	45200	72990	88110	71130	16390	132080	99790	129960	80290	141140	49520	65060	0	83661	56680	88930	69731	22800	108420	
80912	106623	118043	103333	51141	77740	89132	64041	32840	95751	94463	65121	97422	61990	118763	108451	72323	117333	82092	39320	140973	54720	123541	91002	31930	104432	40410	152123	98322	131873	106642	48640	67750	149643	78411	24490	57431	101931	153192	23320	89133	104602	165213	158043	103352	87882	39570	88601	84632	93652	88362	94352	87021	117611	77262	60982	40260	52160	61500	87842	73752	78343	137342	92692	135093	72222	140293	40620	67860	82773	0	63410	88182	16000	79251	100972	
86660	112371	125851	109081	49850	16120	94880	37130	33600	83760	100211	63830	101630	3610	126571	84030	43760	125141	87840	27920	148781	27550	114900	95090	45810	110180	28980	159931	104070	139681	112390	15350	6660	157451	38720	48820	56140	100640	166111	48240	59580	110350	173021	165851	109100	93630	26760	81570	90380	99400	94110	100100	85730	116320	83010	66730	43100	22360	17410	93590	79500	42650	149510	98440	142901	77970	148101	33610	9060	56360	63480	0	93930	53710	77960	106720	
10950	33900	47540	30210	50630	104870	3970	81790	71621	73230	19820	62290	17330	94500	41070	85930	90210	44320	23900	72420	57510	106470	92990	22350	99391	19340	67340	69030	14870	53100	26160	86360	94880	67000	96160	68201	45170	71380	68100	72011	95441	20160	82400	75720	16950	30610	78950	66931	4340	17390	30490	35570	36100	46520	11740	29330	103901	75170	102370	4460	18340	95620	52250	12210	50130	16400	61310	64730	101980	89421	89032	93770	0	75102	68180	20840	
67042	92753	104173	89463	37271	65450	75262	50171	20900	81881	80593	51251	83552	52400	104893	94581	58453	103463	68222	27370	127103	52140	109671	77132	34230	90562	28010	138253	84452	118003	92772	39050	55460	135773	64541	9180	43561	88061	139322	8440	75263	90732	151343	144173	89482	74012	28490	74731	70762	79782	74492	80482	73151	103741	63392	47112	41100	39760	54540	73972	59882	64473	123472	78822	121223	58352	126423	27690	58270	68903	16770	53820	74312	0	65381	87102	
71440	97151	108571	93861	28920	81890	70880	45910	55890	19720	84991	14180	63580	78270	107890	30720	36340	107861	72620	56190	116580	90240	56150	57040	86020	83120	51110	128100	67750	112170	92980	70130	75970	126070	44490	59930	37060	34550	127170	63740	29080	87190	141570	134790	73050	78410	62720	13480	64490	84180	78890	84880	45220	76360	61140	49700	88170	55970	86140	67350	50370	38590	111320	79030	109200	61280	120380	48500	85750	23060	80761	77540	68170	66831	0	87660	
21130	15590	27700	12110	64061	117891	17570	94811	84642	92690	7540	78041	36630	107521	21030	105390	103231	24280	23860	85441	45580	119491	112400	41650	112412	23040	80361	56730	33100	36340	11180	99381	107901	54700	109181	81222	58191	90790	61320	85032	114901	11460	69870	63190	29030	29130	91971	86391	24780	7700	26870	27620	55510	58791	30450	44350	116922	88191	115391	24900	37800	108641	53440	8790	37360	34190	45440	77751	115001	108881	102053	106791	20900	88123	87640	0	

0	                                        Caerphilly	0	0	32400	0

1	                                             Coity	773	15213	18618	1546
2	                                         Porthcawl	159	2436	6348	318
3	                                           Pencoed	295	13895	18028	590
4	                                          Chepstow	387	12327	14854	774
5	                                             Calne	192	11931	14369	384
6	                                            Nelson	738	17962	20962	1476
7	                                           Dursley	734	21249	24274	1468
8	                                           Bristol	804	3341	5686	1608
9	                                            Yatton	733	11377	15480	1466
10	                                       Llantrisant	187	25278	27795	374
11	                                            Lydney	752	2978	6077	1504
12	                                          Tredegar	481	18547	23233	962
13	                                            Neston	325	5405	9335	650
14	                                           Maesteg	337	2422	7095	674
15	                                           Ledbury	404	4107	6945	808
16	                                        Stonehouse	691	16842	20327	1382
17	                                              Pyle	214	9971	13012	428
18	                                           Cardiff	411	20550	25186	822
19	                                         Kingswood	649	6872	9883	1298
20	                                           Clydach	812	17940	20243	1624
21	                                             Frome	770	7827	10352	1540
22	                                        Leominster	795	11827	15924	1590
23	                                          Brynmawr	718	14890	19200	1436
24	                                             Wells	142	6362	9861	284
25	                                          Aberdare	372	23026	26228	744
26	                                      Mangotsfield	270	22533	25052	540
27	                                      Pontardulais	464	23048	26805	928
28	                                           Rhymney	475	1311	5435	950
29	                                      Briton_Ferry	122	23539	27253	244
30	                                           Rhondda	509	20953	24782	1018
31	                                              Bath	491	20927	23867	982
32	                                        Chippenham	433	17810	20545	866
33	                                         Gorseinon	394	8405	11115	788
34	                                          Chalford	569	19097	21133	1138
35	                                        Portishead	515	25534	28949	1030
36	                                          Caldicot	439	6346	9399	878
37	                                          Hereford	248	9496	12963	496
38	                                         Ammanford	578	3280	6652	1156
39	                                           Nailsea	365	20935	23409	730
40	                                        Churchdown	665	19285	22415	1330
41	                                          Ferndale	412	11113	15882	824
42	                                        Burry_Port	796	20296	24156	1592
43	                                          Llanelli	316	13895	18633	632
44	                                    Merthyr_Tydfil	656	23916	26011	1312
45	                                           Penarth	285	13770	17491	570
46	                                          Keynsham	660	21115	26059	1320
47	                                       Ross_on_Wye	182	17248	20427	364
48	                                         Blackwood	426	6602	9184	852
49	                                            Beddau	356	8219	13210	712
50	                                       Dinas_Powys	214	4377	8928	428
51	                                             Barry	712	23262	27102	1424
52	                                       Abergavenny	332	21450	24678	664
53	                                            Brecon	190	24105	27741	380
54	                                          Abercarn	597	4805	6829	1194
55	                                          Caerleon	443	13434	16846	886
56	                                    Shepton_Mallet	422	10934	15661	844
57	                                  Chipping_Sodbury	398	21441	24127	796
58	                                        Trowbridge	425	4369	6957	850
59	                                           Bargoed	766	20832	25402	1532
60	                                        Pont-y-pwl	827	16895	21652	1654
61	                                            Stroud	286	7234	10783	572
62	                                        Ystalyfera	266	8561	13453	532
63	                                        Pontypridd	792	25378	29698	1584
64	                                             Neath	699	5518	8075	1398
65	                                             Risca	763	19792	23766	1526
66	                                           Swansea	785	3791	7388	1570
67	                                     Stoke_Gifford	682	18546	22140	1364
68	                                          Melksham	715	4994	8114	1430
69	                                        Gloucester	520	6432	8739	1040
70	                                 Weston-super-Mare	168	9594	12874	336
71	                                           Corsham	532	10329	12510	1064
72	                                         Gelligaer	465	8983	11764	930
73	                                          Clevedon	468	12163	15697	936
74	                                        Cinderford	645	3944	8118	1290
75	                                        Tonyrefail	512	2494	5488	1024
