75

6350	3650

20	90

0	79150	48120	62740	72360	19290	93580	41390	35260	80930	75960	63600	56870	58480	91220	70810	63070	84910	74582	52780	63880	79310	28170	71450	63090	90640	93380	28920	80500	13260	72390	88710	44720	89330	16000	78610	82370	16970	62620	22190	73960	24830	90830	53220	98960	93360	79770	27960	71520	74230	9930	76400	88570	78870	92780	45200	71360	14990	92050	69340	16500	33340	90060	44880	93470	75700	69050	60080	95350	18470	22610	45690	64690	37740	29990	78240	
79160	0	102460	127750	58830	65340	61590	73530	54481	40870	25190	39061	32351	90260	170292	86480	73210	78380	145923	100900	109780	40780	52960	96820	60080	152090	62200	62970	140546	91600	40240	96211	38690	154252	67150	157890	21390	92340	69241	60250	69190	73210	124300	105681	90830	91050	54820	66080	114861	75000	85300	141070	51550	9870	18510	111520	150640	69240	131800	53390	87190	71970	12320	97180	153516	33670	63940	112541	96780	92110	100950	122560	94561	83150	103410	143162	
47850	101300	0	28390	79070	62080	103450	32750	78050	96630	95090	98141	89901	31170	88460	51820	54550	77550	57100	12990	16560	112330	62730	41750	66540	50280	102470	39440	103961	46460	105980	69600	63400	108681	58880	75080	102740	51320	113220	64980	75350	29420	46070	88210	148801	146271	87780	37790	107190	68710	50590	41710	122321	101020	114930	25090	70170	37210	44600	76440	32190	32960	112730	8750	115571	93810	72120	94331	80680	54070	51330	64831	104470	22240	35700	97591	
63020	126810	28300	0	106390	81210	130770	60070	97240	123760	120600	123191	114951	58490	69990	79140	81870	104870	35620	40310	36090	137380	85550	66210	93860	29570	129790	64950	101231	56520	131030	96920	88910	102340	77920	57700	128250	61380	123490	84110	102670	54930	60100	91310	163001	158351	115100	63300	112911	96030	61720	15100	147371	126530	140440	20670	56320	60310	49880	103760	46690	60280	138240	36070	112851	119320	99440	91611	108000	63470	53810	62111	112710	49560	37750	93880	
71790	59120	79240	106670	0	68640	30000	47020	71590	28850	39890	73620	65380	54100	155340	40550	29600	20680	129513	72120	80770	81450	55130	60000	18100	126400	26560	45520	149010	84230	79120	42080	32200	158390	68890	142522	46970	85480	101540	63230	17010	55420	87200	117570	124230	124450	14240	47920	131124	22820	78820	119990	92220	56500	60121	95010	135480	58760	93990	8790	74080	49900	70260	71980	161980	31540	10850	124430	38420	86980	93580	115930	118250	60110	88860	147300	
19280	65440	62180	80900	69110	0	86200	51970	17120	73550	66010	45540	39240	69760	105460	80140	68980	84890	89180	65980	77530	61560	14010	82730	63580	111350	86000	37380	81440	26660	54330	95090	38110	90820	3760	92870	72230	27320	48000	6220	73750	35520	104050	49100	84340	78740	73100	38050	64830	77500	20280	94560	70510	66890	80800	63360	85620	24980	105820	63670	34660	43920	77350	58540	94410	67610	68310	55960	101260	27090	36870	57540	53960	49450	45550	79730	
93640	61530	103050	130480	29410	85470	0	70830	88420	21440	37920	84971	78261	81371	179960	68421	57471	44040	154143	98200	106850	86690	71960	87411	45371	152050	3930	68870	166740	106080	86150	65560	49510	176120	85720	167152	41420	107330	115151	80060	44881	78770	114320	134400	136740	136960	17950	71270	148344	50150	100670	143800	97460	54670	57200	118360	160110	81520	121641	30330	97430	73490	68880	95790	179710	29570	38721	141260	58760	108830	115430	138160	135080	83920	112210	165030	
41550	72730	33050	60480	46950	52000	71330	0	67750	64510	65350	77980	69740	20180	115600	30070	23820	48330	88650	28400	39500	89090	47161	33120	34420	82050	70350	18010	120800	52890	83650	47970	34950	127660	48800	102220	73820	57470	99570	52610	43650	18710	58810	93890	128350	128340	55660	16380	111510	38570	50980	73800	99830	72450	85840	51250	97310	27120	62730	44320	39700	10680	83640	25790	133770	61960	40410	100750	54910	59090	61740	84020	104290	13920	53560	116570	
34570	53991	77470	96190	71700	17150	88790	67190	0	71710	61470	31230	24930	85050	118010	89170	75900	88640	105350	81270	93000	47250	23330	97110	67330	126640	88590	49420	89360	43490	40020	101241	41700	101970	19050	109040	66001	44150	37020	15690	77500	50810	121140	54440	69400	67760	75690	52530	63620	83280	37110	109850	56200	55441	69351	78650	101790	40270	122550	66260	49950	59200	65901	73830	102330	64320	72060	61300	106310	41570	50940	70840	49980	64740	62380	90880	
80950	40850	97300	124350	28170	72780	21450	65080	71450	0	17130	64181	57471	76860	168340	64731	53781	46410	142523	92450	101100	65900	59270	83110	39950	146810	22060	58680	154050	93390	65360	67930	36820	163430	73030	155532	21640	94640	94361	67370	41191	69830	110860	121710	115950	116170	17210	61790	130614	47001	87980	137670	76670	34890	37610	109420	148410	69460	118370	26730	86650	65790	49100	90040	167020	8780	35031	128570	64150	96140	102740	125090	117730	76970	101870	152340	
75600	25210	96040	121310	40240	65290	38400	65530	61330	17650	0	48341	41631	81330	164930	73700	60430	60120	139483	92990	101640	50060	51780	87850	46180	145650	39010	56530	146014	88040	49520	81640	32640	155940	65540	152340	9950	89470	78521	59880	52590	66790	115330	111344	100110	100330	30920	59640	120494	58400	82810	134630	60830	20750	24680	106380	145080	65370	122840	36040	83320	65080	35830	90290	158984	9770	47260	118204	77860	90970	97390	119920	103841	76260	98830	144850	
63050	37381	98291	123591	72780	45630	84031	78100	31150	63281	46921	0	9600	95020	147790	92590	78890	90240	135520	101600	113601	16100	39171	102930	68930	149261	84641	62290	116260	71970	9780	103861	43390	131740	47530	138180	49391	72630	35440	41800	79100	70401	130410	81340	54480	54700	74590	65400	84340	84880	65590	137591	25960	38831	52741	104151	130930	61871	136870	67340	78141	72760	49291	94651	129230	55401	73660	88200	108050	71740	81110	101010	62710	83420	90860	120460	
56410	32101	90061	115361	64550	39380	78751	69870	24900	58001	41641	9630	0	86770	141540	83930	70660	82010	129270	93370	105371	22800	30941	94270	60700	141031	79361	54060	111020	65720	16600	95211	35160	125490	41280	131930	44111	66380	38210	35070	70870	62171	121750	76100	60900	61120	66360	57170	85280	76650	59340	129361	32780	33551	47461	95921	124680	53641	128620	59110	69911	64530	44011	86421	123990	50121	65430	82960	99680	65490	74860	94760	64980	75190	84610	114400	
58410	89630	31360	58750	54480	69910	82471	20300	85820	76330	81420	95260	87020	0	119150	21110	27280	46840	87460	20600	28220	106420	65231	13420	39730	73850	79780	36080	132160	64760	101160	38890	52230	138620	66710	105770	89890	69620	119750	70680	48080	34260	39080	106510	146100	146320	66801	34450	124950	38290	66910	68900	117200	89350	103260	55780	100860	44800	44920	55380	50660	27990	101060	26000	145130	76020	44850	113370	49970	72370	72910	94980	122230	23620	61960	127530	
90870	170031	88450	70310	156050	105150	180450	115590	118640	168330	165030	148290	141990	119120	0	139770	138560	165521	35370	100940	102600	160800	117910	129700	146110	78920	179450	110950	61720	78970	154660	158620	133170	43650	104700	13710	172720	81280	125060	110890	156150	102330	123620	71190	163090	156460	164760	110460	91330	153040	85230	69280	168170	170410	184550	66450	20660	99640	113400	153420	81790	112360	181860	95140	60680	163750	152070	67890	170230	78570	70840	49450	99910	103680	67500	48060	
71640	86950	52760	80150	41280	80810	68360	30920	89410	66221	74840	93830	85350	21670	140550	0	15800	27160	108860	42000	49890	104310	71670	22060	29490	94840	64610	45790	150470	82980	99520	19670	49640	156930	77610	127170	83310	87560	121940	78670	34170	48800	48450	123980	144800	145020	54260	45870	142750	21180	81070	90570	115090	86670	97492	77180	122260	57210	55720	44360	68970	40770	98380	47400	163440	67250	30940	130840	30240	89180	91220	113290	134380	40630	80270	145840	
63021	72840	54560	81990	29380	68880	58120	23930	75300	54321	60730	79480	71240	27050	138280	14970	0	25150	110700	45540	54190	89950	57740	33090	17310	99820	54680	36490	142271	74361	85060	27820	35530	149371	65680	124890	69200	78941	107400	64810	22270	39421	60290	115361	130480	130700	42360	36640	132981	15390	72451	94870	100730	72560	83930	73920	119980	48591	67080	32460	61411	32361	83750	47300	155241	54760	19040	122221	33980	80561	83451	105731	121960	36590	76191	138281	
84960	77810	77700	105090	19890	84800	43240	48290	87960	45730	58630	91000	82760	47040	164701	27520	24990	0	133800	67370	75260	100880	71490	47790	25100	120570	39490	57410	162610	96300	96500	23200	47220	171401	84040	150301	64300	99080	118920	79390	21160	61451	73200	133730	142770	142990	31060	58420	147884	10610	92420	115940	111900	75190	78891	97540	143600	70530	81450	27480	83441	54391	88950	70920	175580	50280	17950	140590	18960	100580	105481	127761	134620	60210	98221	160311	
74381	144882	57150	35530	130182	89110	154582	88690	105330	142502	139202	135620	128512	87340	35050	107990	110720	133720	0	69160	68280	149590	97932	97920	120292	44660	153582	85132	80320	62930	143120	125770	107512	71600	88660	22760	146852	65660	124900	94850	130332	75791	88840	79840	164411	159761	138892	84642	103661	124880	69190	34500	159130	144602	158682	38720	22520	74542	78620	127552	58382	85821	155992	64920	88630	137922	126252	79900	136850	64720	54800	51730	111031	76780	46001	69200	
52870	100510	12980	40370	72550	66130	98940	28290	82100	92120	93010	101421	93181	20760	100770	41410	45720	67140	69080	0	12140	113670	66671	28890	57800	56580	97850	38960	116261	52810	107320	59190	62610	120991	62930	87390	101480	57670	117660	69030	66520	31620	39090	94560	152081	150711	83270	36820	113540	58590	56940	51630	123500	100230	114140	37400	82480	41260	40430	71930	38540	29460	111940	9320	127881	89620	63290	101420	70270	60420	57810	77141	110820	19610	45480	109901	
63870	109200	16520	36020	81190	77590	107580	39530	93730	100760	101700	112971	104731	28190	102270	49300	54360	75030	68070	12150	0	125380	78221	30640	66440	46090	106490	50510	118691	62480	119030	63430	71300	123411	74390	89810	110170	67340	129850	80490	75160	43170	29760	103560	163631	162901	91910	48370	124840	66480	66610	41140	135210	108920	122830	39820	84900	52720	28290	80570	48210	41010	120630	20380	130301	98310	71930	109061	74930	70090	66060	79561	122120	31160	50430	112321	
78660	40290	111890	137190	81410	61630	86940	89240	47150	66190	49830	17400	22600	106160	160860	103970	90030	101380	149190	113120	125200	0	53191	114310	80070	162680	87550	73810	125110	87970	10260	115241	54530	142300	63530	152880	52300	88630	44290	57320	90240	83590	141790	90190	56320	56540	79200	76920	93190	96020	81590	151190	12710	41740	55650	117750	145630	75000	148010	75970	92060	84280	52200	108250	138080	58310	84800	97050	119250	85410	94780	114680	71580	94940	106860	129310	
27430	53180	62530	84950	55590	14080	72680	46830	23390	60030	52320	38960	30720	64940	117820	70570	57300	72020	98373	66330	77880	53160	0	76750	50710	112140	72480	29060	95350	39260	46960	82761	25240	104730	14330	105220	58540	39920	57850	8240	60880	35200	103020	63010	83990	83980	59580	32090	78740	65530	32880	98610	63140	53300	67210	67410	97970	25330	106170	50150	39870	39300	64490	58890	108320	53920	55440	69870	89580	39920	49220	70370	66440	49800	56600	93640	
70610	96340	41450	65960	60070	81730	88681	32120	96790	83040	88130	103220	94740	12470	129250	22110	33490	48050	97550	28600	30400	113700	76650	0	45940	74140	85370	47900	144360	76960	108910	34580	59030	149461	78530	115860	96740	81820	131330	82500	52960	46080	28490	118710	154190	154410	73011	46270	139020	42070	79110	71080	124480	96060	109970	65870	110950	56620	35280	61590	62860	39810	107770	37790	156351	82730	49730	125570	45850	84570	85110	105611	134750	35820	73950	138371	
62670	59720	66420	93850	18420	62770	46410	34200	65930	39590	46350	68970	60730	39560	145660	27900	16950	25210	119843	57580	66230	79260	49460	45600	0	111860	43720	35850	139890	75050	74470	37570	25190	149270	61150	132852	54820	76360	96890	57360	13640	45260	72800	111700	119580	119800	30740	37760	125464	16770	69700	106910	90030	59240	69550	84620	125810	49280	79590	18110	64410	37710	70630	59160	152860	39830	10400	118560	41540	77860	84400	106810	112590	47290	79190	138180	
90920	150970	50170	29590	126750	111330	152550	81850	127360	146270	144760	148041	139801	73750	78930	94540	99920	120480	44620	56530	46080	162230	112400	74220	112000	0	151570	89110	124680	84420	155880	102660	113070	115450	108040	66940	152410	89280	153160	114230	120720	79090	56610	119520	193400	187800	136880	87460	141361	112040	89620	17700	178541	150690	164600	48570	66700	86880	46390	125540	74590	82060	162400	57850	132860	143480	117490	120061	113760	91370	81710	88991	142380	71340	65650	113050	
93460	62030	102870	130300	26500	85290	3780	70650	88240	21940	38420	85471	78761	79470	178500	64830	54970	40230	152683	97490	106140	87190	71780	85100	43470	151870	0	68690	166560	105900	86650	61750	49330	175940	85540	165692	41920	107150	115651	79880	42380	78590	110510	134220	137240	137460	16360	71090	147774	46340	100490	143620	97960	55170	57700	118180	158650	81340	118760	30150	97250	73310	69380	95610	179530	30070	36220	141080	55170	108650	115250	137600	134900	83740	112030	164850	
29390	62470	40640	65910	45840	37480	70220	17770	49740	58810	56260	62570	54330	35880	110960	45180	36680	57770	85143	39150	50700	74590	29551	48850	35950	90250	69240	0	108640	40730	68240	62800	24570	116800	34280	98152	63910	45310	84590	35810	46460	11390	74340	81730	110161	110151	54550	3260	99350	47090	38820	79230	84420	62190	75580	50980	91110	14960	77780	43210	29710	10620	73380	35310	121610	54840	41910	88590	68960	46930	50080	73160	90620	21280	44490	105710	
80310	139174	102980	100270	149140	81510	167740	121080	89280	155090	145753	116190	111070	132460	61910	149660	142960	162410	79980	115470	117850	125240	95350	144230	139870	124290	167540	108560	0	69540	119690	168610	119450	22220	85100	64370	151184	66180	89500	87560	150920	103460	151830	35620	117840	109860	154640	107850	40410	152180	71760	112660	132610	140624	154534	84540	63190	94880	147540	145010	81980	113230	151084	107510	13130	148603	145830	30040	175270	63470	59180	39630	61990	111820	71820	13740	
13150	91480	46500	56240	84690	26700	105910	52760	43640	93260	88290	72060	65760	64540	79390	81740	74440	96280	63090	52580	62390	88080	39460	77510	75380	84140	105710	40290	68480	0	80850	100080	57050	77500	26250	66780	94700	5450	68840	32440	85330	35540	90630	42340	105601	100951	92090	39330	60780	85600	6790	69900	97030	91200	105110	38700	59530	26360	90430	81670	14060	44710	102390	43560	81450	88030	81340	49200	106720	8200	10780	33860	58060	43900	20220	66410	
72550	39870	106260	131560	78290	55130	86520	83610	40660	65770	49410	10780	16970	100530	155220	98340	84400	95750	142960	107490	119570	10610	47561	108680	74440	157050	87130	68180	119610	81470	0	109611	48900	136800	57030	146650	51880	82130	38790	51300	84610	77960	136160	84690	50590	50810	78780	71290	87690	90390	75090	145560	17640	41320	55230	112120	139400	69370	142380	72850	86430	78650	51780	102620	132580	57890	79170	91550	113620	79180	88550	108450	66060	89310	100360	123810	
88740	96511	69670	97060	42200	95120	65700	48020	100521	68040	80940	104601	96121	38580	158470	19850	27930	23170	125770	58910	63340	115081	83421	34230	37880	102830	61950	62730	167990	100080	110291	0	60411	174850	91920	144110	86610	104660	132711	90821	39240	65661	54530	141080	155571	155791	53370	62880	159560	23850	98170	103510	125861	96231	101332	94090	139170	74310	63420	49610	86890	57870	107791	64310	181440	72590	36010	147940	11960	106280	108930	131210	147391	58770	98410	163760	
44530	38520	64160	89430	31830	37970	49170	35320	40930	36520	32880	44010	35770	52220	133350	48850	35580	47080	107603	62580	71430	54480	24460	59150	25770	113770	48970	24650	119240	56970	49590	60131	0	128620	38220	120612	39960	58220	71930	32560	35940	34910	86350	86900	94620	94840	36070	27760	100464	41720	51560	102750	65250	38240	51630	74500	113490	33810	94060	26390	51730	33650	49430	58860	132210	31880	30500	93760	64750	59720	66320	88670	87590	44830	66950	117530	
89100	153251	108630	102400	158450	90820	177050	127410	101860	164400	156660	131510	125210	138480	43890	155680	149831	171720	71870	121120	123500	141400	104660	149880	149180	115680	176850	116240	22250	77200	135850	174780	128760	0	94410	51650	162880	75490	106250	96870	160230	109790	153670	52370	139430	131450	163950	115280	62000	161211	81070	104560	148770	154701	170104	90190	52960	102310	149610	154320	88160	119820	165161	113200	18920	158460	155140	47550	181720	72780	66940	45280	80860	117840	77470	13380	
15840	67310	58740	77460	69590	3520	86680	48530	19490	74030	66490	47910	41610	66320	105130	76700	65540	84130	88830	62540	74090	63930	14490	79290	61590	107910	86480	33940	84790	26310	56700	91650	38590	94170	0	92520	72710	26970	51090	7400	72800	32080	100610	52450	87430	81830	73580	34610	68180	74060	19930	91120	72880	67650	81560	59920	85270	21540	102380	64150	31220	40480	78840	55100	97760	68090	67550	59310	97820	27640	36520	57420	57310	46010	45010	83080	
78310	157060	74980	57810	143291	92590	167691	102120	108810	155611	152300	137950	131650	105650	13670	126300	125090	150870	22870	87470	89850	152910	105350	116230	133401	67030	166691	98241	64490	66410	146440	144130	120610	51170	92140	0	159860	69140	121830	98330	143441	88860	111120	67950	159860	153230	152001	97751	88100	139570	72670	56780	162450	156490	170860	52980	8100	87080	100900	140661	69230	98890	168170	81670	68200	151020	139361	64660	155740	68200	58280	43770	96680	90210	54940	51980	
82010	21400	103470	128740	46322	71700	41520	74130	66201	21680	10030	50781	44071	89930	172730	82300	69030	65150	146913	101590	110240	52500	58190	96500	54780	153080	42130	63960	152266	94450	51960	86670	39680	162350	71950	159800	0	95880	80961	66290	59343	74220	124070	117401	102550	102770	35950	67070	126581	65153	89220	142060	63270	14030	16750	113810	152550	72090	131580	43460	90040	72960	28240	98170	165236	16770	53183	124261	82890	97380	103800	126330	106281	84140	106260	151260	
17220	92730	51340	61080	86050	27470	107270	57580	44410	94620	89650	72830	66530	69380	81290	86580	79260	99330	65620	57420	67230	88850	40230	82350	76780	88980	107070	45110	66450	5380	81620	104900	58410	75830	27020	69310	96060	0	64800	33210	87830	40380	95470	38500	101140	95540	93450	44150	56940	89090	8670	74740	96860	92560	106470	43540	62060	31180	95270	83030	18900	49530	103750	48400	79420	89390	82740	45360	111540	3900	11210	33370	54220	48740	25060	64740	
63460	69041	114030	124240	100960	49770	115691	101300	37770	94941	78581	35590	38260	119730	125400	121010	107070	118420	125690	117830	130260	44640	58500	131350	97110	153990	115670	84770	89650	69530	39090	132281	71570	106840	53100	122080	81051	65590	0	50740	107280	84860	156080	54680	37050	31380	102770	87390	51490	113060	63320	139750	52010	70491	84401	106700	118690	74320	159520	95520	79330	93250	80951	108510	102620	87061	101840	61490	136290	61910	71280	85770	31330	99230	87650	93850	
21670	60550	64570	83290	63550	6200	80640	52530	15830	67990	60450	41850	35120	70640	110950	77880	64610	79330	94660	68370	79920	57560	8280	83610	58020	113740	80440	35600	87470	32140	50640	90071	32550	96850	7230	98350	66670	32800	49990	0	68190	37910	106440	55130	82330	80730	67540	37480	70860	72840	25760	96950	66820	61440	75350	65750	91100	27370	108210	58110	37050	44690	72460	60930	100440	62050	62750	61990	96890	32720	42350	63170	58540	51840	50840	85760	
67570	59510	75330	102760	19420	65830	44200	43110	68780	37380	45340	70810	62570	53960	151110	44140	31620	35740	125293	70480	79130	80870	52320	60000	16840	124330	43220	41300	144790	80010	76310	52710	28290	154170	66050	138302	53830	81260	98730	60420	0	51200	87200	114760	121420	121640	28530	43700	128314	30380	74600	116080	91640	58720	68560	90790	131260	54540	93990	16790	69860	45770	70420	68070	157760	37620	19160	121620	53410	82760	89360	111710	115440	56200	84640	143080	
24870	72510	29650	54920	55550	35650	79930	18570	51620	69460	66300	69801	61561	34240	102230	47990	40041	62051	75621	31650	43200	83890	35051	47210	45210	79260	78950	10650	103250	35340	77540	65890	34610	109950	32450	88850	73950	40220	83220	38260	55010	0	68530	77110	115661	115651	64260	9000	94830	51371	34300	68240	93840	72230	85620	39590	83390	10540	71490	52920	21990	10030	83420	26010	116220	65020	51170	83970	72321	42410	44030	66310	87610	14600	36770	98860	
90490	124000	45790	60320	86620	103780	114640	58490	121400	110720	115830	130880	122400	38660	123680	48290	60040	73440	89310	38710	29650	141360	102411	28340	72490	57100	110890	73770	151931	90430	136570	54930	85580	152721	100580	111390	124460	95290	155850	106390	79510	68130	0	135950	194351	196210	99561	71630	156560	67460	94560	57780	152140	123720	137630	69090	111150	78670	11290	88140	76160	64270	135430	46940	163551	110410	76280	142270	65530	98040	95330	108831	153840	57340	79700	141591	
52560	104794	88540	91160	118070	49130	135160	93530	54420	121613	111373	81330	76210	106580	71400	122950	115210	133850	79750	94620	103630	90380	62970	119550	112540	119530	134960	81060	35650	42580	84830	140850	87070	52840	52720	68080	116804	38910	54560	55180	122710	76970	132670	0	89170	82540	122060	80100	23430	124950	44020	103550	97750	106244	120154	73730	64690	67130	133170	112630	56100	85480	116704	85600	48620	114223	117270	7590	147490	36200	38550	31770	29410	85940	54680	39850	
99101	90450	143720	162751	123180	85411	137100	127460	69310	116350	99990	54360	60480	145950	163610	143930	129990	141340	164201	147480	159030	55980	84060	154270	120020	193831	137710	109690	117350	105171	50580	155201	93790	138910	87730	160290	102460	101231	37040	82410	130050	115830	195051	89420	0	13290	124990	112800	78500	135980	98961	178261	62960	91900	105810	145211	156900	107300	191920	117740	115661	120070	102360	140080	129820	108470	124750	95030	159210	97551	106921	120510	60710	130430	124091	127870	
94240	90680	143520	158621	123410	80550	137330	127260	68550	116580	100220	54590	60710	145820	157190	144160	130220	141570	160071	147280	158830	56210	83860	154500	120250	189701	137940	109490	109490	101041	50810	155431	94020	131050	83880	153870	102690	96370	31420	81520	130280	115630	198721	83000	13300	0	125220	112600	70640	136210	94100	175461	63190	92130	106040	141081	150480	105831	196791	117970	111531	119870	102590	139880	121960	108700	124980	88610	159440	92690	102791	114090	54290	130230	119961	121450	
78600	54460	87630	115060	12990	72430	17970	55410	75380	17640	30540	74990	66750	65951	163260	52410	41460	30810	137443	82780	91430	79310	58920	71860	29951	136630	16330	53450	153700	91040	78770	52330	36250	163080	72680	150452	36210	92290	102910	67020	28870	63350	99060	121360	125600	125820	0	55850	134914	34560	85630	128380	90080	49460	50801	102940	143410	66100	105850	14910	82010	58070	62991	80370	166670	22190	22710	128220	48550	93790	100390	122740	122040	68500	96790	151990	
27750	66130	37930	63200	47710	38200	72090	15730	53400	61930	59920	66230	57990	33840	109850	44710	36280	58120	84023	36420	47970	78250	32801	46810	37370	87540	71110	3660	107000	39090	71900	62400	28230	115160	35000	97032	67570	43670	85770	38250	47170	8680	71610	80090	113411	113401	56420	0	97710	47440	37180	76520	88080	65850	79240	48270	89990	13320	75050	45080	28590	7890	77040	32580	119970	57960	43330	86950	68560	45290	48440	71520	90490	18550	43370	104070	
70680	113823	107340	112370	130682	64760	148112	111350	63270	130642	120402	84880	85060	125380	92270	141630	132980	147962	103010	113420	124930	93930	78600	139700	126312	140760	147572	98880	40400	60700	88380	159860	100682	61960	68350	88950	125833	57030	51480	70810	136482	94790	153170	23410	78950	70970	134672	97920	0	141500	62140	124760	101300	115273	129183	95910	85900	84950	153670	125242	74220	103300	125733	103720	52870	123252	131042	25950	166030	54320	60730	52980	23220	104060	76860	53520	
74710	74720	68640	96030	22710	77880	49830	38420	82320	47651	58030	85360	77120	38380	152830	21390	15460	10930	124740	58710	66600	95650	65850	41660	16930	112230	46080	47160	152360	86050	90860	23710	41580	161151	74680	139450	65771	88830	113280	73370	15600	51201	67070	125080	137130	137350	35690	48170	142160	0	82170	107280	106430	72700	78922	88480	134540	60280	75320	25970	73191	44141	85630	61860	165330	49680	12370	131940	25180	90330	95231	117511	128980	51150	87971	150061	
10200	85710	50890	61670	79020	20450	100240	51170	37390	87590	82620	65810	59510	67040	85580	80590	72850	92290	69280	56970	66780	81830	33210	80010	69750	89570	100040	38440	71620	6850	74600	98490	51380	81000	20000	72970	89030	8090	62680	26190	80800	34610	95020	44340	99020	93420	86420	37740	62780	82060	0	75330	90780	85530	99440	44130	65720	24770	94820	76000	18300	43120	96720	47950	84590	82360	75710	51200	105130	9590	16970	38540	59150	46400	25650	69910	
76670	140120	41610	15090	119700	94860	144080	73380	110890	137070	133910	136931	128691	68690	68690	89800	94860	115530	34320	51470	41020	151120	99200	71030	106940	17590	143100	78260	113410	70170	144770	103781	102220	104560	91570	56400	141560	75030	138910	97760	115660	68240	57731	103931	178421	173550	128410	76610	125291	106980	75370	0	161111	139840	153750	34320	56160	73960	47511	117070	60340	73590	151550	49380	121590	132630	112430	103991	114881	77120	67460	74491	128130	62870	51400	101780	
88800	50760	122451	147751	91880	71770	97410	99590	57290	76660	60300	27630	32740	116510	168430	114320	100380	111730	159230	124040	135730	12410	63331	124660	90410	178821	98020	83950	132680	98110	19160	125591	64670	149870	73670	162920	62770	96660	51860	67460	100380	93760	152140	97760	62800	63020	89670	87060	100760	106370	91730	161751	0	52210	66120	128311	155670	85140	158360	86440	102200	95200	62670	118811	145650	68780	95140	104620	129600	92980	102350	122250	79150	105860	118540	136880	
78720	9830	102020	127310	56440	66510	54760	73090	55651	34870	20720	40231	33521	89820	170740	86040	72770	75990	145261	100460	109320	41950	53140	96380	59180	151650	55370	62530	141716	91160	41410	95771	38250	155422	67330	156900	14020	92590	70411	61420	66880	72770	123860	106851	92000	92220	49140	65640	116031	72690	85930	140630	52720	0	15760	111080	149650	68800	131360	51000	86750	71530	18310	96740	154686	29200	61550	113711	93730	92920	100510	123040	95731	82710	102970	144332	
92650	19640	115190	140460	59462	81540	56680	85890	70681	37500	24730	55261	48551	102620	184450	96023	83730	79203	158633	113480	122140	56980	68170	109180	69480	164800	57290	75330	156746	105090	56440	100603	51050	172336	82590	171642	16710	106520	85441	76450	72483	85590	136660	121881	107030	107250	50212	78440	131061	78293	99860	153780	67750	16890	0	125080	164600	82730	144160	58022	100680	84330	13830	109860	169716	32590	66323	128741	96943	108020	114440	137760	110761	95510	116900	159362	
45410	111280	25080	20620	95080	63600	119460	51200	79570	108990	105830	103791	95551	55750	66140	76400	74180	98030	38680	37570	39950	117980	67940	66330	84740	48520	118480	50180	85241	38910	111630	94180	74140	89971	60310	52760	113480	43770	105880	66500	94220	39530	69460	73700	145391	140741	103790	48530	96150	88650	44110	34280	127971	111000	125080	0	47850	42700	65590	92450	29080	49570	122390	30750	96861	104550	90700	75621	103570	45860	36200	46121	94780	39290	20140	78881	
71030	149760	69730	56310	136160	85310	160560	96870	101530	148320	145020	130670	124370	100400	20680	121050	119840	143700	22640	82220	84600	145630	98070	110980	126270	66800	159560	91110	63470	59130	139160	138830	113330	52770	84860	8070	152580	61860	118500	91050	136310	83580	110890	64620	156530	149900	144870	90620	85980	134320	65390	56550	155170	149210	163560	47730	0	79800	100670	133530	61950	93610	160870	76420	69800	143740	132230	63660	149240	60920	51000	36980	93350	84960	47660	51960	
15030	68820	37360	60060	59070	25110	81410	26990	41080	69330	65230	61331	53091	44780	99640	56410	48670	70510	74821	41160	52710	75380	25670	57750	49610	86970	81210	14520	94280	26370	69030	74310	33990	102440	21910	87030	72010	30950	72680	28010	59560	10540	79070	67370	107191	104791	66920	13560	84990	59830	24460	73720	85210	68540	82450	42520	79780	0	81000	56440	18020	18940	79730	33720	107250	64750	55570	74230	80950	32570	35720	58800	77660	24630	34410	91350	
91460	130780	44110	50090	93400	105650	122140	62270	121880	117520	122610	136250	128010	44360	113170	55310	66820	81090	78810	40120	27970	147410	105991	35120	79270	46690	118540	77350	147961	90070	142150	63000	93210	149740	102450	100890	131240	94930	158000	108550	86290	71140	10700	134270	191550	194100	106341	75210	154880	75110	94200	47280	158190	130500	144410	65140	100650	80690	0	94920	75800	67850	142210	48350	159581	117210	83060	138341	74100	97680	93650	107151	152160	59130	78020	139911	
68690	53690	76700	104130	8000	63210	31220	44480	66160	26720	35670	68190	59950	54560	152330	42870	31920	27550	126513	71850	80500	76020	49700	60600	18210	125700	30240	42520	144480	81130	73690	48750	26770	153860	63460	139522	43690	82380	96110	57800	19330	52420	87800	112140	118800	119020	15550	44920	125694	25140	75720	117450	86790	51070	57991	92010	132480	55760	94590	0	71080	47140	64830	69440	157450	27320	14000	119000	45290	83880	90480	112830	112820	57570	85860	142770	
16330	86660	32590	46510	74620	34520	98450	39660	50490	86370	83070	77840	69600	50730	81830	67930	62081	84091	58773	38670	48480	92040	39550	63700	64730	74410	98020	29570	81870	14470	85840	86860	51380	88530	31230	69220	89850	19330	78320	37420	74770	22040	76720	56220	115801	111151	83330	29080	74660	73411	18400	60170	102020	86380	100290	28970	61970	17850	76520	71990	0	32070	97570	29650	94840	81790	70690	63080	93920	22080	22620	44890	71940	30090	17570	77440	
33570	71630	33150	60580	50010	44020	74390	10480	59990	65990	65410	73110	64870	27880	112620	39900	32670	54771	86001	29480	41030	85130	39181	40850	38090	82150	73410	10540	112820	44910	78780	57800	33730	120330	40820	99230	73070	49490	91590	44630	47320	10380	64670	85910	119791	119781	58720	8400	103530	44091	43000	73900	94960	71350	84740	49510	93770	19140	68110	47380	32370	0	82540	25640	125790	62020	44080	92770	64740	51110	54260	76690	96310	11610	47150	109240	
90010	11940	113870	139140	69290	77280	68570	84380	66421	48800	35520	51001	44291	101190	182430	97410	84060	88840	157313	112080	120740	52720	64430	107750	70200	163480	69180	73820	152486	102450	52180	107211	49540	166192	78620	169830	27900	103880	81181	72190	79310	84060	135230	117621	102770	102990	62402	76930	126801	85120	97220	152460	63490	17770	12330	123080	162580	80090	142730	63850	98040	82820	0	108540	165456	43890	74370	124481	107240	104050	111800	134500	106501	94190	114260	155102	
44810	97150	8940	36370	71920	58540	96300	25600	74510	89480	90320	94601	86361	25770	95020	46420	47400	71260	65080	9290	20390	108790	59190	37990	59390	57940	95320	35140	107780	43760	102440	64200	58890	113261	55340	81630	98230	48620	108290	61440	68200	25880	47340	85510	143960	141341	80630	33000	103950	61880	47890	49690	118781	96510	110780	30660	76720	33670	48680	69290	29490	25640	108580	0	119900	86930	64970	92370	75280	51370	48760	69411	101230	14920	36430	102171	
93260	152124	114630	111920	162090	94460	180690	133370	102230	168040	158703	129140	124020	144440	60890	161640	155791	175360	88860	127120	129500	138190	108300	155880	152820	132930	180490	121510	13100	82490	132640	180740	132400	18820	98050	68640	164134	79130	102450	100510	163870	115750	163480	48570	130280	122300	167590	120800	52850	165130	84710	121550	145560	153574	167484	96190	69950	107830	159190	157960	94120	125780	164034	119160	0	161553	158780	42870	187680	76420	72130	51280	74430	123800	83470	22240	
76020	33050	94460	119730	31250	66920	29580	62460	64170	8790	9130	56181	49471	75970	163640	66480	54520	51130	137903	89920	98570	57900	53400	82490	39840	144070	30190	54900	148180	88460	57360	72650	32040	157560	67160	150912	16720	89710	86361	61500	43800	65210	109970	114184	107950	108170	21930	58010	123334	49610	83050	133050	68670	28590	32690	104800	143790	64840	117480	27050	82030	62010	43990	87220	161150	0	38470	121044	68870	91210	97810	120160	110450	73190	97250	146470	
68350	63740	72100	99530	10590	67590	39330	40260	70750	35531	46550	73790	65550	44590	151340	30050	19100	17650	125523	63080	71730	84080	54280	49500	10410	117360	35890	41530	145570	80730	79290	35930	30010	154950	66830	138532	53651	82040	101710	62180	6510	50940	76700	116520	124400	124620	23570	43440	130284	12320	75380	112410	94850	61220	66802	90530	131490	54960	83490	14490	70090	43770	74650	64840	158540	38200	0	123380	35320	83540	90080	112490	117410	53350	84870	143860	
59390	111624	94220	91510	124900	55960	141990	100360	61250	128443	118203	88160	83040	113410	68530	129780	122040	140680	80100	101450	109090	97210	69800	126380	119370	119900	141790	87890	30050	49410	91660	147680	93900	47550	59550	65210	123634	45740	61250	62010	129540	83800	139500	7590	94490	87860	128890	86930	25800	131780	50850	103900	104580	113074	126984	75780	64030	73960	138780	119460	62930	92310	123534	92430	42770	121053	124100	0	154320	43030	44320	32120	34730	92770	60450	34250	
95321	97170	81070	108460	38510	101180	58850	54720	105630	64350	77250	108690	100430	49980	170610	30570	33990	18620	137170	70310	74740	118980	89160	45630	41450	113740	55280	68790	174571	106661	114190	11820	64890	181550	97980	155960	82920	111241	136610	97060	38830	71721	65240	147661	160660	160880	49680	68940	165620	25200	104751	114420	129760	93810	97711	103070	149130	80891	74330	46100	93590	64570	108310	75710	188140	68900	35620	154521	0	112861	115630	137910	152520	65740	105380	170460	
17750	92300	54180	63500	87100	27040	108320	58720	41850	95670	90700	71980	65680	72220	78720	88140	80400	100370	64950	60260	70070	85950	40050	85190	77830	91400	108120	46250	63870	8220	79480	106040	59460	73250	27460	68640	97110	4040	61260	32830	88880	42160	98310	35920	97600	92000	94500	45290	54360	90140	9210	77160	93320	93210	107120	45960	61390	32320	98110	84080	21740	50670	104210	51240	76840	90440	83790	42780	112680	0	10540	30790	51640	51580	26910	62160	
22610	100940	51290	53800	94150	36890	115370	61900	51030	102720	97750	81160	74860	73280	71270	90480	83900	105740	54970	57890	66160	95130	49650	86250	84840	81700	115170	49750	59250	10710	88660	109220	66510	67160	36440	58660	104160	11360	70440	42630	94790	44280	95670	38540	107201	102551	101550	48790	60990	95060	16970	67460	102500	100660	114570	36260	51410	35820	94200	91130	22800	54170	111850	48870	72220	97490	90800	44320	116160	10420	0	23520	59570	52640	17210	56070	
45580	122081	64670	61960	116110	57140	137330	83890	70690	124680	119710	100820	94520	94910	49470	112160	106311	128321	51680	77160	79540	114790	70150	105920	106840	88820	137130	72720	40450	33680	108320	131090	88470	45470	57080	43770	126120	33150	85770	62930	117760	66270	109050	31890	120380	113750	123510	71760	53250	117641	38730	74350	122160	122620	136600	46230	37090	58790	107580	113090	44640	76300	133991	69410	52060	119450	112800	31950	138150	30440	23420	0	60620	74320	33510	34380	
64500	94061	104530	112600	118271	53760	135361	103960	49730	118080	103601	62750	65000	121860	100310	133290	121980	135211	108520	110610	122120	71830	66170	135180	113901	142350	135161	89600	61850	57890	66250	147961	88271	81220	57350	96980	106071	54220	31300	58410	124071	87400	150360	29580	60520	53890	122261	90150	23220	129851	58940	128110	79200	95511	109421	94580	93590	77080	150860	112831	71410	95910	105971	100910	74320	110690	118631	35080	153491	51510	59400	60670	0	101140	75530	67920	
37850	82760	22430	49860	60130	49630	84510	13810	65600	77120	76540	83680	75440	23540	103590	39740	36780	60640	76630	19450	31000	95700	49651	36510	47600	71430	83530	21110	111740	44340	89350	58670	44860	118200	46430	90200	84200	49200	97940	52530	56830	14600	57460	86090	133330	131331	68840	18970	104530	51260	46490	63180	105530	82480	95870	39230	85290	24760	59290	57500	30240	11610	93670	14920	124710	73150	53590	92950	66180	51950	52490	74560	101450	0	41540	107110	
29930	102430	35550	37730	89490	45570	113870	53240	62510	101810	98510	90930	84630	62020	67400	79350	76390	98961	46182	45540	50420	106950	56700	74240	79600	65630	112890	44440	72571	20440	99720	98280	66820	77291	45110	54800	105620	25300	86890	51300	89640	36910	79930	54710	124371	119721	98200	43950	77160	88281	25640	51390	116170	102150	116060	20190	47550	33850	78460	86860	17150	46940	113340	36520	84181	97230	85560	60490	105790	26870	17210	33441	75790	41510	0	66201	
78000	142151	97530	93930	147350	79720	165950	116310	90760	153300	145560	120140	114110	127380	48290	144580	138731	160620	69230	110020	112400	129190	93560	138780	138080	113040	165750	105140	13770	66100	123640	163680	117660	13380	83310	52130	151780	64390	93700	85770	149130	98690	141910	39820	127310	120680	152850	104180	53520	150111	69970	101660	136560	143601	157511	79090	52010	91210	140440	143220	77060	108720	154061	102100	22230	147360	144040	34240	170620	61680	55840	34180	67550	106740	66370	0	

0	                                          Codicote	0	0	32400	0

1	                                         Gravesend	527	19680	23085	1054
2	                                         Aylesbury	605	15949	19861	1210
3	                                        Buckingham	442	20217	24350	884
4	                                       Leatherhead	365	22058	24585	730
5	                                              Ware	725	14581	17019	1450
6	                                       Maidenbower	326	19336	22336	652
7	                              Chalfont_Saint_Peter	108	9760	12785	216
8	                                            Harlow	256	5517	7862	512
9	                                             Oxted	152	8249	12352	304
10	                                          Halstead	800	12188	14705	1600
11	                                        Billericay	692	10422	13521	1384
12	                                         Brentwood	202	5515	10201	404
13	                                            Marlow	145	19488	23418	290
14	                                             Corby	556	6537	11210	1112
15	                                         Bracknell	545	18273	21111	1090
16	                                             Egham	469	24348	27833	938
17	                                         Guildford	568	19518	22559	1136
18	                                       Northampton	481	17482	22118	962
19	                                Princes_Risborough	384	7267	10278	768
20	                                             Thame	494	5350	7653	988
21	                                    South_Benfleet	545	7831	10356	1090
22	                                          Cheshunt	740	21505	25602	1480
23	                                  Henley_on_Thames	107	19540	23850	214
24	                                           Sunbury	590	11741	15240	1180
25	                                           Banbury	192	3835	7037	384
26	                                           Crawley	267	14542	17061	534
27	                                            Bushey	672	5038	8795	1344
28	                                         Chatteris	354	7559	11683	708
29	                                           Hitchin	307	25124	28838	614
30	                                          Wickford	242	10246	14075	484
31	                                             Fleet	330	4073	7013	660
32	                                            London	690	11548	14283	1380
33	                                        Whittlesey	252	20432	23142	504
34	                                          Hertford	624	18962	20998	1248
35	                                         Kettering	613	22525	25940	1226
36	                                           Kemsing	420	24518	27571	840
37	                                        Letchworth	809	21035	24502	1618
38	                                         Braintree	214	23328	26700	428
39	                                         Hoddesdon	364	4666	7140	728
40	                                             Esher	581	7435	10565	1162
41	                                     Kings_Langley	529	12434	17203	1058
42	                                            Didcot	684	5271	9131	1368
43	                                         Cambridge	534	21212	25950	1068
44	                                       West_Mersea	124	22666	24761	248
45	                                          Wivenhoe	333	16078	19799	666
46	                                           Reigate	453	17183	22127	906
47	                                           Watford	237	17346	20525	474
48	                                         Newmarket	576	5100	7682	1152
49	                                            Woking	277	9486	14477	554
50	                                         Stevenage	161	7664	12215	322
51	                                          Brackley	621	19102	22942	1242
52	                                   Southend-on-Sea	530	11318	14546	1060
53	                                         Longfield	641	13726	17362	1282
54	                                          Snodland	654	23592	25616	1308
55	                                         Bletchley	637	13726	17138	1274
56	                                    Burton_Latimer	796	19368	24095	1592
57	                                      Saint_Albans	147	4577	7263	294
58	                                          Abingdon	106	22166	24754	212
59	                                             Epsom	504	13145	17715	1008
60	                                             Luton	510	16261	21018	1020
61	                                       Chorleywood	690	24209	27758	1380
62	                                         Rochester	543	8505	13397	1086
63	                                          Wendover	659	14959	19279	1318
64	                                             March	575	14566	17123	1150
65	                                       Biggin_Hill	815	4672	8646	1630
66	                                            Cobham	740	24458	28055	1480
67	                                            Histon	477	4711	8305	954
68	                                           Farnham	620	16286	19406	1240
69	                                           Baldock	669	6591	8898	1338
70	                                            Henlow	578	3849	7129	1156
71	                                       Eaton_Socon	522	27182	29363	1044
72	                                         Haverhill	508	22111	24892	1016
73	                                           Chesham	503	19059	22593	1006
74	                                          Flitwick	635	16895	21069	1270
75	                                            Ramsey	198	7057	10051	396
