75

6350	3650

20	90

0	45270	98541	44050	27110	63400	96940	85940	95440	92900	53900	57300	61510	49390	75560	94501	83720	99240	86390	38150	87630	96000	38930	67180	33100	78300	37610	90280	88040	64920	97730	88570	81720	95080	56880	12200	74560	84880	74950	82440	45290	52500	63980	81770	70830	60660	57020	97020	58400	86530	70300	59450	78030	29800	48120	57990	30240	62360	40120	85020	96390	66430	59050	83180	57020	50140	87650	67680	28370	34800	64430	46130	94691	91190	69190	99860	
45610	0	127730	89190	19550	99500	120260	113210	140370	125481	89420	101640	96420	84910	110470	127082	116301	136580	106460	62660	132770	121150	54410	78390	47180	110740	29910	129690	62270	109850	106080	124150	126650	105330	99620	57340	119490	119790	90360	110090	26910	97560	43370	105510	105740	105800	102160	107270	68650	131670	86760	91900	88730	20800	91370	59980	39770	72610	54680	64410	141530	90360	103980	108320	102160	10190	121021	69330	72540	69980	82490	91270	123890	135530	79440	137200	
98930	128390	0	93170	110670	48280	17590	16270	78450	21390	137440	126362	146362	134350	155442	14820	24370	30460	31260	67460	101020	10930	75880	66380	132860	23710	137900	41660	183530	86750	202960	31650	67070	71110	132172	95490	79290	156874	174730	19660	110540	116432	162290	25180	157252	107833	100043	64340	84570	123902	50980	42140	179270	119090	128540	157690	89080	85770	136350	185420	96930	38560	60000	23280	100043	134220	26990	167200	74050	125490	155120	92920	4670	135432	69200	38380	
44020	89110	93480	0	70950	49790	95900	82250	58950	75700	43400	31220	51220	40590	60300	82220	71040	78380	95600	55520	43860	94610	67690	88760	70640	73120	81440	68880	131870	24260	110010	68690	48260	119040	37030	31860	38040	65500	85420	79780	85010	21290	107820	81740	62110	19150	13530	118640	90200	43790	85060	56090	88500	73640	33990	91790	65710	93280	72360	127200	52620	71820	34010	81790	13530	93980	69960	96140	34650	49660	71200	2280	89020	53040	93670	79000	
27300	19230	110520	70880	0	82160	103050	96000	122060	108271	79860	83330	87470	75350	101520	109872	99091	119240	91130	45170	114460	103940	37370	63160	38990	93400	32270	112350	73410	91540	107220	106810	107930	90100	82910	39030	101180	110840	84690	92880	24430	79250	52170	88300	96790	87490	83850	92040	53420	113360	71430	74560	87480	8970	74150	62480	24740	57380	46490	73210	123220	73150	85260	91110	83850	24100	103811	72170	53810	60760	76100	72960	106680	117220	64210	119860	
63360	100790	48310	49490	82200	0	49790	35290	56320	34330	92720	80540	100540	89910	109620	40890	27120	40820	50770	37170	68450	48500	49500	61810	95120	26160	100160	32300	150590	43070	154810	29960	40760	82480	86350	57000	45750	114820	131060	32820	82940	70610	126530	35630	111430	66761	58300	81400	68640	81460	48720	10290	134140	90620	83310	119200	61480	69840	97860	147680	69660	28390	16320	35680	58300	105750	28170	128710	35530	87000	116630	49240	43850	92990	65520	41440	
96390	120090	17640	95890	102370	49760	0	16690	89780	34010	135980	130070	146580	132890	159150	29550	31470	46440	14910	59160	111640	7480	66370	50620	131400	24420	134090	54140	175230	90510	201500	44090	77690	54860	135140	94020	89910	164350	173270	17560	102240	120140	153990	17700	157990	114481	105990	49050	69910	130990	34950	40640	177810	110790	127080	156230	80780	71110	134890	175600	108260	31290	63760	17470	105990	125920	38650	165740	72550	124030	153660	95750	18120	142520	53290	53530	
86000	114440	16380	81770	96720	35160	16760	0	74140	21720	124510	118600	135110	121420	147680	18390	15820	34500	25080	53510	95990	15260	61930	52430	119930	9250	124970	38490	169580	75350	190030	28440	62040	63370	123670	82550	74260	149294	156620	3670	96590	108610	148340	11040	146520	99041	90580	60750	70620	116322	37030	29170	159700	105140	115610	144760	75130	71820	123420	169380	92610	24610	48600	9380	90580	120270	23000	154270	61080	112560	142190	81520	12530	127852	55250	41210	
95860	140320	78800	59230	122160	56540	89310	73150	0	58840	96320	79340	99861	95870	107151	65440	58850	51920	93990	82710	32310	84780	95840	114470	124090	66910	132660	38650	183210	35750	164441	48460	20860	132160	85671	85010	22700	108261	140941	74310	127700	73330	159150	78010	109161	57670	52360	129540	118900	59440	100340	64820	144841	124850	86910	147070	106890	120470	125870	180300	20410	79620	46180	78060	52360	145190	53540	155621	70990	104940	126480	56950	74340	72050	118180	43100	
93080	126260	21180	75060	108230	34300	33820	20820	58850	0	119822	107642	127642	117012	136722	8330	9160	15080	45340	63200	82400	27160	74820	71630	127010	19670	132050	22060	181400	68640	200816	12050	48450	83630	113452	87100	60670	138154	163700	23110	108410	97712	158420	30240	138532	89113	81323	80570	87300	105182	56230	35030	166780	116650	110412	151840	86950	88500	130500	179570	77330	41010	41890	28620	81323	132090	8280	161350	65630	119640	147622	74810	16720	116712	74450	21670	
53160	89180	137111	43310	79860	92920	135860	124510	96530	120800	0	17840	11920	5490	26560	127350	116140	123480	130460	82660	78160	134570	91910	115900	43900	116870	61950	112010	105540	67350	69040	113790	89810	147910	12340	45570	79590	35080	45570	121010	98270	23100	82540	120420	23440	39080	46280	148910	111380	52870	115880	94970	49040	74740	9560	53130	83220	115340	40470	88550	85530	106680	77140	121750	46280	83150	115060	57480	64960	19640	32070	45370	133261	49730	120810	124100	
56900	101870	128192	31410	83710	81020	130300	115450	79800	108900	17810	0	20840	21530	29560	115450	104240	111580	127560	82930	60840	129010	93650	116170	56840	106320	74890	100110	123180	55450	83650	101890	74370	147610	6650	47800	64150	34760	60440	112980	102010	10320	99510	115560	31370	22410	31910	148610	114690	36630	114650	87320	63910	84400	11700	70770	86960	118650	55280	106190	68210	103050	65240	116190	31910	96090	103160	75120	62060	32580	48590	33470	123740	34630	121080	112200	
60940	96350	147611	51470	87640	101080	146360	135010	100081	128960	12050	20920	0	17040	14940	135510	124300	131640	140960	94210	81090	145070	99690	128030	51070	126380	69120	120170	109450	75510	63140	121950	94651	156460	15420	57120	84431	24260	39930	131510	106050	30380	86450	130920	12000	42810	52610	158400	119160	54350	128050	105470	43400	81910	19870	57040	91000	123120	46510	91140	88460	117180	85300	132250	52610	90320	123220	60070	75460	27150	28350	53530	143761	47480	130040	132260	
48790	84810	133851	40380	75490	89990	132600	121250	95870	117870	5720	21120	16830	0	31470	124420	113210	120550	127200	77680	78660	131310	87540	110920	39530	113610	57580	109080	104470	64420	69220	110860	88420	142930	16760	40590	78200	40480	45680	117750	93900	23960	81460	117160	27580	39940	45620	143930	107010	56950	110900	91710	48760	70370	10270	52050	78850	110970	37970	87470	86520	103420	74210	118490	45620	78780	112130	56400	61700	15270	31460	42440	130001	54800	115830	121170	
74590	110000	156424	60550	101290	110160	159440	144590	105811	137214	26710	29470	14930	31700	0	143734	133380	139914	154760	108630	85640	158150	113340	141730	64720	135460	82770	129250	117450	83181	58460	130224	100381	170160	27870	71540	90161	10220	44830	142120	119700	39460	94450	144700	7240	49490	59531	172100	132860	56410	141850	116460	48300	95560	33670	65040	104650	136820	58800	98490	93010	130980	94380	145330	59531	103970	131494	67420	89260	40800	35460	62610	151964	47360	143740	140534	
94870	128050	14780	81360	110030	40620	29520	18050	65360	7450	126122	113942	133942	123312	143022	0	14840	18580	42010	65000	88700	22860	76610	68690	128800	21140	133840	28540	183190	74932	198900	18560	54750	80770	119752	90210	66970	144454	165490	20170	110200	104012	160210	27300	144832	95413	87623	76270	86880	111482	53290	36830	168570	118450	116712	153630	88740	88080	132290	181360	83840	40870	48190	25680	87623	133880	14600	163140	68740	121430	151060	81110	12420	123012	71510	26430	
84510	117690	24480	70820	99660	27140	30960	14800	59360	9380	114050	101870	121870	111240	130950	14960	0	22750	39060	54630	81220	28160	66250	64130	118440	11340	123480	23970	172830	64400	188540	13920	47270	77350	107680	79690	59490	134744	155130	17090	99840	91940	149850	23090	132760	85703	77913	74730	78970	101772	48730	26310	158210	108080	104640	143270	78380	80170	121930	171000	77840	32580	37650	22600	77913	123330	8480	152780	58220	111070	140700	70570	20020	113302	66950	28320	
99880	137570	30330	78070	119080	41200	46370	34600	52430	14520	122892	110712	130712	120082	139792	18510	22940	0	58900	74050	77730	39710	86130	85410	134870	33450	139910	15590	190340	66530	203886	13240	42790	97410	116522	93520	57710	141224	167522	36890	119720	100782	166280	44020	141602	92183	84393	93120	100070	103360	70010	44950	171382	127500	113482	159700	98260	101270	138360	191340	70651	53440	44900	42400	84393	143400	17460	169210	72050	127500	150692	77820	28340	116990	88230	9270	
86610	107970	31300	95930	91920	50970	14900	25170	94130	45780	130870	127790	141470	127780	155350	42270	39340	58820	0	49380	115570	21140	54690	36910	126020	28200	123690	62010	164830	90800	203120	51960	81620	40360	130030	86590	93840	161650	162980	22800	90120	117100	143590	17890	152880	114491	106030	37740	56290	131030	21240	41290	166060	100340	121970	151120	68660	57490	129780	164630	112610	24580	65090	21230	106030	115520	46520	160630	67880	118920	148550	95790	31190	142560	39550	65270	
38200	63620	67280	55140	45030	37300	59810	52760	82441	63580	82920	82430	94030	77750	108670	65300	54400	74380	49260	0	90391	60700	13130	33830	69960	48540	75000	67490	117890	63181	134730	61950	66691	64110	84670	38180	67691	116250	111950	49640	45770	74080	96650	45060	104210	74210	68590	65110	36190	98810	32740	29700	115030	53450	76300	94850	24310	38350	76950	117690	91601	29910	43350	47870	68590	68580	59120	104540	21840	68180	97810	57300	63440	108100	38740	75000	
87270	132360	101390	43550	114200	68460	111680	95520	32370	82220	78290	60650	81030	78660	85440	88740	81220	77460	115430	89760	0	107370	102890	123000	111990	88860	124700	63850	175130	31240	142090	73660	35870	148600	67130	75120	24840	83310	120630	95760	128440	55890	151070	99460	87860	40230	35150	147520	125950	33220	113940	76470	124100	116890	69470	129860	109140	127520	110430	165280	14970	94570	53630	99510	35150	137230	76250	134210	73390	87730	108780	45240	96930	45630	127910	73330	
97060	122170	10610	95480	104450	49110	7880	15470	84580	27520	135570	129660	146170	132480	158740	23060	28550	39520	21550	61240	107150	0	69660	57260	130990	23200	136030	47790	177310	89300	201090	37780	73200	61400	134730	93610	85420	162244	172860	16920	104320	119730	156070	18960	157580	113203	105413	54630	76550	129272	41590	40230	177400	112870	126670	155820	82860	77750	134480	177680	103060	32340	62550	17060	105413	128000	33120	165330	72140	123620	153250	95340	11090	140802	59930	47040	
39600	54930	75830	67720	37520	49400	67050	61310	95131	75021	92470	94910	100080	87960	114130	76622	65841	86221	53990	13030	103081	69250	0	28480	70510	59280	69240	79331	110380	75871	136470	73791	79381	57860	95450	48150	80381	123450	113690	58190	37080	86660	89140	53610	109400	86790	81170	59800	26040	111390	34290	41621	116770	45940	86690	95400	15620	28910	78010	110180	104291	38520	55450	56420	81170	61070	70561	105090	34530	73370	103000	69880	71990	120680	31860	86841	
67700	79110	67290	87920	63060	61900	52730	52930	114950	72500	115760	115210	128180	110590	142230	69280	64720	85390	38060	33240	123171	58420	28360	0	98610	53580	94780	85530	135920	95961	164570	77090	99471	32410	117450	71020	100471	149070	141790	49810	40600	106860	114680	43440	137500	106990	101370	34270	19990	131590	17350	52850	144870	71480	109140	123320	39800	21190	106110	135720	124381	36410	72410	47880	101370	86610	71650	133010	54620	101020	131100	90080	63450	140880	6120	91490	
32530	47170	130411	70870	38940	95270	128810	117810	123620	124770	43940	56830	50940	39430	64990	126371	115590	135270	118260	70020	112180	127870	70430	98680	0	110170	18430	123640	67160	93100	68290	123540	110560	127110	54140	40640	102740	74310	45760	114310	62800	59370	43100	113640	60260	75350	79140	129050	89630	92930	102170	91320	48550	33470	45890	24950	60950	93590	7560	57050	120040	98300	89400	115050	79140	39630	120310	34640	60240	24500	37170	72950	126561	90930	100420	135890	
78340	111520	23850	72840	93360	26230	24670	9380	66840	19850	116070	103890	123890	113260	132970	21290	11350	33220	27930	48330	88480	23170	59230	53320	112270	0	117310	34230	166660	66420	182370	24180	54530	66220	109700	74510	66750	138170	148960	7620	93670	93960	143680	11960	134780	90111	81650	63600	68200	104810	37920	21130	152040	101780	106660	137100	72210	69400	115760	164830	85320	21910	39670	12010	81650	117030	18740	146610	53040	104900	134530	72590	20000	116340	56140	38580	
37640	30280	135501	81220	32220	100360	133900	122900	132400	129860	62150	75040	69150	57640	83200	131461	120680	140360	123350	75110	124800	132960	69120	94910	18440	115260	0	128730	52700	101880	77310	128630	118680	123940	72350	49370	111520	92520	61590	119400	53080	77580	28640	118730	78470	93560	94190	125880	85170	111140	103180	96410	59960	26750	64100	31210	56490	89130	25940	49680	133560	103390	96010	120140	94190	22740	125400	40750	65330	42710	53720	83300	131651	109140	95960	140980	
90580	130660	42070	68690	112170	32420	53930	37770	38410	22110	111920	99740	119740	109110	128820	28710	24220	15400	61820	67140	63430	48050	79220	84990	123300	34580	128590	0	179020	52230	194285	11600	28490	100110	105550	84220	43410	131623	154570	40060	112810	89810	154960	45850	130630	79860	71650	97490	96500	87950	70860	38040	158430	119570	102510	146420	91350	97700	125080	176110	56890	50140	35520	45570	71650	135720	17070	155930	62750	114220	139720	68440	37610	100360	88700	12470	
88040	62730	183930	131620	73880	150760	176460	169410	182940	180260	105590	123250	109070	104250	117350	181861	171080	190760	165910	118580	175200	177350	110780	136570	67050	165660	52180	179130	0	152280	92960	179030	169080	166200	117750	99770	161920	124410	81860	166290	89530	125970	24670	161710	110970	141950	144590	168140	126830	158280	144840	146810	78250	70290	112490	53420	98150	130790	68870	35820	183960	146560	146410	164520	144590	54640	175800	55870	115730	91100	83090	133700	180090	155140	137620	191380	
65070	109530	86880	24260	91370	43190	90130	75650	35460	68472	67440	55260	75260	64630	82812	74992	64440	66100	90820	63090	31230	88840	76220	96330	93300	66520	101870	52490	152300	0	134840	60720	24770	122050	61070	54220	14550	83922	109460	73180	100650	45330	128240	75970	84822	34881	25080	120970	99280	48240	87390	50320	112850	94060	58030	115830	81340	100850	95080	149280	34520	68420	27550	76020	25080	114400	62752	120180	44660	73700	95240	21980	82420	59770	101240	62810	
96960	106510	201811	110120	106740	154400	200560	189210	162352	200867	69130	83720	63130	68830	58580	197771	186990	203567	202200	134620	141830	199270	135880	164280	67860	181570	77370	194036	93040	136000	0	193877	156922	206910	78220	98550	146702	61380	24370	185710	129930	92090	71110	185120	56880	105610	115270	208850	155410	111650	166780	150870	20960	101270	78550	47280	127020	159370	60500	59910	149440	162440	144220	186450	115270	98670	195147	38720	120860	68010	38000	112180	197961	100942	166290	204187	
88650	125090	31890	67960	106600	29930	43700	27540	48550	11930	111190	99010	119010	108380	128090	18530	13990	13250	51910	61570	73570	37870	73650	76430	123640	24350	128680	11430	179110	60670	193776	0	38630	90200	104820	82290	52290	131114	155820	29830	107240	89080	155050	35940	129900	82073	74283	87580	89490	97500	61030	32470	159680	115020	101780	148470	85780	90690	127130	176200	67030	42860	34790	35340	74283	130150	6840	157980	60820	116170	138990	67710	27430	109672	79250	15320	
82180	126640	67460	48720	108350	40910	77750	61590	21110	48290	90320	74540	95061	89090	101121	54810	47290	41950	81500	66650	36030	73440	79780	99890	111140	54930	118980	28340	169410	25240	158411	38150	0	119680	80871	72060	15820	102231	134911	61830	111640	67330	145350	65530	103131	52870	44660	117060	102840	60360	87150	49190	138811	111170	80910	134260	90830	104410	112920	166390	33190	66430	30120	65580	44660	131510	42320	143770	54930	97900	119700	46440	63000	72770	104420	38660	
95490	105850	69990	118460	89800	82770	53590	63460	132140	84070	148640	146340	156250	144130	170300	81000	77390	97110	40420	63780	149020	59560	57820	31350	126680	66250	123890	100060	165030	122600	206840	90010	119600	0	148580	101560	126320	179620	169860	61090	66090	137990	143790	55770	165570	137680	131910	10080	46540	162000	34850	73720	172940	98220	140520	151680	66540	47740	134180	164830	150230	54980	96890	59520	131910	113630	84570	161370	85160	129540	159170	120060	70470	172010	26270	103560	
56150	99480	133992	37210	82960	86820	135040	121250	85821	114700	12320	6660	15350	17410	27920	121250	110040	117380	129640	84950	66980	133750	94900	118190	54200	112120	72250	105910	117690	61250	78160	107690	80391	149690	0	47860	70171	33610	54950	118780	101260	16120	94690	119600	26760	28550	38350	150690	114370	41690	116730	93120	58420	83650	9060	65280	86210	118330	52620	100700	74350	105860	71040	120930	38350	93450	108960	69630	64140	29940	43100	39270	129540	38720	123100	118000	
12150	57240	95441	31850	39080	56970	94050	82700	84320	87070	45560	47640	56670	40390	71310	90370	79470	92810	86670	38430	75430	92760	47950	71670	39900	74580	49580	83850	100010	53800	98500	82140	71260	101950	47700	0	63440	79170	74880	79200	56970	40300	75950	78750	66850	48460	44820	102950	68790	74330	70580	53440	77960	41770	38940	63020	41920	72750	41680	96460	84190	65010	50100	79940	44820	62110	81220	72530	23430	30820	60450	33930	91491	80200	76580	93430	
74540	119000	79670	37910	100840	45560	89960	73800	22250	60500	79510	63730	84251	78280	90061	67020	59500	57220	93510	66860	24830	85650	79990	100100	102770	67140	111340	43610	161770	14430	147351	52320	15630	125700	70061	63690	0	91171	123110	73840	109930	56520	137710	77540	92071	42060	33850	124620	103050	48500	91040	53570	126500	103530	70100	125890	90380	104620	104550	158750	25280	71670	30730	77590	33850	123870	54530	133830	53530	87350	108890	35630	75210	60910	105010	53930	
83890	119300	157175	65710	110590	115320	162783	147933	106562	137965	35060	34630	24230	40240	10290	144485	134385	140665	161130	116440	83420	161493	122640	149740	74020	138803	92070	131134	124710	83932	62160	130975	101132	179460	33520	79350	90912	0	49440	145463	129000	44620	101710	148043	16820	52191	60282	181400	142160	54190	148220	121620	52910	104860	40550	73380	113950	146120	68510	105450	90790	137350	99540	148673	60282	113270	132245	74380	95630	50100	42420	67770	152715	42910	153040	141285	
74510	90760	173381	85270	84690	130780	172130	156650	139981	163610	46230	60820	40230	45400	45020	165211	154430	169930	160420	112170	120990	170840	113430	141830	45810	149010	61620	154700	81840	109310	24680	160240	134551	170260	55320	75150	123090	49500	0	153150	108550	68850	58840	152560	38350	82710	90510	172200	132960	94250	144330	127250	4220	79220	55160	31660	104570	136920	38450	57430	128360	138820	119420	153890	90510	83050	159150	27510	97240	44580	14570	87330	169531	86760	143840	170550	
82400	111110	19840	79440	93390	32830	17690	3640	74190	23600	120910	115000	131510	117820	144080	20380	17250	36490	22420	50180	95630	16010	58600	49100	116330	7510	121370	39920	166250	73020	186430	29870	61680	60710	120070	78950	73900	147283	153020	0	93260	105010	145010	7710	142920	96711	88250	58090	67290	114311	33700	25570	156100	101810	112010	141160	71800	68490	119820	166050	92670	21280	46270	6090	88250	116940	24430	150670	57480	108960	138590	79190	15990	125841	51920	43090	
45640	26840	111160	85060	24450	82930	103690	96640	127220	108911	98510	101910	106120	94000	120170	110512	99731	120010	89890	46090	128800	104580	37840	40740	62470	94170	52830	113120	89040	100680	129950	107580	111470	66350	101490	56810	110160	129490	108170	93520	0	97110	70140	88940	115440	104130	98510	68290	52080	128730	70190	75330	110960	32450	92730	83250	23200	56040	69970	91180	134070	73790	88800	91750	98510	36960	104451	92790	57350	79410	99580	87220	107320	135800	41330	120630	
52490	97580	116130	21310	79420	70920	118230	103380	73650	96830	23210	10150	30150	24250	39230	103380	92170	99510	116730	74440	55840	116940	86190	107680	59350	94250	77400	90010	126080	45350	92120	89820	66930	138700	15960	40340	56710	44430	68650	100910	97310	0	102020	102870	41040	16200	23400	139700	107230	39010	106160	77220	72120	80180	13800	75450	82260	111190	57790	110870	63210	92950	55140	104120	23400	98600	91090	79800	53570	35090	54860	23370	111670	40120	112590	100130	
63840	43510	161701	107420	52270	126560	154850	147800	158740	156060	82580	99230	86060	81240	94340	157661	146880	166560	144300	96970	151000	155740	89170	114960	42850	141460	27980	154930	24650	128080	71020	154830	144880	144590	94740	75570	137720	101400	58850	144680	70310	101770	0	140100	87960	117750	120390	146530	105220	135270	123230	122610	56100	48680	88290	30410	76540	109180	44720	21460	159760	124950	122210	142910	120390	35420	151600	33720	91530	66900	60080	109500	157851	132130	116010	167180	
81760	105670	25200	81450	87950	35320	17750	11000	77750	30570	120490	113660	131090	117400	142740	27350	22960	43460	17800	44740	99190	18620	53160	42530	115910	11820	119670	45630	160810	76190	186010	35580	65240	55680	119470	78540	77460	147940	152600	7880	87820	102570	139570	0	142500	99881	91420	53060	60720	114580	27130	26200	155680	96370	111590	140740	66360	61920	119400	160610	96230	15590	49440	5790	91420	111500	30140	150250	57270	108540	138170	81310	21360	126110	45350	49980	
70090	105500	158334	62460	96790	112070	157760	146410	107721	139124	23450	31380	12050	27540	7200	145644	135290	141824	152360	104130	87980	156470	108840	137230	60220	137370	78270	131160	111030	85091	57440	132134	102291	165660	26820	67040	92071	16680	38110	142910	115200	41370	88030	142320	0	51400	61441	167600	128360	59120	138530	116870	41580	91060	31270	59700	100150	132320	53530	91770	95350	128580	96290	143650	61441	99470	133404	60700	86860	36300	28740	64520	153874	50150	139240	142444	
60650	105740	108643	19140	87580	66941	113671	99401	58000	89433	39170	22280	42950	40210	49590	95953	85853	92133	114361	74580	40190	112381	86750	107820	75310	90271	93360	80290	142040	35400	105760	82443	52570	138210	28760	48500	42350	52290	82550	96931	104070	16180	117980	99511	51400	0	11720	137700	109260	25940	104120	73861	86020	90270	29760	91410	84770	112340	73750	126830	47560	90880	51161	99561	11720	110610	83713	95760	53710	51050	70700	20980	104183	33960	112730	90610	
56980	102070	100973	13530	83910	58530	105260	90990	52460	81763	46370	31710	52460	45860	59251	88283	78183	84463	105950	68970	35250	103970	81140	102210	79190	81860	94410	71920	144840	25070	115280	74773	44200	132490	38270	44830	33980	60361	90690	88520	98460	23380	120780	91100	61261	11250	0	132090	103650	31350	98510	65450	93770	86600	36960	97060	79160	106730	77630	132480	43110	83550	42750	91150	0	106940	76043	101410	48100	54930	76470	15370	96513	41590	107120	82240	
97390	107750	64620	119480	91700	82230	48220	60800	129480	80870	150440	147360	158150	146030	172200	76410	74730	93300	37760	64800	148480	54190	59720	33250	128580	63590	125790	97400	166930	122060	208740	87350	116940	10010	149600	102580	125780	181220	171760	58430	67990	139010	145690	53110	167470	138610	132930	0	48440	161650	34500	73180	185050	100120	141540	153580	68440	49640	136080	166730	147960	54440	96350	56860	132930	115530	81910	163270	86180	131440	161070	119710	65100	173030	28170	100390	
58860	69220	84320	90060	53170	68450	69760	69960	118071	87470	111730	115130	119340	107220	133390	86310	78610	99970	55090	35970	126021	75450	25910	20150	89390	68260	84890	96590	126030	98811	155730	88770	102321	46680	114710	68630	103321	142710	132950	66840	51370	107720	104790	60470	128660	109130	103510	48620	0	133730	34380	59620	136030	61590	105950	113430	29910	6220	96890	125830	127231	47500	78390	64910	103510	76720	83330	123120	57470	92630	122260	92220	80480	143020	20790	103170	
86490	131580	124122	43710	113420	81590	128900	114050	59430	104912	53170	36740	54480	57750	56520	111432	101332	102850	129590	98640	33130	127610	111280	131880	93090	104920	111140	88120	158540	48130	112230	97470	60140	160880	42010	74340	48450	54390	94080	111580	128600	38910	135540	114160	59220	25910	31660	159800	133790	0	125580	88510	97550	116110	47950	106130	109300	136400	91530	141550	40500	106610	65810	114790	31660	132340	99192	110480	77900	68830	82230	45400	119662	14170	136790	99180	
70580	87650	51130	85040	71600	48810	35830	36850	100270	56420	116330	114200	127880	111160	141760	53200	48640	69310	21160	32780	114300	41520	34420	16120	102340	37500	103420	70850	144560	87750	167110	61010	87090	34660	116440	70560	91600	148060	144330	33730	69800	105850	123320	27360	138500	104110	98490	33580	35500	125950	0	39760	147410	80020	108380	127590	48340	36700	109330	144360	115510	21730	62770	31800	98490	95150	55570	137280	53610	101590	132100	85210	47370	137480	18940	75410	
59500	92970	42481	55610	74480	10230	41190	29840	64530	35620	94970	86660	105530	91880	115740	37510	26420	45030	40850	29450	76480	39900	41530	51870	91260	21720	96300	38140	146730	50480	151190	32600	48970	72540	92470	53380	53780	120940	127440	26340	75120	76730	122670	27030	116940	74171	65710	71460	58810	88870	38780	0	130520	82900	86070	115580	53660	60010	94240	143820	77690	18450	24350	27080	65710	98030	30110	125090	31910	83380	113010	55470	38631	100400	55580	45650	
77570	89110	177971	88390	87260	133900	176720	159770	143731	166730	49380	64160	43570	48520	48360	168331	157550	173760	163480	115230	124330	175430	116490	144890	48380	152130	59970	158530	78280	112830	21030	163810	138301	173320	58660	78270	126610	52840	4060	156270	111120	71970	56160	155680	41690	86050	93630	185010	136020	97590	147390	130370	0	81790	58280	29880	107630	139980	41020	53350	131700	141940	123250	157010	93630	81270	162270	23570	100360	47700	17690	90450	174121	90100	146900	174380	
29740	20660	118980	73320	8930	90620	111510	104460	124500	116731	74690	84170	81690	70180	95740	118332	107551	127700	99590	53630	116900	112400	45830	71620	33410	101860	26760	119340	70020	93980	101640	115270	110780	98560	83750	41470	103620	105060	79110	101340	32790	80090	48780	96760	91010	89930	86290	100500	61880	115800	79890	83020	81900	0	74990	56900	33200	65840	40910	69820	125660	81610	88110	99570	86290	23500	112271	66590	57430	55250	70520	75400	115140	118060	72670	128320	
47400	91120	128051	33990	74210	83600	126800	115450	87210	111480	9460	11760	19770	10530	33650	118030	106820	114160	121400	76200	69400	125510	86150	109440	45840	107810	63890	102690	112570	58030	78370	104470	80490	141450	9070	39110	70270	40540	54900	111950	92510	13780	88510	111360	31180	29760	36960	142450	105620	47860	108490	85910	58370	74900	0	61730	77460	109580	44280	97150	76770	97620	67820	112690	36960	85090	105740	66080	55900	21580	41140	36050	124201	45860	114350	114780	
57420	60360	155671	91690	62320	119250	154070	143070	146600	150030	53160	70820	56640	51820	64920	151631	140850	159830	143520	94910	129970	153130	95320	123420	24950	135430	31220	148200	53390	115730	47420	148800	133540	152330	65320	63620	125720	72940	31850	139570	83180	75270	30390	138900	59500	91250	96930	154270	113680	105850	127430	115720	30070	56850	61580	0	85000	117640	22000	36960	137830	123560	112380	140310	96930	52820	145570	11010	85130	42930	31620	93750	151821	102710	124470	160450	
30850	40770	87980	65960	24720	59750	80510	73460	105011	85731	83720	87120	91330	79210	105380	87332	76551	96830	66710	22910	108770	81400	14660	38640	60940	70990	56440	89940	97580	79970	127550	84400	89261	65580	86700	42020	89370	114700	104770	70340	22920	82320	76340	65760	100650	85030	79410	67520	28900	109630	47010	52150	107850	33140	77940	84980	0	32860	68440	97380	113280	50610	65800	68570	79410	48270	81271	94670	36170	64620	94250	68120	84140	118920	39690	97450	
62750	73110	85700	92540	57060	69830	71140	71340	119841	88850	115620	119020	123230	111110	137280	87690	79990	101350	56470	37860	127791	76830	28950	21530	93280	69640	88780	97970	129920	100581	159620	90150	104091	48060	118600	72520	105091	146600	136840	68220	55260	111480	108680	61850	132550	111610	105990	50000	5940	136210	35760	61000	139920	65480	109840	117320	33800	0	100780	129720	129001	48880	79890	66290	105990	80610	84710	127010	59240	96520	126150	94700	81860	145500	22170	104550	
39530	54690	136381	72340	46460	97910	135130	123780	125260	130740	40560	55270	46970	37870	58830	132341	121560	138490	125260	77020	110620	133840	77950	106200	7580	116140	25950	126860	68850	94740	60950	127820	112200	134630	52580	42280	104380	68530	38420	120280	70320	57810	44720	119690	53610	73790	77580	136570	97150	91370	109170	94380	41210	40990	44330	22000	68470	101110	0	56850	118480	105300	91040	121020	77580	47150	126280	31690	64370	22940	29830	74400	132531	89370	107940	139110	
84820	64490	185681	127150	73250	147790	176290	168780	179970	177290	88620	106280	90600	87280	98350	181641	168110	191600	165280	117950	165430	177180	110150	135940	57040	162690	48960	176160	35860	149060	59870	176060	165860	165570	100780	96550	158700	105120	57260	165660	91290	110730	21400	161080	91680	126710	132390	167510	126200	141310	144210	143840	53330	69660	97040	36960	97520	130160	56840	0	173690	145930	143190	163890	132390	56400	172830	31480	112510	78770	63800	129210	181831	137670	136990	192220	
95980	141070	97540	52260	122910	69470	108050	91890	20260	77580	85590	67950	88330	86610	92740	84180	77590	70051	112720	90770	14920	103520	103900	124010	119940	85650	133410	57390	183840	34560	149660	67200	33040	149610	74430	83830	25290	90610	127930	93050	133840	63190	159780	96750	95160	47530	43100	148280	126960	40520	114950	77480	131400	125600	76770	137810	114290	128530	118380	173540	0	95580	54640	96800	43100	145940	72280	142160	77440	95680	116080	53950	93080	52930	128920	61231	
66160	90610	38570	71530	72890	28820	31830	24050	79880	41230	106420	102580	117020	103330	130900	40400	32450	53810	24360	29680	95070	31990	38170	35360	97920	22020	102960	50460	145750	68650	162280	42610	66700	54610	105580	64470	72370	137200	138530	20930	72760	92650	124510	16100	128430	90600	83880	53530	47140	107040	21230	19770	141610	81310	97520	123170	51300	48340	104910	145550	96280	0	42940	19160	83880	96440	37170	132860	43430	94470	124100	71700	34730	118570	39070	57010	
59240	103700	60040	33800	85410	16350	63860	48810	45500	42260	77030	64850	84850	74220	93930	48780	37600	44940	64840	43460	53610	62180	55790	72790	89390	39680	96040	35440	146470	27380	147180	35250	29750	96550	70660	50310	30910	99130	119270	46340	88700	54920	122410	49700	95740	51071	42610	95470	78720	65770	62790	24360	123130	88230	67620	112510	67770	79920	91170	143450	54820	42460	0	49750	42610	108570	36520	122020	31990	80310	104830	33550	55580	77300	77700	45560	
82360	106360	23990	80780	88640	34650	17650	9950	77080	29580	120870	114960	131470	117780	144040	26360	22290	42470	18930	45430	98520	17410	53850	44350	116290	11150	120360	44960	161500	75520	186390	34910	64570	57220	120030	78900	76790	149240	152980	6890	88510	104960	140260	3150	142880	99211	90750	54600	62540	115880	28950	25530	156060	97060	111970	141120	67050	63740	119780	161300	95560	16530	48770	0	90750	112190	29470	150630	57430	108920	138550	80640	20150	127410	47170	49070	
56980	102070	100973	13530	83910	58530	105260	90990	52460	81763	46370	31710	52460	45860	59251	88283	78183	84463	105950	68970	35250	103970	81140	102210	79190	81860	94410	71920	144840	25070	115280	74773	44200	132490	38270	44830	33980	60361	90690	88520	98460	23380	120780	91100	61261	11250	0	132090	103650	31350	98510	65450	93770	86600	36960	97060	79160	106730	77630	132480	43110	83550	42750	91150	0	106940	76043	101410	48100	54930	76470	15370	96513	41590	107120	82240	
50190	10140	134180	93770	24130	105820	126710	119660	144950	131931	83250	96140	90250	78740	104300	133532	122751	142900	115100	68830	137350	127600	61030	86820	39540	117060	22270	136010	54410	114430	98440	130470	131230	113760	93450	61920	124070	113620	82720	116540	36940	98680	35510	111960	99570	110380	106740	115700	77080	132240	95090	98220	81090	23340	85200	52340	48400	81040	47040	56550	146110	96810	108560	114770	106740	0	127471	61460	77120	63810	74850	95850	130340	130240	87870	143520	
88210	121920	27120	69240	103890	28430	37600	21440	53450	8140	112470	100290	120290	109660	129370	14700	7930	17420	45850	58860	76250	33100	70480	70370	122670	18290	127710	16900	177060	62820	195056	6850	42300	84140	106100	81850	54520	132394	157100	23730	104070	90360	154080	29880	131180	83353	75563	81520	83440	99422	54970	30210	160960	112310	103060	147500	82610	84640	126160	175230	71930	36810	36070	29240	75563	127560	0	157010	60380	115300	140270	68990	22660	110952	73190	21250	
67080	69310	167101	96060	71830	128630	163730	152730	154351	159690	57530	75190	59510	56190	67260	161291	150510	169210	153180	104570	134340	162790	104980	133080	34610	145090	40730	157580	55470	120100	38760	158460	142920	161990	69690	73000	133880	74030	27540	149230	92690	79640	33350	148560	60590	95620	101300	163930	123340	110220	137090	125100	23610	66360	65950	10790	94660	127300	31660	31460	142200	133220	121760	149970	101300	61430	155230	0	94790	49710	32720	98120	161481	106580	134130	169830	
28490	72380	73371	35100	54030	36030	72120	60770	70810	66130	65470	62390	76030	62380	89910	69331	58530	71870	66720	21720	74050	70830	34850	54960	60250	53130	65290	62910	115720	45080	121690	61200	55060	85240	64630	23880	54140	96210	97940	57270	57320	54040	91660	56680	87440	54170	48550	86240	57910	78300	53440	32500	101020	57480	56570	85140	37460	59480	64740	112700	78050	42940	32390	58010	48550	77250	60280	94830	0	53880	83510	36710	69521	88060	59870	72490	
34110	69750	125161	49720	60810	86690	123910	112560	105210	119520	19760	32650	27030	15250	41080	121121	110340	127270	118010	68150	88000	122620	72860	101110	24470	104920	42520	115640	91200	73760	68300	116600	97660	129540	29960	31060	87540	50400	44760	109060	79220	35190	67140	108470	36350	51170	54960	131480	92330	68750	101370	83160	47840	55310	21710	42910	64170	96290	22910	78760	95860	94730	79820	109800	54960	63720	115060	49700	53150	0	30330	51780	121311	66750	103120	127890	
63890	81930	154941	71100	75130	116470	153690	142340	126590	148590	32090	48870	28030	31230	35450	150901	140120	151270	148290	97930	109040	152400	102640	131030	36250	134700	52790	139800	83080	95140	38090	141580	119140	159460	43370	60840	108920	42220	14550	138840	98990	54680	60080	138250	28780	70660	76340	161400	122160	82300	132330	112940	17630	69660	40990	31750	93950	126120	28890	63820	116410	124510	104930	139580	76340	74390	142850	32750	82930	30270	0	73160	151091	75100	133040	151890	
46080	91170	93210	2280	73010	49520	95740	81980	56670	75430	45460	33280	53280	42650	62360	81950	70770	78110	95770	57590	45550	94450	69850	90830	72710	72850	83510	68610	133940	21980	112070	68420	45980	119890	39090	33930	35760	67560	87480	79510	87170	23350	109880	81580	64170	20990	15370	118810	92360	45480	85230	55930	90560	75700	36050	93850	67870	95350	74420	129270	54310	71990	33740	81630	15370	96040	69690	98200	36420	51720	73260	0	88750	54880	95740	78730	
95160	124620	4750	88720	106900	43830	18030	12500	74000	16940	133670	121912	141912	130580	150992	12480	19920	28430	30990	63690	96570	11370	72110	62610	129090	19940	134130	37210	179760	82300	199190	27200	62620	71360	127722	91720	74840	152424	170960	15890	106770	111982	158520	21410	152802	103383	95593	64780	80800	119452	47210	38370	175500	115320	124682	153920	85310	82000	132580	181650	92480	34790	55550	19510	95593	130450	22540	163430	70280	121720	151350	88470	0	130982	65430	36350	
90760	135730	135732	53070	117570	93200	140510	125660	72130	116522	49530	34940	47310	54850	47470	123042	112942	116620	141200	108510	45720	139220	120680	141750	91290	116530	109340	100710	154900	59740	101582	109532	72730	172490	38540	80570	61040	43110	86470	123190	135870	40450	131900	125770	50250	34000	42040	171410	143190	14170	137190	100120	89940	118260	46150	102490	118700	146270	89730	137850	53090	118220	77420	126400	42040	130540	110802	106780	87640	67030	75060	54910	131272	0	146660	113101	
70070	80430	69410	93070	64380	65770	54340	55050	118280	74620	120910	120360	130550	115740	144600	71400	66840	87510	39670	38390	128321	60030	31970	5300	100600	55700	96100	88860	137240	101111	166940	79210	104510	26330	122600	76170	105621	153920	144160	51930	41460	112010	116000	45560	139870	112140	106520	28270	20750	136740	19270	56720	147240	72800	114290	124640	41120	21950	108100	137040	129531	39740	77560	50000	106520	87930	73770	134330	59770	103840	133470	95230	65570	146030	0	93610	
100310	138210	38290	78500	119720	41630	53500	40550	43160	21110	123322	111142	131142	120512	140222	26470	28530	8820	65070	74690	73070	46840	86770	90920	135300	38890	140340	13420	190770	62820	204316	15450	39080	103360	116952	93950	54000	141654	167952	42840	120360	101212	166710	49970	142032	90450	82240	100250	103600	99270	75520	45590	171812	128140	113912	160130	98900	104800	138790	191980	61381	56970	45330	48350	82240	144040	21380	169640	72480	127930	151122	78250	36300	113021	93740	0	

0	                                         Salisbury	0	0	32400	0

1	                                       Bournemouth	560	14766	18171	1120
2	                                            Woking	156	12700	16612	312
3	                                       Marlborough	284	10308	14441	568
4	                                          Ringwood	514	17639	20166	1028
5	                                            Tadley	599	21236	23674	1198
6	                                         Godalming	331	14659	17659	662
7	                                       Farnborough	349	14749	17774	698
8	                                            Oxford	725	13832	16177	1450
9	                                         Bracknell	147	23015	27118	294
10	                                  Bradford-on-Avon	287	4452	6969	574
11	                                        Chippenham	771	22431	25530	1542
12	                                              Bath	536	17165	21851	1072
13	                                        Trowbridge	633	19874	23804	1266
14	                                         Kingswood	363	23119	27792	726
15	                                             Ascot	489	21988	24826	978
16	                                        Crowthorne	342	20201	23686	684
17	                                        Maidenhead	266	8197	11238	532
18	                                         Haslemere	355	16088	20724	710
19	                                        Winchester	338	4259	7270	676
20	                                         Carterton	502	10560	12863	1004
21	                                         Guildford	648	4245	6770	1296
22	                                       Bishopstoke	780	13169	17266	1560
23	                                     Waterlooville	458	17516	21826	916
24	                                       Shaftesbury	603	24206	27705	1206
25	                                             Fleet	423	13402	16604	846
26	                                   Blandford_Forum	199	13698	16217	398
27	                                  Henley_on_Thames	477	9065	12822	954
28	                                            Easton	247	12954	17078	494
29	                                         Hartshill	620	7980	11694	1240
30	                                        Bridgwater	403	4613	8442	806
31	                                           Twyford	730	10178	13118	1460
32	                                            Didcot	828	6178	8913	1656
33	                                      Bognor_Regis	641	24279	26989	1282
34	                                           Corsham	775	9457	11493	1550
35	                                          Amesbury	493	2668	6083	986
36	                                             Grove	829	16952	20005	1658
37	                                     Stoke_Gifford	442	8652	12119	884
38	                                       Glastonbury	423	16452	19824	846
39	                                         Aldershot	247	21734	24208	494
40	                                         Lymington	382	11462	14592	764
41	                                             Calne	707	12595	17364	1414
42	                                        Dorchester	434	10545	14405	868
43	                                           Farnham	729	18214	22952	1458
44	                                          Keynsham	358	4083	6178	716
45	                                   Wootton_Bassett	313	17556	21277	626
46	                                           Swindon	563	16447	21391	1126
47	                                           Barnham	734	18092	21271	1468
48	                                 Lee-on-the-Solent	263	4027	6609	526
49	                                       Cirencester	442	9525	14516	884
50	                                       Petersfield	473	17632	22183	946
51	                                       Basingstoke	449	21236	25076	898
52	                                            Street	189	3563	6791	378
53	                                           Verwood	373	24798	28434	746
54	                                          Melksham	744	24565	26589	1488
55	                                         Sherborne	653	16483	19895	1306
56	                                            Totton	114	24576	29303	228
57	                                           Gosport	265	19715	22401	530
58	                                        Gillingham	559	10233	12821	1118
59	                                          Bridport	300	12660	17230	600
60	                                            Witney	544	17549	22306	1088
61	                                             Alton	751	21515	25064	1502
62	                                          Thatcham	204	22413	27305	408
63	                                              Hale	670	22019	26339	1340
64	                                         Wroughton	614	22959	25516	1228
65	                                             Poole	599	9452	13426	1198
66	                                         Wokingham	400	10972	14569	800
67	                                            Yeovil	440	4314	7908	880
68	                                           Andover	639	20666	23786	1278
69	                                        Warminster	703	12349	14656	1406
70	                                    Shepton_Mallet	359	11507	14787	718
71	                                        Mildenhall	731	25602	27783	1462
72	                                          Knaphill	546	15068	17849	1092
73	                                          Chalford	252	21213	24747	504
74	                                            Havant	479	20574	24748	958
75	                                            Marlow	754	11211	14205	1508
