75

6350	3650

20	90

0	43890	26260	88480	62850	81510	67700	87590	19110	71490	45390	25180	63890	94120	14780	75730	75100	54230	81410	69250	59720	26220	90921	52100	71310	25620	41980	71270	42970	73570	36100	78420	13970	56620	84810	91800	61410	28230	78560	60150	77641	67020	65110	90430	72290	38331	88511	92210	30240	93680	64320	91510	70580	31630	95780	18850	55900	56970	38000	58330	40660	76060	66690	45220	7790	49460	28320	32890	58200	28060	47910	99430	77020	27410	97841	76490	
43680	0	24210	54970	69050	102960	85810	85930	61580	36070	7930	21650	72251	125540	56790	103820	39680	93560	123510	93040	37600	29080	123750	76760	70550	53380	36970	87500	85440	98230	29790	120890	38060	60290	116830	107191	100740	46980	102870	84810	110300	105340	106530	62820	74300	76670	108440	99360	22170	132000	98700	112522	50320	56010	121840	30950	18290	52820	8140	82120	78950	36810	42300	40200	50840	90270	43790	31570	62370	21250	47310	58860	105890	25910	60380	86690	
26200	23550	0	63240	73130	99930	65570	75591	44810	55510	24570	5200	54760	118020	39250	83330	59120	79930	107110	72800	36170	28930	103300	69820	57600	42900	22670	68880	68670	77990	15050	103820	27580	44621	108710	88630	87110	43200	82110	64570	89630	92720	90810	79930	60291	57980	106600	83571	5000	119380	88220	93140	62980	35770	115880	11630	31090	40060	17180	61880	59670	50820	56190	25900	33330	75160	23550	12770	46211	22950	32300	74950	85300	5670	78690	90770	
88330	55570	63140	0	120260	157640	101720	70850	106741	62770	48640	65310	85020	180651	100640	135180	64160	141480	168484	116710	35830	83240	156150	128920	65220	102000	58120	101100	130601	128150	60430	158090	86680	70350	168700	111480	148660	101140	128691	115850	141660	153470	152741	87750	68790	111660	164690	92090	59840	181311	147320	127381	95740	87390	178420	73720	37500	61200	56420	109190	113200	21730	87090	61330	94790	137091	76270	64800	72430	75410	61410	32780	137250	63580	53610	136940	
63510	68820	73390	120180	0	45280	127290	145890	65030	66970	75970	69880	123770	76080	69740	132740	65130	71550	111840	128840	104700	44770	148861	38410	129500	41600	94940	130870	77510	132300	87320	116440	50530	114920	68060	151630	76730	36000	138670	118810	130751	74950	93780	53330	130590	90550	48160	153370	77370	95471	61810	151620	31430	91220	70000	73040	86300	111230	72310	117920	94291	99460	41650	98170	65610	78240	88120	84670	116500	51200	104200	103500	134030	77840	91780	18830	
81710	102330	100420	157210	44950	0	137112	164152	68612	111130	109480	96910	136572	34150	76122	138012	109290	54071	88690	138672	134450	74480	137541	31390	147652	59210	120150	140802	64761	139012	114250	96170	72530	132962	28850	161992	54440	58990	148152	124862	125491	49130	74590	97490	148652	92002	8100	164802	104400	61740	35930	161982	75590	101582	28430	96210	119840	133312	102060	125992	97252	137920	85810	123990	77980	64421	102772	111080	134052	81410	124252	147660	139021	104870	135940	31470	
67310	85500	65460	100330	127860	137130	0	50630	68760	122161	85100	69670	19760	146810	62050	45190	125771	100470	103024	16200	66620	85130	74061	110480	40780	88400	51271	6660	85890	36670	58500	92911	78910	34030	137500	27420	106990	94840	29270	26300	60781	112190	97900	148903	40170	54860	143341	35260	65080	131750	117010	28970	127630	36350	148470	64720	84750	44750	78350	19150	52360	94350	120120	57400	63740	92550	44930	54700	30250	85980	44410	124630	49790	59700	135530	138730	
86540	85960	74781	70640	145260	163500	50650	0	96890	113110	81790	78991	33530	174260	88420	92310	116400	130800	142774	65010	52860	101060	121181	133730	19690	109700	54091	46980	116040	83790	63571	132590	94930	33320	164950	47590	137140	111160	72240	73420	107901	142340	130370	139930	17390	87330	169953	24380	72841	164720	143880	64780	134290	64880	175920	77180	74950	38480	80360	67110	88870	77370	126040	60251	86640	122700	61020	62241	30960	96741	44780	102170	96910	69021	121260	159680	
18760	61300	44720	106940	65080	68610	68740	96710	0	88770	63800	43640	69330	78120	8700	67740	92380	35720	62900	68540	77170	38510	79171	42520	81210	25620	55570	72430	24460	68880	53110	59800	25900	66920	68810	92460	42900	33720	77850	55510	65891	48510	46600	102810	81410	25670	74821	97560	48670	75170	48320	91840	81000	33990	79780	36390	74310	68130	56410	57620	29661	94520	79070	59560	13560	30950	37590	47230	66810	44780	59070	117801	69030	44860	115591	73720	
71820	36520	56380	62790	66900	110990	122151	113210	89090	0	37600	52950	105231	141600	84930	137181	4240	114440	154720	126401	63860	53390	157111	92820	101380	75920	69950	123371	112200	131591	63870	151730	64500	92800	132890	142681	121620	65950	136231	118171	143661	125060	132940	27380	105130	106840	113870	132980	56250	149171	115550	148012	35540	88570	135710	61200	39680	83650	42260	115481	111530	42460	29750	73180	78350	114300	77730	65650	94880	45560	80290	43460	139251	59990	31990	82340	
45310	8480	25190	48730	76120	110030	85320	81180	63840	37650	0	22930	69671	132610	58420	104080	41260	98460	126140	93300	30960	36150	124010	83830	66240	58710	34390	85301	87700	98490	28880	122990	43390	57660	123900	104611	105640	54050	103130	85070	110560	110450	109840	64400	69990	78300	115510	96270	22430	137110	104030	109942	55950	56270	128910	32500	11340	48510	9380	82380	80170	32580	47270	37620	52500	94190	44050	31670	59740	28320	44730	54630	106150	26170	58220	93760	
25110	21590	5340	65580	69840	96670	69670	79811	43720	52530	22880	0	58980	114760	38220	84660	56140	78840	106020	74130	40390	25640	104800	66560	61820	39640	26890	73030	67580	79320	19270	102790	24320	48841	105450	92790	86020	39940	83440	65900	90960	91110	89720	76690	64511	57750	103340	87791	9320	117770	84960	96390	59740	37100	112620	10750	33340	44280	15490	63210	59910	53160	52950	30120	32300	74070	26260	16990	50431	19710	36520	76920	86630	9890	78771	87480	
63470	71771	55110	83510	124140	136520	19770	33560	69460	104781	69151	59320	0	146750	60990	60760	108391	102740	110064	34890	49800	79940	89631	109420	22060	87340	35031	19150	87980	52240	44511	100250	73810	17210	137440	37080	109080	90040	47220	41870	76351	114280	102310	132213	21450	59270	142523	30690	53781	136160	116950	45810	118370	36820	148410	56060	67930	27930	64731	34720	58790	77530	110860	41191	61790	94640	39310	43181	13430	76860	28170	106440	65360	49350	117340	137670	
94160	124930	118420	181561	75560	33930	146870	174400	78140	141390	132080	114910	146660	0	86030	133740	139900	48020	62990	147220	151961	97080	120730	51340	157900	78260	130570	150560	63330	140260	128151	76030	90530	143210	10400	171540	41790	80030	156571	130280	116300	35550	56390	128100	158900	94750	29650	175050	121961	29780	30210	171120	106200	111670	12860	111440	142440	143560	124660	135750	100030	162550	116420	134650	88960	57750	113020	122320	144140	104010	134500	178590	132780	119071	168361	62080	
14300	56850	39220	100730	69830	76200	61720	88020	8720	84450	58350	38140	60640	86010	0	65290	88060	43840	71020	63270	69530	38190	77021	50110	72520	30370	46880	65300	32580	64600	45120	66170	25580	58220	76700	86060	51020	38470	72580	51230	63741	56630	54720	102490	72720	24431	82411	88870	42460	83290	56210	85530	82190	25650	87670	30250	68580	59440	50960	52350	27511	88310	78750	51430	7820	39070	28900	39100	58120	40980	50380	112390	66580	38290	110801	80230	
74840	103740	83030	134810	133410	138340	45190	92950	67620	136520	103980	84000	61200	133980	65230	0	140561	89730	78690	36750	100660	96830	34920	110370	82560	92300	77420	49960	74210	18780	81130	65120	87450	74220	128580	64310	93620	100870	45330	21580	24830	98820	79240	160720	81950	45811	144140	78560	82650	113090	107790	60700	140630	47150	139550	77910	107861	82890	96590	29460	40471	125550	134410	82860	69540	81250	61860	75660	70682	98780	76420	152361	7140	77270	156561	143810	
76520	41220	61080	63850	64670	108760	126851	115940	93790	5270	42300	57650	109931	139560	89630	141881	0	116090	156690	131101	66590	58090	161811	94470	104650	77570	74650	128071	115220	136291	68570	156430	69200	96360	131540	147381	123270	67600	140931	122871	148361	126710	136000	24670	108220	112351	111640	136100	60950	150821	117200	152712	33310	93300	133480	65900	44380	87210	46960	120181	116401	44880	27520	77880	83050	115950	82430	70350	98440	50260	84990	39670	143951	64690	27950	80110	
53990	93420	79950	142150	71300	54792	100890	130670	35820	114660	98710	78870	102720	47870	43930	89620	116040	0	40200	100660	112400	66640	82200	36260	115170	45250	90800	104580	16970	96140	88340	44800	55650	101550	40440	124580	7180	48870	109970	85400	72180	13150	23220	118170	115370	49650	54970	130440	83900	39890	19650	123960	94200	66510	51410	71620	109220	103210	90480	89740	54790	129400	95670	94790	48790	11360	72670	82460	100770	73280	94150	147510	88660	80090	142690	67460	
81200	122920	107160	168682	111730	88670	103192	142912	63030	147940	126240	106080	110482	63050	70640	78380	149320	40290	0	95113	134122	96140	59760	75470	127412	78180	110882	106882	40220	86100	112190	13770	85150	114512	66040	122673	39140	81800	103693	78440	54720	39630	18620	153690	127612	56680	88740	135062	111060	39450	53420	119063	129720	80522	74270	98830	136750	119682	118850	87823	58982	156970	129220	116322	76000	35110	93880	105990	113012	102780	110522	182151	73440	105680	177150	108520	
69210	93190	73150	115440	129760	139050	16000	65030	68800	125970	93430	74120	34870	147390	63440	36810	130011	100510	95451	0	81730	88040	65681	111080	55370	90280	61550	19410	85930	28290	67620	84531	81820	49140	137540	28250	107030	96740	16430	17920	52401	112230	94302	152040	54760	53140	145261	44840	72770	128152	117050	25840	131360	38250	149650	68030	95771	59860	86040	11770	48870	109460	123860	66880	65640	92590	50010	63050	45360	89820	56440	138550	41410	67390	144471	140630	
59970	38650	36330	34950	104790	134630	67130	52990	77560	63760	31470	40610	50430	151561	69560	101650	67170	112511	134164	82250	0	61360	122620	104520	41700	77600	25170	66510	99450	93960	27210	123980	62280	35760	140901	85820	119691	77900	93901	82890	108130	124501	121550	90510	45270	78710	140720	71610	31970	151750	120411	92591	86370	54440	150580	44630	24420	26610	34010	75150	80250	31290	77690	28380	65450	106110	43320	31800	37840	53530	27370	59160	103720	32440	72550	122430	
27220	29120	29390	83260	44530	74850	85310	101890	38480	53070	36270	25880	79770	97430	38080	97640	56680	66440	96390	87810	61240	0	116760	48650	85500	26230	50940	88670	60440	92250	43320	97680	13270	70920	88720	109280	73620	18870	97670	78830	101531	77980	79410	65020	86590	62221	80330	109090	33370	104621	71000	110620	44720	50310	93730	29040	46630	67230	28850	76890	65301	64710	41280	54170	31440	63150	44120	40680	72500	8200	60200	82430	99240	33840	80220	62170	
90140	123100	102390	154170	144730	137942	73861	121621	79230	155880	123340	103360	89871	120680	77260	34950	159921	81920	59740	65421	120020	115160	0	119300	110600	103910	96770	78631	73960	51170	100490	46650	102550	97700	123670	92981	85810	112010	74001	49070	14130	91010	69740	190273	110621	55990	138400	107231	102010	95660	101010	89371	159320	66500	131900	97270	127221	105050	115950	58131	51120	144910	153770	102210	84730	76230	81210	95010	96200	117950	95890	171721	27820	96630	185831	152460	
52260	76670	70190	129560	38120	31150	110210	134760	42700	93130	83820	66680	108990	51550	50210	110340	94510	36200	75410	111000	104690	48820	119670	0	118480	28980	90700	113790	44110	111340	84020	80010	42300	103790	42840	134550	41400	30750	120480	97970	107230	40400	58430	90660	119460	67940	38680	137310	74180	62731	29110	134500	65590	74140	47850	65980	94180	104140	76400	100080	72121	112260	69460	94220	48530	43770	73730	80850	105370	55750	95080	129980	111630	74640	121160	34280	
70990	70430	57510	65190	129180	146680	40650	19580	81340	101100	66490	61720	21940	156990	72870	82050	104710	115250	127224	55170	41650	84980	110921	118180	0	94150	36220	37360	100490	73530	45700	117040	79380	16360	147680	46220	121590	95610	67500	63160	97641	126790	114820	128720	3780	71780	152683	30120	54970	148670	127190	62500	118760	49330	158650	61630	61750	20990	64830	56010	73320	68540	110510	42380	71090	107150	45470	44970	15410	79470	26500	93330	86650	51750	110640	143620	
26330	53090	43210	102580	41190	58920	87970	110220	25710	75620	58570	39700	86750	78570	30420	93050	77000	45230	78330	89520	77710	26240	107390	28810	93940	0	64000	91550	44360	92860	57040	82930	15320	79250	69480	112310	52410	9830	98830	79490	91201	55850	61350	80640	94920	51230	66040	115070	47190	82510	48990	111780	57400	51900	74870	39000	69080	79120	50150	78600	54971	89070	56900	67240	26290	45090	51490	53870	80830	32950	70540	107180	94480	47660	103650	52970	
41450	37090	22630	57960	94770	119520	51781	54630	54960	70100	34470	26840	35531	129830	46650	77220	73710	90080	109734	61220	24310	50570	96980	90530	35890	63760	0	51161	75380	71440	9830	99550	48990	23570	120520	70471	96480	64840	72770	58460	83700	101680	97120	96850	39330	54280	125523	62640	19100	127680	100030	75802	83490	30010	131490	29190	35930	18360	30050	52760	55820	48700	76700	6510	43440	82040	18890	11120	25650	44590	10590	77600	79290	17510	85300	112410	
70760	87343	68730	99670	131600	140870	6600	46980	72500	122403	84723	72940	19100	150550	65790	50030	126013	104210	106764	19370	65960	88480	78901	114220	37510	92140	50603	0	89630	41510	59900	96950	82260	33370	141240	21620	110730	98290	31700	31140	65621	115930	101640	149835	36900	58600	147081	29460	68350	135490	120750	30290	130980	40090	152210	68070	84090	44090	80303	23990	56100	93690	123470	56763	67480	96290	48280	57470	29590	89330	43742	123970	54630	62970	134870	142470	
42940	85480	68900	131120	77430	65362	85760	115540	24770	111910	87980	67820	87590	62890	31870	74270	115120	16970	40690	85530	98950	60400	74440	44130	100040	44330	75710	89450	0	80790	74670	41290	49310	86420	54750	109450	22530	47950	94840	68990	63460	27730	23710	118790	100240	33210	69280	115310	72850	53730	33960	108830	94820	51380	65720	60570	98490	88080	80590	74610	38350	118700	95020	80800	37740	8090	57540	68470	85640	67040	79020	141981	74600	68160	139771	75330	
71870	97070	77030	127620	132120	138650	36110	83870	68230	129850	97310	78000	52120	140470	63940	18870	133891	96220	86060	27670	93550	90820	51250	110510	73480	92460	71240	40880	80700	0	75040	75140	84590	65130	135070	55230	100110	99400	36250	13410	38980	105310	85730	154710	72870	49270	144861	69480	76650	119580	114280	51620	134620	41150	146040	71910	101201	73810	89920	20380	44010	118360	127740	76180	68100	87740	55860	69660	61602	92770	67340	145701	23470	71270	149901	142990	
36460	29680	15010	60340	87150	113950	58690	64220	53130	63270	28250	19220	45121	128081	45130	80910	66880	88250	112860	67580	27110	42950	101830	83840	45480	56920	9840	59920	74960	75570	0	103240	41600	33160	118771	79670	95430	57220	77260	62150	87390	101040	97210	90012	48920	57970	120620	72230	11580	127260	98281	85392	75970	33700	129741	22480	30630	27750	22530	57030	59510	47920	69180	13070	41020	81620	20770	7370	35240	36970	20180	75730	82980	9890	79930	104790	
78040	120580	103510	158190	116400	95860	92781	133030	59390	151210	122840	102630	100650	76070	65340	64820	153990	44960	13770	84341	124240	97550	46660	80140	117530	82850	101000	97050	41250	75110	104710	0	85070	104630	79060	111901	45370	86470	92921	67450	41160	46820	23290	158360	117730	48480	95930	125230	104290	52890	60610	108291	134390	70640	87290	94590	130181	109800	115450	77051	48360	148930	133890	106440	72460	39780	84960	98640	103130	103950	100640	174681	59880	98910	176911	113190	
14730	37800	27920	87290	50600	72350	78790	95480	25880	63660	43280	24410	73350	90440	25480	87930	67270	55500	85450	81290	62420	12980	105180	42240	79190	15320	49250	82150	49150	85730	41850	85090	0	64500	81130	102680	62680	16230	90600	72310	88931	67280	68470	77280	80170	49621	79640	102670	31900	93940	60640	103550	56980	43790	88300	24250	53790	64370	34860	70370	52701	73780	53540	52490	18840	52210	37700	39120	66080	19250	55790	93020	89220	32370	90810	64240	
55750	59450	43991	67910	114470	131440	34340	33270	66100	91680	56830	48201	17640	141750	57630	74170	95290	100390	114364	49460	34200	70270	98180	102940	16330	78910	22710	33720	85630	65650	32190	104180	64140	0	132440	53030	106730	80370	61111	55280	84900	111930	101960	119810	17970	58920	137443	41280	41460	135810	111950	59801	105850	36250	143410	46390	52330	12000	52410	46960	60460	61930	99060	28870	55850	92290	30230	31451	5050	65951	12990	90830	78770	38231	101730	128380	
84890	116430	109150	168520	67990	28450	137600	164970	68870	132890	123580	105640	137390	10550	76760	128200	132330	40070	65960	137400	141361	88580	123700	42840	148630	69640	121300	141290	54460	134720	118881	79000	81260	133940	0	161320	39590	71530	146880	122890	111750	34280	58990	120530	149470	87140	24170	165620	112691	35380	20940	160900	98630	102400	11530	102170	133940	134290	116090	126480	92280	152020	108850	125380	79690	50930	103750	113050	134870	95510	125230	170090	128230	109801	160920	56600	
91430	106701	88570	111900	152070	161790	27780	47620	92200	141761	104081	92780	37080	171300	86220	64340	145371	123910	122981	28240	85310	109150	93211	134480	46600	112570	69961	22040	109330	55820	79441	112061	102930	52720	161690	0	130430	118960	30350	45450	79931	135630	121340	169193	45990	78300	167793	23890	88190	155190	140450	18640	151660	60520	173760	88740	103760	63440	99661	39000	75620	113360	144150	76121	87910	115990	68950	77310	48940	109640	63100	143640	68940	82810	154540	162940	
61170	100600	87130	149330	76460	54240	107090	136870	43000	121840	105890	86050	108920	41770	51110	93520	123220	7180	39160	106860	119580	73820	86100	41420	121370	52430	97040	110780	22970	100040	95520	44200	62830	107750	39530	130780	0	56050	116170	89920	76080	6610	22620	123330	121570	54390	54310	136640	91080	33790	18990	130190	99360	72710	50500	78800	116400	109410	97660	95940	59670	136580	100830	101970	55970	17390	78870	89640	106970	80460	100350	157660	92560	87270	149870	72620	
28940	46690	43420	100830	36050	59600	94920	111600	33670	66060	53840	39910	89480	80420	38380	101150	67440	48760	81860	96510	77920	18840	115350	30660	95320	10240	64970	98280	47890	100820	57350	86460	16130	80630	71710	118880	55940	0	106700	87410	99161	59380	64880	71080	96300	59190	65080	118800	47400	86021	52400	119650	48680	58890	76720	40380	64200	80500	46420	85590	62931	82280	47340	68200	33000	48620	53830	54700	82210	25770	71920	100000	102440	47870	94090	49690	
79650	103710	83590	128182	140740	150460	29950	72960	79240	136490	103950	84640	47950	158000	73880	46730	140531	110950	105371	16920	94142	98590	75601	122230	68330	100930	73520	32440	96370	38210	77790	94451	92370	61552	150280	30860	117480	107690	0	27840	62321	122840	104222	162610	67720	63580	156463	51580	83210	138072	128130	16710	141880	48690	161730	78470	106361	72272	96560	22120	58790	122202	134380	78460	76080	103030	60450	73220	57772	100340	68440	150861	51330	77830	155061	151610	
59440	84640	64600	115790	119130	124940	26710	74470	55440	117380	84880	65570	42720	130410	51150	21250	121421	84920	78390	18270	82140	78380	49450	97720	64080	79670	58900	31480	68800	13770	62610	67470	72160	55730	122700	45830	90050	86970	26850	0	36170	95250	78060	142260	63470	36460	131151	60080	64220	111910	101910	42220	122170	28720	133670	59480	88771	64410	77490	10980	31200	106530	115270	64340	55460	75840	43430	57230	52202	80330	57940	133271	25850	58840	137471	130000	
76530	109480	88770	140550	131120	125932	60251	108011	65620	142260	109720	89740	76261	116230	63650	24470	146301	71980	54740	51811	106400	101550	14040	105840	96990	90300	83160	65021	63870	38590	86870	41170	88940	84090	111860	79371	75870	98400	60391	35460	0	81070	61490	166460	97011	42380	126390	93621	88390	93860	91070	75761	145710	52890	122830	83650	113601	91440	102330	44521	37510	131290	140150	88600	71120	66290	67600	81400	82590	104340	82280	158101	19530	83010	162301	140450	
66740	104880	92700	153920	74730	49030	112200	142170	48570	125250	110360	91040	114030	36340	56680	98630	126630	13080	39560	111970	124761	78030	91210	40420	126480	55840	102150	115890	28080	105150	101090	47040	67110	112860	34320	135890	6540	59460	121280	95030	81190	0	25460	125740	126680	59500	49100	141750	96091	28360	13780	135300	101770	77820	45290	84370	120870	114520	101940	101050	64780	140860	103240	107240	61540	22500	83980	94910	112080	84740	105460	162630	97670	92840	153280	70650	
64460	105880	90420	152640	93470	74150	98440	130980	46290	130550	109500	89340	103030	56590	53920	78990	131930	23250	18550	93531	121000	79100	69610	58430	115480	61140	97760	102130	23180	85510	96720	23150	68110	102580	59440	121091	23660	64760	102111	77850	61550	25110	0	136300	115680	43490	74220	129870	94370	35170	38900	117481	112330	67590	67810	82090	120010	107750	102110	85490	48350	140220	111830	102850	59260	18070	79590	90520	101080	85740	98590	164251	78030	90210	159760	89630	
91320	62752	80210	87390	53640	97730	144740	139560	102820	27550	64440	76560	132883	128530	102420	158650	24840	117900	155660	147870	90130	65270	189803	90160	128270	81060	96790	148100	118450	153060	90082	160260	77610	119900	120510	168680	123100	71090	157700	139640	165130	125680	137830	0	131840	127101	100610	159640	82462	148501	113960	170650	27670	110580	122450	82360	66520	110750	68472	136950	130181	68420	24770	100020	95780	119180	98890	91862	121980	62810	107872	63090	160720	84760	44660	69080	
71170	74240	59411	68780	129890	147390	40150	17380	81520	104910	70300	63621	21440	158450	73050	81550	108570	115430	127404	54670	45240	85690	110421	118360	3930	94330	38721	36860	100670	73030	48201	117220	79560	17950	149140	45720	121770	95790	67000	62660	97141	126970	115000	132310	0	71960	154143	28740	57471	148850	127370	62000	121641	49510	160110	61810	65560	24800	68421	55510	73500	72120	114320	44881	71270	107330	45650	46871	15590	81371	29410	96920	86150	53651	114230	143800	
37580	76970	57680	112330	90250	92893	55270	87980	25330	106750	77960	57000	60030	94720	24560	45600	111351	49220	56650	53300	78680	62460	55970	67410	72480	50790	55440	58960	32880	49830	57420	48580	49850	59580	87000	78960	54360	58890	62610	36460	42690	59560	43610	127230	72680	0	98373	86700	57300	77460	66210	77590	106170	25240	97970	49880	82761	64750	70570	42140	5530	103040	103020	60880	32090	39920	38340	51220	58080	64940	55590	127261	46960	51920	131461	98610	
88521	108260	106740	164350	47980	8070	143042	170082	74542	114160	115410	103230	142502	29660	82052	143942	112320	54800	88570	144602	140380	80410	138690	38720	153582	66280	126252	146732	69190	144942	120670	96050	79450	138892	24360	167922	54320	64920	154082	130792	126640	49010	74470	100520	154582	97932	0	170732	110720	57250	35810	167912	78620	107512	22520	103470	125770	139242	107990	131922	103182	143850	88840	130332	84642	65660	108702	118002	139982	87340	130182	150690	143120	111190	138970	34500	
91960	99081	83031	91940	153880	164640	35200	24370	97580	133470	96461	87241	30700	174950	89110	78630	137130	130660	134944	44840	71520	109310	107501	137540	30210	115460	62341	29460	115900	70110	71821	125130	103180	41590	165640	23820	137000	119410	50830	59740	94221	142200	129100	160700	28790	86060	170643	0	81091	163450	145070	41010	147740	64780	176610	85440	91840	50300	92041	52590	84170	98400	140230	68501	90280	122560	68690	70491	38990	104991	53050	123440	83230	77271	142530	165790	
30300	22120	4990	59970	77230	104030	65330	73010	48591	55710	22360	9300	54321	121151	42490	83090	59320	83451	110891	72560	31810	33030	103060	73920	54680	47000	19040	68640	72451	77750	11520	104100	31680	42360	111841	88390	90631	47300	81870	64330	89390	95441	94591	82452	58120	57740	110700	81430	0	122101	91351	92900	67080	35530	119980	15570	27820	36070	14970	61640	59430	47550	60290	22270	36640	78941	23310	12530	44440	27050	29380	71680	85060	5430	75420	94870	
93000	131140	118960	181951	95050	62470	132130	164800	74830	149240	136620	117300	136720	30730	82940	112490	150620	39460	38170	127221	150900	104290	95080	62750	149170	82100	127660	135820	53590	119010	126620	51660	93370	136270	36300	154781	33230	85720	135801	111350	92610	26990	34820	148580	149370	77180	58190	164020	122351	0	34420	151171	124100	101280	41400	110630	147130	140030	128200	119180	82040	169130	125570	132750	87800	48010	109490	120420	134770	111000	130970	186800	111330	119100	177450	90620	
64220	98360	88480	147850	61460	35660	116930	144300	48200	116020	103840	84970	116720	30380	56090	107260	117400	19130	52900	116730	120691	71160	100830	29530	127960	48970	100630	120620	33520	113780	98211	60380	60590	113270	21070	140650	18650	52590	126040	101950	90810	13340	38800	114000	128800	66200	35730	144950	92021	34461	0	140060	90880	81730	32040	81500	114350	113620	95420	105810	71340	134340	92350	104710	59020	29990	83080	92380	114200	78090	104560	153220	107290	89131	144050	57280	
89890	111023	92040	124802	150980	160700	27940	64820	90610	146083	108403	94880	44700	171010	84630	60250	149693	122320	118891	24810	90762	108830	89121	133600	62430	111170	74283	29190	107740	51730	83763	107971	102610	58172	161700	19600	128880	117930	16000	41360	75841	134680	117742	172850	61820	76710	166703	41090	91660	151592	139500	0	152120	58930	172670	88710	108563	68892	103983	35210	72310	118822	144620	80443	86320	114400	70320	81280	54392	110580	67422	149102	64850	86280	160002	161850	
70950	49970	62840	95260	31840	75930	127370	133920	80690	35840	54940	59190	117520	106730	81850	140550	34000	93650	130920	130500	85400	44700	159670	65140	118540	57390	83060	130730	94200	135160	75540	135520	57040	106341	98710	151310	98850	48350	140330	121740	146390	101430	113090	27530	122140	105991	78810	146840	66820	123761	90140	153280	0	93210	100650	64990	63000	100090	55310	119580	109071	74930	10700	86290	75210	94930	81520	74490	108460	44360	93400	72370	142150	67390	60650	47280	
31330	56000	35960	87390	91880	101600	36690	64470	33810	87950	56240	36930	36520	111830	26070	47620	91560	66320	79914	38240	53740	50270	67200	74500	48970	52420	30500	40380	51560	42280	34210	69730	44050	36070	102520	61120	72660	58860	47550	28860	53920	77860	67500	114150	49170	24460	107603	64690	35580	101350	82030	60500	94060	0	113490	30840	60131	40990	48850	27320	26000	78130	86350	35940	27760	58220	14800	28590	34570	52220	31830	104631	49590	30200	108831	102750	
95820	121320	115860	178140	70030	28470	148530	176060	79800	136210	128470	112350	148320	12820	87690	139130	134370	51000	74110	149210	150360	93470	131850	47730	159560	74650	132230	152220	65390	145650	129690	87150	87970	144870	11640	173400	50520	76420	158960	133820	122680	45210	67510	122570	160560	98070	22640	176710	119840	40410	31870	172980	100670	113330	0	111650	138830	145220	121050	137410	103210	158940	110890	136310	90620	61860	114680	123980	145800	100400	136160	172980	139160	120310	161020	56550	
18810	30870	11590	73810	72910	95980	64510	77810	36480	60840	32300	10720	55690	111370	30360	78170	64450	71600	98780	67640	45030	28710	98140	65870	61530	38950	29700	67870	60340	72830	22450	94780	24180	46840	102060	88400	78780	40410	76950	59410	84470	84390	82480	82470	62510	49770	103270	85010	15570	111050	81570	89900	65520	30610	111930	0	41660	45620	24910	56720	51930	61390	58730	32940	24440	66830	20710	19280	48420	25010	38070	85520	80140	13470	86081	88420	
55780	18740	31230	37920	86380	120290	84740	75090	74310	39670	11350	33400	68040	142870	68730	108221	43280	108930	136610	96231	24670	46410	128151	94090	61950	69180	36010	84120	98170	102631	30870	129321	53860	53370	134160	103630	116110	64310	105911	89211	114701	120920	120310	66420	65700	83421	125770	91980	27930	147580	114500	110332	63420	60411	139170	41810	0	44220	19850	85311	84961	21910	54530	39240	62880	104660	46641	34970	55450	38580	42200	48330	110291	31670	53040	103510	
56270	52480	40360	59380	112200	132370	44750	38590	67620	83150	48540	44570	28050	142680	59150	82720	86760	102440	119684	59870	25670	68000	105920	103870	21000	78910	18160	44130	87680	74200	27560	109500	64140	12000	133370	63440	108780	80370	71521	63830	92640	113980	107280	111280	24750	64240	138373	49550	36830	139980	112880	70211	100810	41310	144340	46060	43800	0	46880	55390	65780	53400	92560	24240	56780	94340	31160	27990	15400	62320	9670	82300	87320	34770	93200	128380	
38680	8280	18560	56230	72930	103380	79440	79990	57210	41890	9160	16300	66221	125960	51790	97450	45500	91220	119510	86670	33820	29510	117380	77180	64610	51040	30940	81130	81070	91860	23420	116360	35720	54260	116850	101171	98400	47400	96500	78440	103930	103000	103210	68640	68360	71670	108860	93330	15800	129660	96360	106492	55720	49640	122260	25870	19670	46880	0	75750	73540	41010	48450	34170	45870	87560	37420	25200	56340	21670	41280	63200	99520	19540	65630	90570	
58220	82200	62160	109060	118750	126180	19350	67980	57810	114940	82440	63130	35590	135860	52450	29500	118981	89520	88141	11810	75350	77050	58371	100090	56990	79290	53140	24120	74500	20980	57110	77221	70830	46930	126550	39210	96040	85750	21100	10610	45091	101240	85230	140930	56380	41760	132391	52720	61780	119080	106060	36470	120330	27260	137520	57040	84781	55610	75050	0	39060	99810	112830	58080	54650	81600	39020	52540	44950	78830	49140	129170	34100	56400	133481	129620	
40100	79410	59940	113520	93850	97863	52450	89010	29710	109270	80220	59260	59230	99910	27740	40230	113871	54410	58574	49360	79870	65210	51100	71990	73510	54390	56630	56140	38070	44560	59640	48390	52600	60610	92190	76040	59550	62490	57940	31190	37820	64750	48250	129980	73710	5490	103343	84620	59560	82100	71400	73310	109210	26430	103160	52140	84981	65780	72830	39560	0	104260	105770	62070	34690	45110	39910	53440	59110	67460	56620	129481	41590	54180	133681	103190	
75530	37170	50340	21230	99870	138720	94420	77510	93941	42940	32450	52510	77720	163090	87840	126050	45060	128680	156241	107180	31830	64840	147020	112520	68420	89200	48990	93800	117801	119020	47790	149390	73880	63050	152590	113310	135860	82740	119800	107250	132530	140670	139941	68650	71990	102530	144200	98330	47040	168511	134520	120081	75750	78260	159390	60920	22020	53900	41230	99660	104070	0	66700	52200	81990	124291	66650	52160	65130	57010	51880	29680	128120	50780	43430	116550	
67170	42320	56060	87150	42340	86430	120590	126270	78670	30120	47290	52410	110720	117230	78270	134500	28280	95330	132600	123720	77750	41120	154430	69090	110890	56910	76280	123950	94560	128910	68760	137200	53460	99561	108930	144530	100530	46940	133550	115490	140980	103110	114770	25240	114640	102411	89310	140060	60040	125441	91820	146500	11290	85580	111150	58210	54930	93160	48290	112800	105491	66430	0	79510	71630	95290	74740	67710	101151	38660	86620	66650	136570	60610	54930	57780	
43450	51290	32000	76050	102170	119290	49960	59500	54540	84880	50330	36210	37380	129600	46070	74240	88490	89360	107764	58720	42400	57970	94000	90790	43220	66610	19160	51500	74600	67210	23730	97580	51840	28530	120290	71250	95700	68070	68540	55480	80720	100900	95360	110940	44200	52320	125293	66700	31620	126900	99800	77530	93990	28290	131260	34090	52710	28480	44140	48530	53860	66790	87200	0	43700	81260	18080	21240	30110	53960	19420	95690	76310	26240	102010	116080	
7070	50040	32970	94550	65650	77300	64300	87390	13320	77510	52100	31890	61930	88330	8660	70610	81120	48440	75620	65850	64780	31050	85391	48270	71110	26190	43330	67880	37180	69810	40720	72630	18440	56420	79020	88640	55620	32580	75160	56440	72111	61230	59320	95350	72090	32801	84023	90250	36280	87890	58530	88110	75050	28230	89990	24000	62400	56770	44710	54930	35540	82130	71610	47170	0	43670	26360	34840	58000	33840	47710	106140	71900	32470	104331	76520	
49350	89520	75310	137530	77880	64772	92790	122570	31180	114190	94390	74230	94620	57720	38900	81290	115570	11210	34850	92560	105980	62740	76560	43540	107070	44780	82740	96480	8670	87810	81700	39450	51750	93450	51090	116480	17360	48400	101870	76010	66540	22560	17870	119240	107270	40230	65620	122340	79260	48560	30300	115860	95270	58410	62060	66980	104900	95110	86580	81640	45370	125110	95470	87830	44150	0	64570	75500	92670	69380	86050	146540	81620	75190	142570	74740	
27900	43860	23820	76120	88040	102380	45320	61800	37630	76980	44100	25960	38830	112690	29160	62450	80590	72450	94090	50370	42470	43840	82030	73880	45520	51800	19230	48680	57690	57110	20640	84160	37710	30830	103380	69210	78790	53940	59680	43690	68750	83990	79940	99120	46500	38260	108383	68150	23440	109990	82890	72200	82170	14890	114350	20860	46371	31180	36710	39450	39800	66760	75380	24670	26790	64350	0	14830	32330	41660	22120	90871	64420	18060	95071	101950	
32350	31200	12850	64720	84520	110960	54880	63161	47390	64790	31050	17060	43361	122380	39240	76330	68400	82510	106640	63170	31850	40320	95930	80850	45170	53930	11110	57540	68740	70990	7440	97700	38970	32191	113070	77290	89690	54590	72680	57570	82650	95040	90990	91532	47861	51800	117990	71141	12470	121040	92580	82450	74840	28790	124040	19360	34670	28240	24050	52450	53340	52300	68050	14350	35280	75400	14880	0	33781	34810	19870	79170	78320	7090	83250	102160	
56680	60971	44921	70720	115400	132370	30130	30890	67030	93981	58351	49131	13430	142680	58560	69960	97591	100940	112914	45250	37010	71200	96560	103870	15390	79840	24231	29510	86180	61440	33711	102730	65070	4420	133370	48820	107280	81300	56901	51070	83280	112480	100510	121333	15590	57470	138373	38650	42981	134360	112880	55591	107151	35020	144340	47320	55140	15140	53931	43920	59010	64740	100121	30391	56780	92840	31160	32381	0	66881	15800	93650	74560	39161	104550	129310	
28980	21380	23300	75520	51260	81980	86020	97771	44800	45330	28530	19650	76330	104560	41090	99560	48940	72910	102860	89350	53500	8100	118680	55780	79780	32730	44850	89380	66910	94170	37230	104010	19590	66801	95850	109650	80090	26000	99180	80750	104541	84690	85880	62820	82471	65231	87460	105650	27280	111350	78050	112130	44920	52230	100860	24950	38890	62240	21110	78430	67960	56970	39080	48080	34450	69620	41480	34950	68391	0	54480	74690	101160	27850	72480	68900	
47580	47590	32140	61050	103810	123510	45100	45300	58760	80600	44970	36350	28850	133820	50290	76310	84210	93580	110574	56500	27340	59610	96810	95010	26560	70520	10850	44480	78820	67790	20330	100390	55750	14240	124510	63790	99920	71980	68380	57420	83530	105120	98170	107952	30000	55130	129513	53310	29600	131120	104020	69121	93990	32200	135480	37670	42080	9630	40550	48980	56670	51800	87200	17010	47920	85480	22300	19600	16320	54100	0	80700	79120	26380	91600	119990	
99510	59120	75240	32740	103841	147931	124260	102130	118040	43350	54400	77130	106430	178920	112620	152362	40251	147640	181623	139250	59810	82830	172292	130140	93320	107460	77700	123640	142061	146772	75541	173462	93940	91760	170210	142770	155950	100730	150052	133352	158842	160550	164230	63181	96890	127562	151611	123370	71940	186951	152870	149921	72481	104552	173451	85820	48540	82610	63580	129060	129102	29910	66691	80910	106700	145480	90782	79311	93840	75000	80590	0	154432	75680	21840	119281	
76590	105490	84780	136560	135160	140090	49760	97520	69370	138270	105730	85750	65770	132800	66980	7130	142311	88550	73290	41320	102410	98580	27780	112120	87130	94520	79170	54530	75090	23350	82880	59720	89200	78780	128430	68880	92440	102620	49900	26150	19100	97640	78060	162470	86520	47561	142960	83130	84400	111910	107640	65270	142380	48900	139400	79660	109611	87450	98340	34030	42221	127300	136160	84610	71290	82130	63610	77410	75252	100530	78290	154111	0	79020	158311	145560	
27520	25800	5760	63540	77580	104380	59890	69911	45190	59390	26040	9970	49080	118571	38110	77650	63000	80310	105900	67120	32310	33380	97620	74270	51920	47350	17250	63200	68000	72310	9630	98660	32030	38941	109261	82950	87490	47650	76430	58890	83950	92861	90250	84700	54611	52300	111050	77891	5380	119521	88771	87460	67750	30090	120231	12990	31490	34640	18650	56200	53990	51120	60960	20480	33150	74660	17870	7090	40531	27720	26620	75360	79620	0	79100	95220	
98051	60280	79221	53440	92210	136300	134390	121170	115691	32390	58530	79041	116560	167100	111161	156122	28620	143630	181841	144132	72120	80320	185282	122010	109880	104950	84511	133770	139551	150532	79301	177222	91430	101890	159080	153280	150810	95140	153812	137112	162602	154250	162571	45080	113450	131322	139180	141630	75921	178631	144740	160051	60850	108312	161020	86391	53130	92740	66130	133212	132862	42940	55060	87741	104951	143860	94542	83071	103970	72490	90720	21720	158192	79661	0	107650	
76890	86310	90880	137211	18560	31440	138290	159930	73960	83051	93460	87370	137070	62240	80510	143480	81211	67460	108440	139840	122190	62260	152700	34320	143100	53070	112430	141870	75370	143300	104810	113040	63910	128410	56940	162630	72640	49380	149670	129810	140650	70580	89690	69411	144080	99200	34320	165440	94860	89830	57440	162620	47511	102220	56160	88160	103781	128280	89800	128920	103381	116491	57731	115660	76610	75030	101610	102160	129990	68690	119700	119581	144770	95330	107861	0	

0	                                     Rickmansworth	0	0	32400	0

1	                                         Wokingham	315	12249	15654	630
2	                                       Old_Windsor	534	6580	10492	1068
3	                                       Petersfield	511	18587	22720	1022
4	                                          Bicester	588	25143	27670	1176
5	                                      Hardingstone	705	10238	12676	1410
6	                                          Shoreham	707	21693	24693	1414
7	                                    Haywards_Heath	497	10443	13468	994
8	                                      Saint_Albans	788	2825	5170	1576
9	                                          Thatcham	542	10174	14277	1084
10	                                        Crowthorne	195	8310	10827	390
11	                                           Windsor	723	18016	21115	1446
12	                                             Oxted	548	14634	19320	1096
13	                                            Raunds	781	9261	13191	1562
14	                                           Radlett	761	19953	24626	1522
15	                                          Basildon	483	22201	25039	966
16	                                           Newbury	243	12262	15747	486
17	                                            Henlow	410	23001	26042	820
18	                                           Sawston	365	5173	9809	730
19	                                         Longfield	513	15954	18965	1026
20	                                         Godalming	445	12035	14338	890
21	                                      High_Wycombe	673	13971	16496	1346
22	                                            Witham	427	18180	22277	854
23	                                         Bletchley	359	20224	24534	718
24	                                           Crawley	785	7100	10599	1570
25	                                             Tring	297	10926	14128	594
26	                                            Cobham	442	20719	23238	884
27	                                         Sevenoaks	129	13950	17707	258
28	                                         Stevenage	577	10038	14162	1154
29	                                           Tilbury	551	18346	22060	1102
30	                                        Addlestone	754	2853	6682	1508
31	                                    Saffron_Walden	597	24631	27571	1194
32	                                          Amersham	603	8469	11204	1206
33	                                           Reigate	475	7797	10507	950
34	                                           Rushden	318	24810	26846	636
35	                                      Paddock_Wood	312	19980	23395	624
36	                                       Biggleswade	332	10732	13785	664
37	                                          Wendover	256	2778	6245	512
38	                                            Strood	480	20228	23600	960
39	                                            Aveley	346	25175	27649	692
40	                                        Chelmsford	184	24870	28000	368
41	                                             Sandy	510	13693	18462	1020
42	                                           Royston	488	20265	24125	976
43	                                         Hartshill	258	17475	22213	516
44	                                       Maidenbower	501	16187	18282	1002
45	                                          Cheshunt	533	8213	11934	1066
46	                                       Northampton	737	5543	10487	1474
47	                                       Crowborough	527	8896	12075	1054
48	                                             Egham	634	9815	12397	1268
49	                                        Huntingdon	173	14086	19077	346
50	                                           Bedford	823	11289	15840	1646
51	                                         Maidstone	625	19956	23796	1250
52	                                          Abingdon	266	17417	20645	532
53	                                            London	803	24706	28342	1606
54	                                    Burton_Latimer	728	24152	26176	1456
55	                                              Iver	725	26351	29763	1450
56	                                             Fleet	376	24173	28900	752
57	                                           Dorking	639	9857	12543	1278
58	                                         Bracknell	199	19197	21785	398
59	                                          Dartford	683	22843	27413	1366
60	                                     Waltham_Abbey	662	16090	20847	1324
61	                                             Alton	595	22656	26205	1190
62	                                            Didcot	558	17952	22844	1116
63	                                             Esher	324	11678	15998	648
64	                                           Watford	268	24382	26939	536
65	                                        Letchworth	724	6982	10956	1448
66	                                          Richmond	329	22876	26473	658
67	                                        Shepperton	160	2079	5673	320
68	                                           Redhill	681	10210	13330	1362
69	                                            Marlow	196	11079	13386	392
70	                                       Leatherhead	719	6513	9793	1438
71	                                        Winchester	259	17817	19998	518
72	                                          Wickford	264	13823	16604	528
73	                                           Staines	505	12166	15700	1010
74	                                           Andover	102	20549	24723	204
75	                                          Brackley	188	25869	28863	376
