NAME : ../data/HC_data/case20/case_1_20_4_2_4.hhcrp
TYPE : HHCRP
COMMENT : Bredstrom, Ronnqvist 2008
PATIENTS : 18
SERVICES : 20
CARE_WORKERS : 4
SUBCONTRACTING : 0
CONTINUITY_OF_CARE : 0
BREAK : 0
OVERTIME : 0
TARDINESS : 0
HORIZON : 1
STARTING_HOUR : 0
ENDING_HOUR : 695
MAP_MIN_WIDTH : 0
MAP_MAX_WIDTH : 10000
MAP_MIN_HEIGHT : 0
MAP_MAX_HEIGHT : 10000
WEEK_SECTION
1 1
PATIENT_DISTANCE_SECTION
1 0
2 3 0
3 23 23 0
4 40 42 35 0
5 41 43 36 2 0
6 22 23 25 20 20 0
7 23 25 35 27 27 12 0
8 4 4 20 39 40 21 24 0
9 32 33 23 13 14 15 26 30 0
10 28 29 22 14 15 10 22 26 5 0
11 28 29 17 18 19 15 27 26 6 7 0
12 36 38 35 7 7 15 21 35 14 13 19 0
13 2 3 23 39 40 21 23 3 31 27 27 35 0
14 38 39 31 4 6 18 27 36 9 11 14 8 37 0
15 36 37 24 14 15 20 31 34 6 10 8 17 35 10 0
16 40 40 19 29 30 31 43 36 19 22 16 32 39 25 16 0
17 24 24 7 28 29 20 31 21 16 15 10 28 23 24 17 16 0
18 12 14 25 31 32 12 13 12 25 20 23 26 11 29 30 37 23 0
PATIENT_SERVICES_SECTION
1 8 3
2 18 1
3 2
4 4
5 5
6 6
7 7
8 9
9 10
10 11
11 12
12 13
13 14
14 15
15 16
16 17
17 19
18 20
SERVICE_PROCESSING_TIME_SECTION
1 139
2 37
3 32
4 102
5 72
6 75
7 49
8 32
9 107
10 37
11 25
12 88
13 47
14 118
15 131
16 63
17 52
18 139
19 69
20 98
SERVICE_AVAILABILITY_DAYS_SECTION
1 1
2 1
3 1
4 1
5 1
6 1
7 1
8 1
9 1
10 1
11 1
12 1
13 1
14 1
15 1
16 1
17 1
18 1
19 1
20 1
SERVICE_TIME_WINDOWS_SECTION
1 1 45 313
2 1 284 439
3 1 299 497
4 1 373 674
5 1 444 684
6 1 0 138
7 1 0 183
8 1 299 497
9 1 343 558
10 1 496 784
11 1 0 139
12 1 0 140
13 1 56 309
14 1 122 398
15 1 248 533
16 1 0 152
17 1 0 179
18 1 45 313
19 1 222 459
20 1 274 575
SERVICE_DELAY_MIN_HOUR_SECTION
1 18 0
2
3 8 0
4
5
6
7
8 3 0
9
10
11
12
13
14
15
16
17
18 1 0
19
20
SERVICE_DELAY_MAX_HOUR_SECTION
1 18 0
2
3 8 0
4
5
6
7
8 3 0
9
10
11
12
13
14
15
16
17
18 1 0
19
20
CARE_WORKER_PATIENT_ORIGIN_DESTINATION_DISTANCE_SECTION
1 1 20 20
1 2 21 21
1 3 18 18
1 4 22 22
1 5 23 23
1 6 7 7
1 7 18 18
1 8 18 18
1 9 13 13
1 10 9 9
1 11 11 11
1 12 19 19
1 13 19 19
1 14 19 19
1 15 17 17
1 16 26 26
1 17 13 13
1 18 13 13
2 1 20 20
2 2 21 21
2 3 18 18
2 4 22 22
2 5 23 23
2 6 7 7
2 7 18 18
2 8 18 18
2 9 13 13
2 10 9 9
2 11 11 11
2 12 19 19
2 13 19 19
2 14 19 19
2 15 17 17
2 16 26 26
2 17 13 13
2 18 13 13
3 1 20 20
3 2 21 21
3 3 18 18
3 4 22 22
3 5 23 23
3 6 7 7
3 7 18 18
3 8 18 18
3 9 13 13
3 10 9 9
3 11 11 11
3 12 19 19
3 13 19 19
3 14 19 19
3 15 17 17
3 16 26 26
3 17 13 13
3 18 13 13
4 1 20 20
4 2 21 21
4 3 18 18
4 4 22 22
4 5 23 23
4 6 7 7
4 7 18 18
4 8 18 18
4 9 13 13
4 10 9 9
4 11 11 11
4 12 19 19
4 13 19 19
4 14 19 19
4 15 17 17
4 16 26 26
4 17 13 13
4 18 13 13
CARE_WORKER_AVAILABILITY_DAYS_SECTION
1 1
2 1
3 1
4 1
CARE_WORKER_TIME_WINDOWS_SECTION
1 1 0 695
2 1 0 695
3 1 0 695
4 1 0 695
CARE_WORKER_SERVICE_AUTHORIZED_TO_CARE_SECTION
1 1 2 3 4 5 6 7 8 9 10 11 12 13 14 15 16 17 18 19 20
2 1 2 3 4 5 6 7 8 9 10 11 12 13 14 15 16 17 18 19 20
3 1 2 3 4 5 6 7 8 9 10 11 12 13 14 15 16 17 18 19 20
4 1 2 3 4 5 6 7 8 9 10 11 12 13 14 15 16 17 18 19 20
CARE_WORKER_MAX_DAILY_WORKING_TIME_SECTION
1 1 695
2 1 695
3 1 695
4 1 695
COST_SERVICE_CARE_WORKER_DAY_SECTION
1 1 1 8.03426
1 2 1 -5.66262
1 3 1 6.53796
1 4 1 -8.66943
2 1 1 -3.38322
2 2 1 -8.96658
2 3 1 8.60788
2 4 1 -7.61551
3 1 1 2.1362
3 2 1 -3.52163
3 3 1 7.17625
3 4 1 5.54346
4 1 1 -3.88341
4 2 1 -0.4843
4 3 1 -1.54449
4 4 1 1.01122
5 1 1 4.55141
5 2 1 0.732955
5 3 1 -3.8707
5 4 1 -6.75281
6 1 1 3.12204
6 2 1 -1.4453
6 3 1 -0.539143
6 4 1 -7.97114
7 1 1 2.86114
7 2 1 4.4827
7 3 1 -2.79248
7 4 1 -0.14593
8 1 1 2.1362
8 2 1 -3.52163
8 3 1 7.17625
8 4 1 5.54346
9 1 1 -1.32762
9 2 1 -7.93115
9 3 1 5.35733
9 4 1 -5.72057
10 1 1 8.49508
10 2 1 -7.46094
10 3 1 1.32516
10 4 1 -4.43543
11 1 1 9.8952
11 2 1 9.35611
11 3 1 -5.38767
11 4 1 -1.22033
12 1 1 -6.84411
12 2 1 8.64485
12 3 1 8.02778
12 4 1 -4.2758
13 1 1 1.60586
13 2 1 3.24896
13 3 1 7.90562
13 4 1 2.32222
14 1 1 -9.26638
14 2 1 -3.39987
14 3 1 0.416465
14 4 1 -4.56176
15 1 1 2.67353
15 2 1 -5.89075
15 3 1 -2.19109
15 4 1 -9.15483
16 1 1 -9.69092
16 2 1 -1.78686
16 3 1 4.93764
16 4 1 0.639912
17 1 1 -6.11015
17 2 1 -5.91461
17 3 1 2.29685
17 4 1 4.93139
18 1 1 8.03426
18 2 1 -5.66262
18 3 1 6.53796
18 4 1 -8.66943
19 1 1 -2.50351
19 2 1 2.47554
19 3 1 0.719842
19 4 1 -3.92663
20 1 1 -8.45702
20 2 1 -1.32223
20 3 1 6.55635
20 4 1 -1.26598
EOF
