NAME : ../data/HC_data/case20/case_2_20_4_2_4.hhcrp
TYPE : HHCRP
COMMENT : Bredstrom, Ronnqvist 2008
PATIENTS : 18
SERVICES : 20
CARE_WORKERS : 4
SUBCONTRACTING : 0
CONTINUITY_OF_CARE : 0
BREAK : 0
OVERTIME : 0
TARDINESS : 0
HORIZON : 1
STARTING_HOUR : 0
ENDING_HOUR : 730
MAP_MIN_WIDTH : 0
MAP_MAX_WIDTH : 10000
MAP_MIN_HEIGHT : 0
MAP_MAX_HEIGHT : 10000
WEEK_SECTION
1 1
PATIENT_DISTANCE_SECTION
1 0
2 33 0
3 13 28 0
4 4 30 11 0
5 25 24 13 23 0
6 15 23 19 12 27 0
7 17 38 11 17 19 28 0
8 16 26 23 14 31 5 31 0
9 42 16 32 38 22 35 41 39 0
10 11 33 7 11 18 22 7 24 38 0
11 19 20 22 16 28 5 32 7 33 25 0
12 12 23 16 9 24 4 25 7 35 18 8 0
13 34 18 23 31 11 31 30 35 11 28 30 29 0
14 41 9 33 37 26 31 43 34 10 39 28 31 18 0
15 14 20 13 10 20 7 23 11 30 17 9 5 25 28 0
16 26 18 28 23 32 11 38 12 33 31 7 14 32 26 15 0
17 22 31 10 20 9 28 12 32 30 12 30 25 20 34 21 35 0
18 19 15 13 15 15 13 24 17 24 19 13 12 18 22 7 17 19 0
PATIENT_SERVICES_SECTION
1 13 4
2 19 3
3 20
4 1
5 2
6 5
7 6
8 7
9 8
10 9
11 10
12 11
13 12
14 14
15 15
16 16
17 17
18 18
SERVICE_PROCESSING_TIME_SECTION
1 58
2 92
3 52
4 102
5 61
6 111
7 32
8 71
9 63
10 77
11 24
12 15
13 102
14 76
15 46
16 51
17 84
18 105
19 52
20 79
SERVICE_AVAILABILITY_DAYS_SECTION
1 1
2 1
3 1
4 1
5 1
6 1
7 1
8 1
9 1
10 1
11 1
12 1
13 1
14 1
15 1
16 1
17 1
18 1
19 1
20 1
SERVICE_TIME_WINDOWS_SECTION
1 1 0 126
2 1 0 140
3 1 237 523
4 1 251 562
5 1 356 645
6 1 0 125
7 1 25 347
8 1 136 399
9 1 247 506
10 1 365 630
11 1 0 187
12 1 0 247
13 1 251 562
14 1 435 710
15 1 540 726
16 1 0 135
17 1 0 265
18 1 95 345
19 1 237 523
20 1 272 550
SERVICE_DELAY_MIN_HOUR_SECTION
1
2
3 19 0
4 13 0
5
6
7
8
9
10
11
12
13 4 0
14
15
16
17
18
19 3 0
20
SERVICE_DELAY_MAX_HOUR_SECTION
1
2
3 19 0
4 13 0
5
6
7
8
9
10
11
12
13 4 0
14
15
16
17
18
19 3 0
20
CARE_WORKER_PATIENT_ORIGIN_DESTINATION_DISTANCE_SECTION
1 1 18 18
1 2 18 18
1 3 10 10
1 4 15 15
1 5 12 12
1 6 16 16
1 7 21 21
1 8 20 20
1 9 24 24
1 10 16 16
1 11 16 16
1 12 13 13
1 13 17 17
1 14 24 24
1 15 9 9
1 16 21 21
1 17 15 15
1 18 4 4
2 1 18 18
2 2 18 18
2 3 10 10
2 4 15 15
2 5 12 12
2 6 16 16
2 7 21 21
2 8 20 20
2 9 24 24
2 10 16 16
2 11 16 16
2 12 13 13
2 13 17 17
2 14 24 24
2 15 9 9
2 16 21 21
2 17 15 15
2 18 4 4
3 1 18 18
3 2 18 18
3 3 10 10
3 4 15 15
3 5 12 12
3 6 16 16
3 7 21 21
3 8 20 20
3 9 24 24
3 10 16 16
3 11 16 16
3 12 13 13
3 13 17 17
3 14 24 24
3 15 9 9
3 16 21 21
3 17 15 15
3 18 4 4
4 1 18 18
4 2 18 18
4 3 10 10
4 4 15 15
4 5 12 12
4 6 16 16
4 7 21 21
4 8 20 20
4 9 24 24
4 10 16 16
4 11 16 16
4 12 13 13
4 13 17 17
4 14 24 24
4 15 9 9
4 16 21 21
4 17 15 15
4 18 4 4
CARE_WORKER_AVAILABILITY_DAYS_SECTION
1 1
2 1
3 1
4 1
CARE_WORKER_TIME_WINDOWS_SECTION
1 1 0 730
2 1 0 730
3 1 0 730
4 1 0 730
CARE_WORKER_SERVICE_AUTHORIZED_TO_CARE_SECTION
1 1 2 3 4 5 6 7 8 9 10 11 12 13 14 15 16 17 18 19 20
2 1 2 3 4 5 6 7 8 9 10 11 12 13 14 15 16 17 18 19 20
3 1 2 3 4 5 6 7 8 9 10 11 12 13 14 15 16 17 18 19 20
4 1 2 3 4 5 6 7 8 9 10 11 12 13 14 15 16 17 18 19 20
CARE_WORKER_MAX_DAILY_WORKING_TIME_SECTION
1 1 730
2 1 730
3 1 730
4 1 730
COST_SERVICE_CARE_WORKER_DAY_SECTION
1 1 1 -9.73719
1 2 1 6.33885
1 3 1 7.96275
1 4 1 -6.70585
2 1 1 -6.80238
2 2 1 -0.351053
2 3 1 5.7713
2 4 1 4.66877
3 1 1 -2.70873
3 2 1 -7.23444
3 3 1 1.01149
3 4 1 1.44597
4 1 1 -2.09617
4 2 1 -5.77654
4 3 1 9.70191
4 4 1 -2.06416
5 1 1 9.68436
5 2 1 0.276004
5 3 1 5.32821
5 4 1 6.937
6 1 1 9.08798
6 2 1 0.712472
6 3 1 8.14769
6 4 1 -9.67958
7 1 1 9.75851
7 2 1 -6.22791
7 3 1 -0.687269
7 4 1 -0.951247
8 1 1 -9.94918
8 2 1 1.55451
8 3 1 7.12758
8 4 1 -9.42473
9 1 1 -0.621977
9 2 1 4.42717
9 3 1 -1.91812
9 4 1 -6.10767
10 1 1 6.28171
10 2 1 -7.92786
10 3 1 -3.90938
10 4 1 -6.55472
11 1 1 7.61228
11 2 1 9.25785
11 3 1 9.52828
11 4 1 -0.960986
12 1 1 3.4372
12 2 1 6.70266
12 3 1 9.21519
12 4 1 -3.02779
13 1 1 -2.09617
13 2 1 -5.77654
13 3 1 9.70191
13 4 1 -2.06416
14 1 1 -1.44765
14 2 1 -6.38281
14 3 1 9.3011
14 4 1 -3.42188
15 1 1 -9.65748
15 2 1 3.33094
15 3 1 -9.45394
15 4 1 -3.15861
16 1 1 0.133606
16 2 1 4.77628
16 3 1 -0.934027
16 4 1 -9.12834
17 1 1 -0.260565
17 2 1 4.7261
17 3 1 9.64123
17 4 1 2.4499
18 1 1 -7.42377
18 2 1 2.3151
18 3 1 -7.95609
18 4 1 0.969326
19 1 1 -2.70873
19 2 1 -7.23444
19 3 1 1.01149
19 4 1 1.44597
20 1 1 4.08202
20 2 1 -5.89803
20 3 1 6.14236
20 4 1 -2.41157
EOF
