NAME : ../data/HC_data/case20/case_3_20_4_2_3.hhcrp
TYPE : HHCRP
COMMENT : Bredstrom, Ronnqvist 2008
PATIENTS : 18
SERVICES : 20
CARE_WORKERS : 4
SUBCONTRACTING : 0
CONTINUITY_OF_CARE : 0
BREAK : 0
OVERTIME : 0
TARDINESS : 0
HORIZON : 1
STARTING_HOUR : 0
ENDING_HOUR : 702
MAP_MIN_WIDTH : 0
MAP_MAX_WIDTH : 10000
MAP_MIN_HEIGHT : 0
MAP_MAX_HEIGHT : 10000
WEEK_SECTION
1 1
PATIENT_DISTANCE_SECTION
1 0
2 16 0
3 19 6 0
4 31 24 19 0
5 28 18 13 7 0
6 22 16 12 10 7 0
7 11 16 21 38 33 28 0
8 18 27 26 26 26 19 29 0
9 9 8 11 26 21 16 13 21 0
10 6 21 24 34 31 24 15 16 14 0
11 26 24 20 11 13 9 34 16 23 27 0
12 15 31 34 44 41 34 21 22 24 11 36 0
13 19 34 37 47 44 37 23 24 27 14 39 4 0
14 3 16 18 29 26 20 14 16 9 6 23 16 19 0
15 10 9 10 22 18 12 17 18 5 14 19 25 28 9 0
16 15 7 13 31 25 23 10 30 9 20 30 29 32 16 13 0
17 9 22 24 31 29 22 20 11 16 5 23 13 16 8 14 23 0
18 15 4 10 28 22 19 13 28 8 20 27 29 32 15 11 4 22 0
PATIENT_SERVICES_SECTION
1 14 5
2 2
3 7 1
4 3
5 4
6 6
7 8
8 9
9 10
10 11
11 12
12 13
13 15
14 16
15 17
16 18
17 19
18 20
SERVICE_PROCESSING_TIME_SECTION
1 58
2 98
3 99
4 58
5 93
6 101
7 58
8 121
9 88
10 65
11 94
12 69
13 105
14 93
15 49
16 78
17 85
18 61
19 74
20 112
SERVICE_AVAILABILITY_DAYS_SECTION
1 1
2 1
3 1
4 1
5 1
6 1
7 1
8 1
9 1
10 1
11 1
12 1
13 1
14 1
15 1
16 1
17 1
18 1
19 1
20 1
SERVICE_TIME_WINDOWS_SECTION
1 1 5 214
2 1 74 297
3 1 221 433
4 1 289 475
5 1 448 633
6 1 0 92
7 1 5 214
8 1 92 316
9 1 260 434
10 1 408 555
11 1 0 108
12 1 82 270
13 1 114 383
14 1 448 633
15 1 534 764
16 1 0 150
17 1 6 190
18 1 123 258
19 1 142 404
20 1 298 523
SERVICE_DELAY_MIN_HOUR_SECTION
1 7 0
2
3
4
5 14 0
6
7 1 0
8
9
10
11
12
13
14 5 0
15
16
17
18
19
20
SERVICE_DELAY_MAX_HOUR_SECTION
1 7 0
2
3
4
5 14 0
6
7 1 0
8
9
10
11
12
13
14 5 0
15
16
17
18
19
20
CARE_WORKER_PATIENT_ORIGIN_DESTINATION_DISTANCE_SECTION
1 1 12 12
1 2 18 18
1 3 18 18
1 4 23 23
1 5 21 21
1 6 14 14
1 7 22 22
1 8 9 9
1 9 13 13
1 10 12 12
1 11 15 15
1 12 21 21
1 13 24 24
1 14 9 9
1 15 10 10
1 16 22 22
1 17 9 9
1 18 20 20
2 1 12 12
2 2 18 18
2 3 18 18
2 4 23 23
2 5 21 21
2 6 14 14
2 7 22 22
2 8 9 9
2 9 13 13
2 10 12 12
2 11 15 15
2 12 21 21
2 13 24 24
2 14 9 9
2 15 10 10
2 16 22 22
2 17 9 9
2 18 20 20
3 1 12 12
3 2 18 18
3 3 18 18
3 4 23 23
3 5 21 21
3 6 14 14
3 7 22 22
3 8 9 9
3 9 13 13
3 10 12 12
3 11 15 15
3 12 21 21
3 13 24 24
3 14 9 9
3 15 10 10
3 16 22 22
3 17 9 9
3 18 20 20
4 1 12 12
4 2 18 18
4 3 18 18
4 4 23 23
4 5 21 21
4 6 14 14
4 7 22 22
4 8 9 9
4 9 13 13
4 10 12 12
4 11 15 15
4 12 21 21
4 13 24 24
4 14 9 9
4 15 10 10
4 16 22 22
4 17 9 9
4 18 20 20
CARE_WORKER_AVAILABILITY_DAYS_SECTION
1 1
2 1
3 1
4 1
CARE_WORKER_TIME_WINDOWS_SECTION
1 1 0 702
2 1 0 702
3 1 0 702
4 1 0 702
CARE_WORKER_SERVICE_AUTHORIZED_TO_CARE_SECTION
1 1 2 3 4 5 6 7 8 9 10 11 12 13 14 15 16 17 18 19 20
2 1 2 3 4 5 6 7 8 9 10 11 12 13 14 15 16 17 18 19 20
3 1 2 3 4 5 6 7 8 9 10 11 12 13 14 15 16 17 18 19 20
4 1 2 3 4 5 6 7 8 9 10 11 12 13 14 15 16 17 18 19 20
CARE_WORKER_MAX_DAILY_WORKING_TIME_SECTION
1 1 702
2 1 702
3 1 702
4 1 702
COST_SERVICE_CARE_WORKER_DAY_SECTION
1 1 1 6.65068
1 2 1 1.06373
1 3 1 8.11425
1 4 1 -3.50999
2 1 1 -6.48049
2 2 1 5.53574
2 3 1 -7.76213
2 4 1 9.26822
3 1 1 3.09003
3 2 1 3.18328
3 3 1 8.54971
3 4 1 -5.14163
4 1 1 -4.74918
4 2 1 1.5805
4 3 1 2.118
4 4 1 9.99391
5 1 1 -8.58108
5 2 1 -0.623234
5 3 1 -5.07899
5 4 1 -9.66004
6 1 1 8.13827
6 2 1 -6.02296
6 3 1 9.70738
6 4 1 4.62328
7 1 1 6.65068
7 2 1 1.06373
7 3 1 8.11425
7 4 1 -3.50999
8 1 1 -3.43505
8 2 1 1.12766
8 3 1 2.50871
8 4 1 -8.20911
9 1 1 2.49243
9 2 1 -3.79177
9 3 1 -6.06895
9 4 1 3.65571
10 1 1 9.45128
10 2 1 -2.11238
10 3 1 -7.15686
10 4 1 2.63386
11 1 1 4.12794
11 2 1 -6.82208
11 3 1 -4.58653
11 4 1 7.72331
12 1 1 8.31521
12 2 1 9.1462
12 3 1 1.18515
12 4 1 -1.09774
13 1 1 5.0535
13 2 1 -6.21806
13 3 1 -2.82056
13 4 1 8.26144
14 1 1 -8.58108
14 2 1 -0.623234
14 3 1 -5.07899
14 4 1 -9.66004
15 1 1 -4.85367
15 2 1 7.61357
15 3 1 1.7957
15 4 1 -5.9551
16 1 1 1.30955
16 2 1 -4.86538
16 3 1 -7.21581
16 4 1 -3.92844
17 1 1 4.46253
17 2 1 4.3897
17 3 1 -1.58667
17 4 1 -3.67371
18 1 1 1.63903
18 2 1 -4.18396
18 3 1 -2.38256
18 4 1 2.31984
19 1 1 -5.36229
19 2 1 2.86454
19 3 1 -5.1719
19 4 1 -6.57126
20 1 1 -6.06364
20 2 1 -0.167857
20 3 1 -1.9314
20 4 1 2.29511
EOF
