NAME : ../data/HC_data/case20/case_4_20_4_2_2.hhcrp
TYPE : HHCRP
COMMENT : Bredstrom, Ronnqvist 2008
PATIENTS : 18
SERVICES : 20
CARE_WORKERS : 4
SUBCONTRACTING : 0
CONTINUITY_OF_CARE : 0
BREAK : 0
OVERTIME : 0
TARDINESS : 0
HORIZON : 1
STARTING_HOUR : 0
ENDING_HOUR : 554
MAP_MIN_WIDTH : 0
MAP_MAX_WIDTH : 10000
MAP_MIN_HEIGHT : 0
MAP_MAX_HEIGHT : 10000
WEEK_SECTION
1 1
PATIENT_DISTANCE_SECTION
1 0
2 34 0
3 33 21 0
4 35 14 9 0
5 6 31 28 30 0
6 22 27 13 19 17 0
7 27 9 16 11 23 19 0
8 31 8 27 20 29 29 12 0
9 19 37 45 44 23 38 33 31 0
10 22 37 24 30 17 12 29 39 40 0
11 1 34 32 34 6 22 26 31 20 21 0
12 12 35 41 40 16 32 30 31 8 33 12 0
13 39 11 31 24 37 36 18 8 37 46 39 38 0
14 11 26 31 30 12 24 20 22 15 28 11 11 29 0
15 21 28 39 36 23 34 25 21 10 39 21 13 27 12 0
16 17 36 44 43 21 36 32 31 3 38 17 6 37 13 11 0
17 24 26 39 35 25 35 24 19 14 40 24 17 24 13 4 14 0
18 16 18 23 21 14 18 11 16 24 25 16 20 24 10 18 22 18 0
PATIENT_SERVICES_SECTION
1 20 14
2 18 12
3 1
4 2
5 3
6 4
7 5
8 6
9 7
10 8
11 9
12 10
13 11
14 13
15 15
16 16
17 17
18 19
SERVICE_PROCESSING_TIME_SECTION
1 68
2 180
3 50
4 120
5 24
6 64
7 71
8 66
9 41
10 93
11 42
12 74
13 82
14 85
15 84
16 17
17 46
18 74
19 83
20 85
SERVICE_AVAILABILITY_DAYS_SECTION
1 1
2 1
3 1
4 1
5 1
6 1
7 1
8 1
9 1
10 1
11 1
12 1
13 1
14 1
15 1
16 1
17 1
18 1
19 1
20 1
SERVICE_TIME_WINDOWS_SECTION
1 1 0 84
2 1 58 189
3 1 217 404
4 1 334 459
5 1 493 593
6 1 0 61
7 1 66 190
8 1 206 270
9 1 285 387
10 1 345 446
11 1 0 85
12 1 67 217
13 1 138 255
14 1 289 410
15 1 347 531
16 1 0 73
17 1 0 86
18 1 67 217
19 1 197 297
20 1 289 410
SERVICE_DELAY_MIN_HOUR_SECTION
1
2
3
4
5
6
7
8
9
10
11
12 18 0
13
14 20 0
15
16
17
18 12 0
19
20 14 0
SERVICE_DELAY_MAX_HOUR_SECTION
1
2
3
4
5
6
7
8
9
10
11
12 18 0
13
14 20 0
15
16
17
18 12 0
19
20 14 0
CARE_WORKER_PATIENT_ORIGIN_DESTINATION_DISTANCE_SECTION
1 1 15 15
1 2 20 20
1 3 21 21
1 4 21 21
1 5 11 11
1 6 15 15
1 7 12 12
1 8 19 19
1 9 25 25
1 10 22 22
1 11 15 15
1 12 20 20
1 13 27 27
1 14 11 11
1 15 20 20
1 16 23 23
1 17 21 21
1 18 4 4
2 1 15 15
2 2 20 20
2 3 21 21
2 4 21 21
2 5 11 11
2 6 15 15
2 7 12 12
2 8 19 19
2 9 25 25
2 10 22 22
2 11 15 15
2 12 20 20
2 13 27 27
2 14 11 11
2 15 20 20
2 16 23 23
2 17 21 21
2 18 4 4
3 1 15 15
3 2 20 20
3 3 21 21
3 4 21 21
3 5 11 11
3 6 15 15
3 7 12 12
3 8 19 19
3 9 25 25
3 10 22 22
3 11 15 15
3 12 20 20
3 13 27 27
3 14 11 11
3 15 20 20
3 16 23 23
3 17 21 21
3 18 4 4
4 1 15 15
4 2 20 20
4 3 21 21
4 4 21 21
4 5 11 11
4 6 15 15
4 7 12 12
4 8 19 19
4 9 25 25
4 10 22 22
4 11 15 15
4 12 20 20
4 13 27 27
4 14 11 11
4 15 20 20
4 16 23 23
4 17 21 21
4 18 4 4
CARE_WORKER_AVAILABILITY_DAYS_SECTION
1 1
2 1
3 1
4 1
CARE_WORKER_TIME_WINDOWS_SECTION
1 1 0 554
2 1 0 554
3 1 0 554
4 1 0 554
CARE_WORKER_SERVICE_AUTHORIZED_TO_CARE_SECTION
1 1 2 3 4 5 6 7 8 9 10 11 12 13 14 15 16 17 18 19 20
2 1 2 3 4 5 6 7 8 9 10 11 12 13 14 15 16 17 18 19 20
3 1 2 3 4 5 6 7 8 9 10 11 12 13 14 15 16 17 18 19 20
4 1 2 3 4 5 6 7 8 9 10 11 12 13 14 15 16 17 18 19 20
CARE_WORKER_MAX_DAILY_WORKING_TIME_SECTION
1 1 554
2 1 554
3 1 554
4 1 554
COST_SERVICE_CARE_WORKER_DAY_SECTION
1 1 1 -2.30701
1 2 1 -8.45376
1 3 1 0.703705
1 4 1 -8.09906
2 1 1 8.5475
2 2 1 3.53823
2 3 1 -9.74309
2 4 1 -0.670695
3 1 1 -8.21899
3 2 1 6.56398
3 3 1 -3.86297
3 4 1 8.25061
4 1 1 -4.31381
4 2 1 3.31036
4 3 1 -8.383
4 4 1 -1.99817
5 1 1 1.03702
5 2 1 9.87844
5 3 1 -0.712971
5 4 1 -1.74332
6 1 1 2.46679
6 2 1 -2.48582
6 3 1 -1.5397
6 4 1 -5.03829
7 1 1 -7.94533
7 2 1 4.9545
7 3 1 -7.85922
7 4 1 3.98102
8 1 1 -6.74515
8 2 1 5.55603
8 3 1 -2.95024
8 4 1 -3.41601
9 1 1 0.995168
9 2 1 -3.95459
9 3 1 -9.39871
9 4 1 -7.39046
10 1 1 -5.12531
10 2 1 3.18814
10 3 1 -1.34485
10 4 1 0.12805
11 1 1 -8.50266
11 2 1 9.10865
11 3 1 6.44266
11 4 1 7.67843
12 1 1 3.91134
12 2 1 9.46388
12 3 1 1.22136
12 4 1 -1.63518
13 1 1 -7.83694
13 2 1 0.135426
13 3 1 -2.82149
13 4 1 -0.673575
14 1 1 -9.42898
14 2 1 -4.37351
14 3 1 -2.50244
14 4 1 4.38737
15 1 1 -3.8727
15 2 1 7.82865
15 3 1 5.91618
15 4 1 -3.49353
16 1 1 -1.12495
16 2 1 8.89749
16 3 1 -1.98321
16 4 1 -3.7502
17 1 1 5.5139
17 2 1 8.15522
17 3 1 0.466
17 4 1 -1.84221
18 1 1 3.91134
18 2 1 9.46388
18 3 1 1.22136
18 4 1 -1.63518
19 1 1 6.49845
19 2 1 -4.63705
19 3 1 4.04154
19 4 1 5.3464
20 1 1 -9.42898
20 2 1 -4.37351
20 3 1 -2.50244
20 4 1 4.38737
EOF
