NAME : ../data/HC_data/case20/case_5_20_4_2_3.hhcrp
TYPE : HHCRP
COMMENT : Bredstrom, Ronnqvist 2008
PATIENTS : 18
SERVICES : 20
CARE_WORKERS : 4
SUBCONTRACTING : 0
CONTINUITY_OF_CARE : 0
BREAK : 0
OVERTIME : 0
TARDINESS : 0
HORIZON : 1
STARTING_HOUR : 0
ENDING_HOUR : 717
MAP_MIN_WIDTH : 0
MAP_MAX_WIDTH : 10000
MAP_MIN_HEIGHT : 0
MAP_MAX_HEIGHT : 10000
WEEK_SECTION
1 1
PATIENT_DISTANCE_SECTION
1 0
2 24 0
3 12 14 0
4 14 25 18 0
5 18 30 24 6 0
6 45 23 36 40 43 0
7 34 16 26 28 31 13 0
8 28 15 22 21 23 20 8 0
9 11 16 3 19 24 38 29 24 0
10 14 31 22 8 8 48 35 28 22 0
11 18 29 24 6 1 43 30 23 24 8 0
12 3 22 11 12 17 43 31 25 10 13 17 0
13 31 22 28 21 22 23 12 8 30 28 22 29 0
14 6 19 7 14 19 40 30 24 6 16 19 4 28 0
15 28 9 20 25 29 17 8 8 22 32 28 26 15 24 0
16 24 4 14 22 27 22 13 11 17 29 26 22 18 19 6 0
17 25 14 19 18 21 23 10 3 22 25 20 22 9 21 9 10 0
18 18 37 28 13 10 52 40 33 27 6 11 18 32 21 37 35 30 0
PATIENT_SERVICES_SECTION
1 17 4
2 13 10
3 1
4 2
5 3
6 5
7 6
8 7
9 8
10 9
11 11
12 12
13 14
14 15
15 16
16 18
17 19
18 20
SERVICE_PROCESSING_TIME_SECTION
1 72
2 52
3 87
4 104
5 101
6 20
7 104
8 103
9 48
10 88
11 71
12 54
13 88
14 97
15 51
16 116
17 104
18 118
19 75
20 49
SERVICE_AVAILABILITY_DAYS_SECTION
1 1
2 1
3 1
4 1
5 1
6 1
7 1
8 1
9 1
10 1
11 1
12 1
13 1
14 1
15 1
16 1
17 1
18 1
19 1
20 1
SERVICE_TIME_WINDOWS_SECTION
1 1 0 111
2 1 16 240
3 1 22 295
4 1 222 349
5 1 334 538
6 1 0 93
7 1 0 117
8 1 87 294
9 1 192 417
10 1 257 445
11 1 0 100
12 1 0 151
13 1 257 445
14 1 413 552
15 1 477 702
16 1 0 132
17 1 222 349
18 1 293 454
19 1 473 625
20 1 559 709
SERVICE_DELAY_MIN_HOUR_SECTION
1
2
3
4 17 0
5
6
7
8
9
10 13 0
11
12
13 10 0
14
15
16
17 4 0
18
19
20
SERVICE_DELAY_MAX_HOUR_SECTION
1
2
3
4 17 0
5
6
7
8
9
10 13 0
11
12
13 10 0
14
15
16
17 4 0
18
19
20
CARE_WORKER_PATIENT_ORIGIN_DESTINATION_DISTANCE_SECTION
1 1 20 20
1 2 17 17
1 3 17 17
1 4 12 12
1 5 15 15
1 6 29 29
1 7 16 16
1 8 9 9
1 9 19 19
1 10 19 19
1 11 15 15
1 12 18 18
1 13 12 12
1 14 17 17
1 15 14 14
1 16 13 13
1 17 6 6
1 18 24 24
2 1 20 20
2 2 17 17
2 3 17 17
2 4 12 12
2 5 15 15
2 6 29 29
2 7 16 16
2 8 9 9
2 9 19 19
2 10 19 19
2 11 15 15
2 12 18 18
2 13 12 12
2 14 17 17
2 15 14 14
2 16 13 13
2 17 6 6
2 18 24 24
3 1 20 20
3 2 17 17
3 3 17 17
3 4 12 12
3 5 15 15
3 6 29 29
3 7 16 16
3 8 9 9
3 9 19 19
3 10 19 19
3 11 15 15
3 12 18 18
3 13 12 12
3 14 17 17
3 15 14 14
3 16 13 13
3 17 6 6
3 18 24 24
4 1 20 20
4 2 17 17
4 3 17 17
4 4 12 12
4 5 15 15
4 6 29 29
4 7 16 16
4 8 9 9
4 9 19 19
4 10 19 19
4 11 15 15
4 12 18 18
4 13 12 12
4 14 17 17
4 15 14 14
4 16 13 13
4 17 6 6
4 18 24 24
CARE_WORKER_AVAILABILITY_DAYS_SECTION
1 1
2 1
3 1
4 1
CARE_WORKER_TIME_WINDOWS_SECTION
1 1 0 717
2 1 0 717
3 1 0 717
4 1 0 717
CARE_WORKER_SERVICE_AUTHORIZED_TO_CARE_SECTION
1 1 2 3 4 5 6 7 8 9 10 11 12 13 14 15 16 17 18 19 20
2 1 2 3 4 5 6 7 8 9 10 11 12 13 14 15 16 17 18 19 20
3 1 2 3 4 5 6 7 8 9 10 11 12 13 14 15 16 17 18 19 20
4 1 2 3 4 5 6 7 8 9 10 11 12 13 14 15 16 17 18 19 20
CARE_WORKER_MAX_DAILY_WORKING_TIME_SECTION
1 1 717
2 1 717
3 1 717
4 1 717
COST_SERVICE_CARE_WORKER_DAY_SECTION
1 1 1 -9.42347
1 2 1 -0.80002
1 3 1 -5.2011
1 4 1 -4.13263
2 1 1 8.53706
2 2 1 9.19274
2 3 1 -8.14578
2 4 1 -1.31223
3 1 1 8.55408
3 2 1 6.5477
3 3 1 9.05095
3 4 1 -0.306303
4 1 1 -6.31048
4 2 1 8.77478
4 3 1 -0.567433
4 4 1 2.19505
5 1 1 3.95533
5 2 1 6.4935
5 3 1 4.97244
5 4 1 2.3899
6 1 1 1.16926
6 2 1 -6.43385
6 3 1 7.65384
6 4 1 4.89543
7 1 1 7.95614
7 2 1 -1.83725
7 3 1 5.92016
7 4 1 5.78581
8 1 1 6.50175
8 2 1 2.84219
8 3 1 -9.51795
8 4 1 2.01825
9 1 1 2.68975
9 2 1 -6.23615
9 3 1 -6.04383
9 4 1 1.73935
10 1 1 1.96874
10 2 1 3.20495
10 3 1 -0.168303
10 4 1 4.30761
11 1 1 -9.64469
11 2 1 8.97857
11 3 1 9.39483
11 4 1 6.39513
12 1 1 -7.76861
12 2 1 6.05554
12 3 1 6.94936
12 4 1 3.75604
13 1 1 1.96874
13 2 1 3.20495
13 3 1 -0.168303
13 4 1 4.30761
14 1 1 -0.414351
14 2 1 6.14468
14 3 1 5.49226
14 4 1 0.0381101
15 1 1 9.87628
15 2 1 7.67225
15 3 1 6.56111
15 4 1 -1.70697
16 1 1 6.28036
16 2 1 4.63168
16 3 1 -1.73407
16 4 1 1.17945
17 1 1 -6.31048
17 2 1 8.77478
17 3 1 -0.567433
17 4 1 2.19505
18 1 1 -2.93338
18 2 1 3.14185
18 3 1 -1.52642
18 4 1 9.72703
19 1 1 7.68039
19 2 1 -8.85388
19 3 1 -5.3794
19 4 1 -8.43716
20 1 1 -6.97893
20 2 1 -5.03931
20 3 1 -5.69919
20 4 1 -7.01404
EOF
