NAME : ../data/HC_data/case50/case_1_50_10_5_3.hhcrp
TYPE : HHCRP
COMMENT : Bredstrom, Ronnqvist 2008
PATIENTS : 45
SERVICES : 50
CARE_WORKERS : 10
SUBCONTRACTING : 0
CONTINUITY_OF_CARE : 0
BREAK : 0
OVERTIME : 0
TARDINESS : 0
HORIZON : 1
STARTING_HOUR : 0
ENDING_HOUR : 672
MAP_MIN_WIDTH : 0
MAP_MAX_WIDTH : 10000
MAP_MIN_HEIGHT : 0
MAP_MAX_HEIGHT : 10000
WEEK_SECTION
1 1
PATIENT_DISTANCE_SECTION
1 0
2 23 0
3 22 41 0
4 24 21 29 0
5 21 9 35 12 0
6 33 34 28 14 26 0
7 15 33 31 38 33 47 0
8 23 42 3 28 35 27 33 0
9 23 37 10 21 30 19 35 9 0
10 19 40 7 31 35 33 25 9 15 0
11 11 23 32 31 25 42 10 34 34 28 0
12 26 43 6 29 37 26 36 4 8 12 37 0
13 17 40 19 37 38 43 16 21 26 13 22 24 0
14 29 25 31 6 17 10 44 31 23 35 37 31 42 0
15 31 40 19 21 32 12 45 17 10 25 42 15 36 20 0
16 25 45 5 33 39 31 33 5 13 8 35 6 20 35 21 0
17 25 17 33 6 9 19 39 34 27 36 31 34 40 9 27 38 0
18 12 34 21 34 32 41 11 23 26 15 16 26 7 39 36 23 36 0
19 13 11 32 20 11 33 23 33 30 31 14 36 30 26 36 36 19 24 0
20 21 43 13 37 39 39 23 15 22 7 28 18 8 41 31 13 40 13 33 0
21 30 40 17 21 32 14 43 15 8 23 40 13 34 21 3 19 27 34 35 29 0
22 27 27 28 6 18 8 42 27 19 32 36 27 39 4 17 32 11 36 26 38 17 0
23 9 19 22 15 14 25 24 23 19 22 18 25 24 20 25 26 17 20 11 25 24 19 0
24 4 21 25 24 20 34 15 27 26 22 9 30 20 30 34 29 25 14 11 24 32 28 10 0
25 15 11 30 14 7 27 28 31 27 30 20 33 32 19 31 34 12 26 7 34 30 19 9 14 0
26 17 39 18 36 37 42 16 20 25 12 22 23 2 41 35 19 40 7 29 7 33 38 24 19 31 0
27 14 37 21 36 35 42 12 23 27 15 18 26 4 41 37 22 38 3 27 11 35 38 22 17 29 4 0
28 17 11 31 12 4 25 30 32 27 32 22 34 34 17 30 35 10 29 9 35 29 18 10 16 3 33 31 0
29 10 15 31 23 16 36 18 32 30 29 9 35 26 29 37 35 23 20 5 30 36 29 12 7 11 26 23 13 0
30 20 37 6 23 30 23 31 6 5 11 31 7 22 26 15 10 28 22 29 17 13 22 18 23 26 21 23 27 28 0
31 15 10 34 21 11 34 24 35 32 32 15 37 31 26 37 38 19 25 2 35 36 26 13 12 8 31 28 9 6 30 0
32 38 42 29 22 33 8 52 27 20 34 48 25 45 18 10 31 26 44 40 41 12 16 31 40 34 44 46 33 42 24 41 0
33 22 43 7 34 38 34 28 9 16 4 31 11 14 37 26 6 38 17 34 7 23 34 25 26 33 13 17 34 32 12 35 35 0
34 3 21 23 21 18 31 18 24 23 21 12 27 20 27 30 27 22 15 11 23 29 25 7 4 12 19 17 14 9 20 12 37 24 0
35 12 24 18 14 17 21 27 18 14 19 23 20 24 19 20 22 17 21 17 24 19 16 6 14 13 23 23 14 17 13 18 26 22 11 0
36 24 36 12 20 29 17 36 11 3 17 34 10 28 21 9 15 25 27 30 24 7 18 19 26 26 27 28 26 30 7 31 18 18 23 14 0
37 16 39 21 37 37 43 13 23 28 15 19 26 3 42 38 22 40 5 28 11 35 40 24 18 31 4 2 33 24 23 30 46 16 19 24 29 0
38 39 41 32 20 32 7 54 31 23 38 49 29 48 16 14 35 25 46 39 44 16 15 31 41 33 47 48 32 42 27 40 5 39 37 27 21 49 0
39 34 36 28 16 27 2 48 27 19 33 44 25 43 12 11 31 20 41 34 39 13 10 26 35 28 42 43 27 37 23 35 7 34 32 22 17 44 6 0
40 25 23 28 2 14 12 39 28 20 31 33 28 38 5 20 32 8 34 22 37 20 5 16 25 15 37 36 14 25 23 22 20 33 22 14 19 38 19 14 0
41 20 42 10 34 38 37 24 12 19 4 28 15 10 38 29 10 39 14 33 3 26 35 24 23 32 9 13 34 30 14 34 38 4 22 22 21 13 41 37 34 0
42 38 42 28 21 33 8 52 27 19 34 48 25 45 18 10 31 26 44 39 41 12 15 30 40 33 44 45 32 42 24 40 1 35 36 26 18 46 5 6 19 38 0
43 33 37 25 17 28 4 47 24 16 31 43 23 41 14 9 28 22 40 34 37 10 11 25 35 28 40 41 27 37 21 35 6 32 31 21 14 42 7 3 15 35 5 0
44 15 37 11 30 33 34 21 13 17 5 24 16 9 35 27 12 34 11 27 7 25 32 19 18 27 8 11 29 25 13 29 36 8 17 17 19 11 39 34 31 6 36 32 0
45 27 38 15 20 30 14 40 13 6 20 38 12 31 20 5 18 25 31 32 27 3 17 22 29 27 30 32 27 33 10 33 14 21 26 16 4 33 18 14 19 24 14 11 23 0
PATIENT_SERVICES_SECTION
1 48 29
2 39 18
3 27 8
4 47 44
5 19 5
6 1
7 2
8 3
9 4
10 6
11 7
12 9
13 10
14 11
15 12
16 13
17 14
18 15
19 16
20 17
21 20
22 21
23 22
24 23
25 24
26 25
27 26
28 28
29 30
30 31
31 32
32 33
33 34
34 35
35 36
36 37
37 38
38 40
39 41
40 42
41 43
42 45
43 46
44 49
45 50
SERVICE_PROCESSING_TIME_SECTION
1 62
2 122
3 69
4 118
5 27
6 93
7 43
8 75
9 98
10 85
11 55
12 78
13 63
14 87
15 91
16 13
17 89
18 72
19 27
20 24
21 101
22 45
23 55
24 83
25 102
26 49
27 75
28 103
29 88
30 81
31 73
32 145
33 37
34 53
35 37
36 32
37 99
38 69
39 72
40 80
41 45
42 63
43 94
44 75
45 50
46 36
47 75
48 88
49 41
50 37
SERVICE_AVAILABILITY_DAYS_SECTION
1 1
2 1
3 1
4 1
5 1
6 1
7 1
8 1
9 1
10 1
11 1
12 1
13 1
14 1
15 1
16 1
17 1
18 1
19 1
20 1
21 1
22 1
23 1
24 1
25 1
26 1
27 1
28 1
29 1
30 1
31 1
32 1
33 1
34 1
35 1
36 1
37 1
38 1
39 1
40 1
41 1
42 1
43 1
44 1
45 1
46 1
47 1
48 1
49 1
50 1
SERVICE_TIME_WINDOWS_SECTION
1 1 0 103
2 1 89 203
3 1 214 440
4 1 293 461
5 1 434 653
6 1 0 109
7 1 57 267
8 1 78 280
9 1 240 395
10 1 333 504
11 1 0 112
12 1 0 208
13 1 118 332
14 1 158 422
15 1 384 542
16 1 0 93
17 1 0 133
18 1 160 389
19 1 434 653
20 1 465 618
21 1 0 84
22 1 76 227
23 1 123 290
24 1 145 370
25 1 266 448
26 1 0 109
27 1 78 280
28 1 224 407
29 1 307 566
30 1 488 612
31 1 0 92
32 1 75 156
33 1 225 455
34 1 271 468
35 1 380 526
36 1 0 87
37 1 0 136
38 1 77 276
39 1 160 389
40 1 276 510
41 1 0 118
42 1 0 163
43 1 102 319
44 1 193 380
45 1 298 455
46 1 0 90
47 1 193 380
48 1 307 566
49 1 460 626
50 1 492 672
SERVICE_DELAY_MIN_HOUR_SECTION
1
2
3
4
5 19 0
6
7
8 27 0
9
10
11
12
13
14
15
16
17
18 39 0
19 5 0
20
21
22
23
24
25
26
27 8 0
28
29 48 0
30
31
32
33
34
35
36
37
38
39 18 0
40
41
42
43
44 47 0
45
46
47 44 0
48 29 0
49
50
SERVICE_DELAY_MAX_HOUR_SECTION
1
2
3
4
5 19 0
6
7
8 27 0
9
10
11
12
13
14
15
16
17
18 39 0
19 5 0
20
21
22
23
24
25
26
27 8 0
28
29 48 0
30
31
32
33
34
35
36
37
38
39 18 0
40
41
42
43
44 47 0
45
46
47 44 0
48 29 0
49
50
CARE_WORKER_PATIENT_ORIGIN_DESTINATION_DISTANCE_SECTION
1 1 11 11
1 2 26 26
1 3 16 16
1 4 16 16
1 5 20 20
1 6 23 23
1 7 25 25
1 8 16 16
1 9 13 13
1 10 16 16
1 11 22 22
1 12 18 18
1 13 22 22
1 14 21 21
1 15 20 20
1 16 20 20
1 17 20 20
1 18 19 19
1 19 18 18
1 20 21 21
1 21 19 19
1 22 18 18
1 23 7 7
1 24 14 14
1 25 15 15
1 26 21 21
1 27 21 21
1 28 16 16
1 29 18 18
1 30 12 12
1 31 19 19
1 32 27 27
1 33 19 19
1 34 11 11
1 35 3 3
1 36 13 13
1 37 22 22
1 38 29 29
1 39 23 23
1 40 17 17
1 41 19 19
1 42 27 27
1 43 22 22
1 44 15 15
1 45 16 16
2 1 11 11
2 2 26 26
2 3 16 16
2 4 16 16
2 5 20 20
2 6 23 23
2 7 25 25
2 8 16 16
2 9 13 13
2 10 16 16
2 11 22 22
2 12 18 18
2 13 22 22
2 14 21 21
2 15 20 20
2 16 20 20
2 17 20 20
2 18 19 19
2 19 18 18
2 20 21 21
2 21 19 19
2 22 18 18
2 23 7 7
2 24 14 14
2 25 15 15
2 26 21 21
2 27 21 21
2 28 16 16
2 29 18 18
2 30 12 12
2 31 19 19
2 32 27 27
2 33 19 19
2 34 11 11
2 35 3 3
2 36 13 13
2 37 22 22
2 38 29 29
2 39 23 23
2 40 17 17
2 41 19 19
2 42 27 27
2 43 22 22
2 44 15 15
2 45 16 16
3 1 11 11
3 2 26 26
3 3 16 16
3 4 16 16
3 5 20 20
3 6 23 23
3 7 25 25
3 8 16 16
3 9 13 13
3 10 16 16
3 11 22 22
3 12 18 18
3 13 22 22
3 14 21 21
3 15 20 20
3 16 20 20
3 17 20 20
3 18 19 19
3 19 18 18
3 20 21 21
3 21 19 19
3 22 18 18
3 23 7 7
3 24 14 14
3 25 15 15
3 26 21 21
3 27 21 21
3 28 16 16
3 29 18 18
3 30 12 12
3 31 19 19
3 32 27 27
3 33 19 19
3 34 11 11
3 35 3 3
3 36 13 13
3 37 22 22
3 38 29 29
3 39 23 23
3 40 17 17
3 41 19 19
3 42 27 27
3 43 22 22
3 44 15 15
3 45 16 16
4 1 11 11
4 2 26 26
4 3 16 16
4 4 16 16
4 5 20 20
4 6 23 23
4 7 25 25
4 8 16 16
4 9 13 13
4 10 16 16
4 11 22 22
4 12 18 18
4 13 22 22
4 14 21 21
4 15 20 20
4 16 20 20
4 17 20 20
4 18 19 19
4 19 18 18
4 20 21 21
4 21 19 19
4 22 18 18
4 23 7 7
4 24 14 14
4 25 15 15
4 26 21 21
4 27 21 21
4 28 16 16
4 29 18 18
4 30 12 12
4 31 19 19
4 32 27 27
4 33 19 19
4 34 11 11
4 35 3 3
4 36 13 13
4 37 22 22
4 38 29 29
4 39 23 23
4 40 17 17
4 41 19 19
4 42 27 27
4 43 22 22
4 44 15 15
4 45 16 16
5 1 11 11
5 2 26 26
5 3 16 16
5 4 16 16
5 5 20 20
5 6 23 23
5 7 25 25
5 8 16 16
5 9 13 13
5 10 16 16
5 11 22 22
5 12 18 18
5 13 22 22
5 14 21 21
5 15 20 20
5 16 20 20
5 17 20 20
5 18 19 19
5 19 18 18
5 20 21 21
5 21 19 19
5 22 18 18
5 23 7 7
5 24 14 14
5 25 15 15
5 26 21 21
5 27 21 21
5 28 16 16
5 29 18 18
5 30 12 12
5 31 19 19
5 32 27 27
5 33 19 19
5 34 11 11
5 35 3 3
5 36 13 13
5 37 22 22
5 38 29 29
5 39 23 23
5 40 17 17
5 41 19 19
5 42 27 27
5 43 22 22
5 44 15 15
5 45 16 16
6 1 11 11
6 2 26 26
6 3 16 16
6 4 16 16
6 5 20 20
6 6 23 23
6 7 25 25
6 8 16 16
6 9 13 13
6 10 16 16
6 11 22 22
6 12 18 18
6 13 22 22
6 14 21 21
6 15 20 20
6 16 20 20
6 17 20 20
6 18 19 19
6 19 18 18
6 20 21 21
6 21 19 19
6 22 18 18
6 23 7 7
6 24 14 14
6 25 15 15
6 26 21 21
6 27 21 21
6 28 16 16
6 29 18 18
6 30 12 12
6 31 19 19
6 32 27 27
6 33 19 19
6 34 11 11
6 35 3 3
6 36 13 13
6 37 22 22
6 38 29 29
6 39 23 23
6 40 17 17
6 41 19 19
6 42 27 27
6 43 22 22
6 44 15 15
6 45 16 16
7 1 11 11
7 2 26 26
7 3 16 16
7 4 16 16
7 5 20 20
7 6 23 23
7 7 25 25
7 8 16 16
7 9 13 13
7 10 16 16
7 11 22 22
7 12 18 18
7 13 22 22
7 14 21 21
7 15 20 20
7 16 20 20
7 17 20 20
7 18 19 19
7 19 18 18
7 20 21 21
7 21 19 19
7 22 18 18
7 23 7 7
7 24 14 14
7 25 15 15
7 26 21 21
7 27 21 21
7 28 16 16
7 29 18 18
7 30 12 12
7 31 19 19
7 32 27 27
7 33 19 19
7 34 11 11
7 35 3 3
7 36 13 13
7 37 22 22
7 38 29 29
7 39 23 23
7 40 17 17
7 41 19 19
7 42 27 27
7 43 22 22
7 44 15 15
7 45 16 16
8 1 11 11
8 2 26 26
8 3 16 16
8 4 16 16
8 5 20 20
8 6 23 23
8 7 25 25
8 8 16 16
8 9 13 13
8 10 16 16
8 11 22 22
8 12 18 18
8 13 22 22
8 14 21 21
8 15 20 20
8 16 20 20
8 17 20 20
8 18 19 19
8 19 18 18
8 20 21 21
8 21 19 19
8 22 18 18
8 23 7 7
8 24 14 14
8 25 15 15
8 26 21 21
8 27 21 21
8 28 16 16
8 29 18 18
8 30 12 12
8 31 19 19
8 32 27 27
8 33 19 19
8 34 11 11
8 35 3 3
8 36 13 13
8 37 22 22
8 38 29 29
8 39 23 23
8 40 17 17
8 41 19 19
8 42 27 27
8 43 22 22
8 44 15 15
8 45 16 16
9 1 11 11
9 2 26 26
9 3 16 16
9 4 16 16
9 5 20 20
9 6 23 23
9 7 25 25
9 8 16 16
9 9 13 13
9 10 16 16
9 11 22 22
9 12 18 18
9 13 22 22
9 14 21 21
9 15 20 20
9 16 20 20
9 17 20 20
9 18 19 19
9 19 18 18
9 20 21 21
9 21 19 19
9 22 18 18
9 23 7 7
9 24 14 14
9 25 15 15
9 26 21 21
9 27 21 21
9 28 16 16
9 29 18 18
9 30 12 12
9 31 19 19
9 32 27 27
9 33 19 19
9 34 11 11
9 35 3 3
9 36 13 13
9 37 22 22
9 38 29 29
9 39 23 23
9 40 17 17
9 41 19 19
9 42 27 27
9 43 22 22
9 44 15 15
9 45 16 16
10 1 11 11
10 2 26 26
10 3 16 16
10 4 16 16
10 5 20 20
10 6 23 23
10 7 25 25
10 8 16 16
10 9 13 13
10 10 16 16
10 11 22 22
10 12 18 18
10 13 22 22
10 14 21 21
10 15 20 20
10 16 20 20
10 17 20 20
10 18 19 19
10 19 18 18
10 20 21 21
10 21 19 19
10 22 18 18
10 23 7 7
10 24 14 14
10 25 15 15
10 26 21 21
10 27 21 21
10 28 16 16
10 29 18 18
10 30 12 12
10 31 19 19
10 32 27 27
10 33 19 19
10 34 11 11
10 35 3 3
10 36 13 13
10 37 22 22
10 38 29 29
10 39 23 23
10 40 17 17
10 41 19 19
10 42 27 27
10 43 22 22
10 44 15 15
10 45 16 16
CARE_WORKER_AVAILABILITY_DAYS_SECTION
1 1
2 1
3 1
4 1
5 1
6 1
7 1
8 1
9 1
10 1
CARE_WORKER_TIME_WINDOWS_SECTION
1 1 0 672
2 1 0 672
3 1 0 672
4 1 0 672
5 1 0 672
6 1 0 672
7 1 0 672
8 1 0 672
9 1 0 672
10 1 0 672
CARE_WORKER_SERVICE_AUTHORIZED_TO_CARE_SECTION
1 1 2 3 4 5 6 7 8 9 10 11 12 13 14 15 16 17 18 19 20 21 22 23 24 25 26 27 28 29 30 31 32 33 34 35 36 37 38 39 40 41 42 43 44 45 46 47 48 49 50
2 1 2 3 4 5 6 7 8 9 10 11 12 13 14 15 16 17 18 19 20 21 22 23 24 25 26 27 28 29 30 31 32 33 34 35 36 37 38 39 40 41 42 43 44 45 46 47 48 49 50
3 1 2 3 4 5 6 7 8 9 10 11 12 13 14 15 16 17 18 19 20 21 22 23 24 25 26 27 28 29 30 31 32 33 34 35 36 37 38 39 40 41 42 43 44 45 46 47 48 49 50
4 1 2 3 4 5 6 7 8 9 10 11 12 13 14 15 16 17 18 19 20 21 22 23 24 25 26 27 28 29 30 31 32 33 34 35 36 37 38 39 40 41 42 43 44 45 46 47 48 49 50
5 1 2 3 4 5 6 7 8 9 10 11 12 13 14 15 16 17 18 19 20 21 22 23 24 25 26 27 28 29 30 31 32 33 34 35 36 37 38 39 40 41 42 43 44 45 46 47 48 49 50
6 1 2 3 4 5 6 7 8 9 10 11 12 13 14 15 16 17 18 19 20 21 22 23 24 25 26 27 28 29 30 31 32 33 34 35 36 37 38 39 40 41 42 43 44 45 46 47 48 49 50
7 1 2 3 4 5 6 7 8 9 10 11 12 13 14 15 16 17 18 19 20 21 22 23 24 25 26 27 28 29 30 31 32 33 34 35 36 37 38 39 40 41 42 43 44 45 46 47 48 49 50
8 1 2 3 4 5 6 7 8 9 10 11 12 13 14 15 16 17 18 19 20 21 22 23 24 25 26 27 28 29 30 31 32 33 34 35 36 37 38 39 40 41 42 43 44 45 46 47 48 49 50
9 1 2 3 4 5 6 7 8 9 10 11 12 13 14 15 16 17 18 19 20 21 22 23 24 25 26 27 28 29 30 31 32 33 34 35 36 37 38 39 40 41 42 43 44 45 46 47 48 49 50
10 1 2 3 4 5 6 7 8 9 10 11 12 13 14 15 16 17 18 19 20 21 22 23 24 25 26 27 28 29 30 31 32 33 34 35 36 37 38 39 40 41 42 43 44 45 46 47 48 49 50
CARE_WORKER_MAX_DAILY_WORKING_TIME_SECTION
1 1 672
2 1 672
3 1 672
4 1 672
5 1 672
6 1 672
7 1 672
8 1 672
9 1 672
10 1 672
COST_SERVICE_CARE_WORKER_DAY_SECTION
1 1 1 -5.40293
1 2 1 -2.30585
1 3 1 3.51473
1 4 1 1.72793
1 5 1 3.88672
1 6 1 2.22574
1 7 1 -2.77673
1 8 1 9.6435
1 9 1 4.05855
1 10 1 1.3066
2 1 1 7.01625
2 2 1 -9.22329
2 3 1 -8.85956
2 4 1 6.9038
2 5 1 -0.296254
2 6 1 -1.46084
2 7 1 7.65498
2 8 1 8.92249
2 9 1 -4.52537
2 10 1 -8.09343
3 1 1 2.28038
3 2 1 1.36253
3 3 1 -9.25248
3 4 1 6.74818
3 5 1 3.78048
3 6 1 3.79951
3 7 1 7.14263
3 8 1 0.672359
3 9 1 -1.82795
3 10 1 5.34035
4 1 1 7.46955
4 2 1 -3.78219
4 3 1 7.27499
4 4 1 -3.31595
4 5 1 4.67885
4 6 1 2.72148
4 7 1 -5.13669
4 8 1 -5.54367
4 9 1 -3.40943
4 10 1 -8.41865
5 1 1 -8.83281
5 2 1 -1.49904
5 3 1 9.15743
5 4 1 -4.54033
5 5 1 -5.8844
5 6 1 -6.13099
5 7 1 2.04765
5 8 1 4.25301
5 9 1 -7.01011
5 10 1 -5.75275
6 1 1 -6.50822
6 2 1 -6.13195
6 3 1 4.46222
6 4 1 5.57323
6 5 1 5.36074
6 6 1 -9.9726
6 7 1 -5.66376
6 8 1 -8.15194
6 9 1 8.27071
6 10 1 2.05624
7 1 1 -9.91766
7 2 1 2.08594
7 3 1 -6.97942
7 4 1 5.19807
7 5 1 -2.14579
7 6 1 -1.83156
7 7 1 4.15579
7 8 1 -3.43951
7 9 1 6.65755
7 10 1 9.68166
8 1 1 8.63363
8 2 1 -0.557902
8 3 1 -3.77518
8 4 1 6.54381
8 5 1 -8.43479
8 6 1 -1.00347
8 7 1 0.0489032
8 8 1 8.97521
8 9 1 6.40432
8 10 1 0.853897
9 1 1 4.62887
9 2 1 -7.55718
9 3 1 -0.269779
9 4 1 6.6927
9 5 1 6.41494
9 6 1 -2.13705
9 7 1 2.61834
9 8 1 -1.32658
9 9 1 -2.68077
9 10 1 0.986828
10 1 1 -0.755463
10 2 1 0.932399
10 3 1 -7.59689
10 4 1 -3.60303
10 5 1 -0.350772
10 6 1 8.65668
10 7 1 -1.16965
10 8 1 4.25141
10 9 1 -9.00525
10 10 1 9.91663
11 1 1 -8.74102
11 2 1 0.677674
11 3 1 9.65799
11 4 1 -1.90346
11 5 1 2.57397
11 6 1 2.1539
11 7 1 -3.07687
11 8 1 -6.19647
11 9 1 9.96498
11 10 1 -0.591787
12 1 1 3.89343
12 2 1 0.519003
12 3 1 -4.73043
12 4 1 -0.638261
12 5 1 -1.00609
12 6 1 -2.35725
12 7 1 7.63481
12 8 1 5.00394
12 9 1 6.73565
12 10 1 3.65723
13 1 1 -8.06424
13 2 1 -7.12076
13 3 1 -1.17152
13 4 1 0.112516
13 5 1 5.94858
13 6 1 8.29791
13 7 1 -5.35962
13 8 1 -5.87698
13 9 1 8.13591
13 10 1 -4.9418
14 1 1 -6.88099
14 2 1 3.85606
14 3 1 -2.66741
14 4 1 1.43968
14 5 1 9.8777
14 6 1 -1.7644
14 7 1 2.44722
14 8 1 2.81484
14 9 1 4.45016
14 10 1 1.98505
15 1 1 -0.654917
15 2 1 8.13825
15 3 1 2.78764
15 4 1 -5.40941
15 5 1 -6.8684
15 6 1 1.17268
15 7 1 6.23996
15 8 1 0.635872
15 9 1 -9.84526
15 10 1 -1.07986
16 1 1 0.900945
16 2 1 5.58242
16 3 1 8.52877
16 4 1 4.21387
16 5 1 -6.69005
16 6 1 6.33323
16 7 1 0.977292
16 8 1 -1.19358
16 9 1 -6.21801
16 10 1 4.53737
17 1 1 -2.3104
17 2 1 -0.136553
17 3 1 -8.43992
17 4 1 -5.57889
17 5 1 5.88578
17 6 1 -6.03008
17 7 1 1.42525
17 8 1 0.532077
17 9 1 -1.8986
17 10 1 -1.69722
18 1 1 -9.22257
18 2 1 2.51095
18 3 1 -1.35919
18 4 1 0.374964
18 5 1 -3.15762
18 6 1 6.67883
18 7 1 -5.28967
18 8 1 4.46089
18 9 1 5.68646
18 10 1 -6.5113
19 1 1 -8.83281
19 2 1 -1.49904
19 3 1 9.15743
19 4 1 -4.54033
19 5 1 -5.8844
19 6 1 -6.13099
19 7 1 2.04765
19 8 1 4.25301
19 9 1 -7.01011
19 10 1 -5.75275
20 1 1 9.47027
20 2 1 -2.85414
20 3 1 4.7319
20 4 1 7.85752
20 5 1 -3.04672
20 6 1 7.42621
20 7 1 -0.592002
20 8 1 -6.33859
20 9 1 -7.23808
20 10 1 1.22511
21 1 1 -9.33422
21 2 1 -5.24025
21 3 1 -6.88311
21 4 1 3.87875
21 5 1 -3.51784
21 6 1 -5.33037
21 7 1 -7.91695
21 8 1 1.73936
21 9 1 8.14252
21 10 1 7.56703
22 1 1 -0.552677
22 2 1 4.25847
22 3 1 0.526698
22 4 1 -3.66017
22 5 1 3.52963
22 6 1 -0.571409
22 7 1 1.68629
22 8 1 8.32544
22 9 1 -5.63123
22 10 1 8.97682
23 1 1 0.389432
23 2 1 9.38588
23 3 1 1.79885
23 4 1 -2.79181
23 5 1 1.2067
23 6 1 7.09395
23 7 1 0.999072
23 8 1 -7.96896
23 9 1 -2.29881
23 10 1 -1.94522
24 1 1 -7.94667
24 2 1 0.180205
24 3 1 3.36452
24 4 1 1.59152
24 5 1 -0.593585
24 6 1 -0.0288965
24 7 1 1.03958
24 8 1 -1.39968
24 9 1 -3.2561
24 10 1 -9.63308
25 1 1 -8.73205
25 2 1 -5.19244
25 3 1 -5.0815
25 4 1 6.28259
25 5 1 -7.88066
25 6 1 4.2795
25 7 1 -2.97949
25 8 1 8.77448
25 9 1 -7.12994
25 10 1 -4.09927
26 1 1 -6.39752
26 2 1 -8.20624
26 3 1 1.95602
26 4 1 5.61977
26 5 1 6.41045
26 6 1 9.78259
26 7 1 0.136325
26 8 1 -1.91578
26 9 1 -8.66853
26 10 1 -3.18844
27 1 1 8.63363
27 2 1 -0.557902
27 3 1 -3.77518
27 4 1 6.54381
27 5 1 -8.43479
27 6 1 -1.00347
27 7 1 0.0489032
27 8 1 8.97521
27 9 1 6.40432
27 10 1 0.853897
28 1 1 -0.37256
28 2 1 -0.285485
28 3 1 8.65833
28 4 1 -9.85618
28 5 1 9.83747
28 6 1 -4.44982
28 7 1 7.38366
28 8 1 -1.32929
28 9 1 7.02675
28 10 1 -3.62858
29 1 1 -0.0580848
29 2 1 -7.66714
29 3 1 2.38336
29 4 1 2.32711
29 5 1 7.4637
29 6 1 0.357427
29 7 1 1.96709
29 8 1 8.28785
29 9 1 -5.89452
29 10 1 -2.33156
30 1 1 8.16237
30 2 1 -1.10612
30 3 1 -8.29414
30 4 1 -8.86115
30 5 1 -1.88189
30 6 1 4.99274
30 7 1 -7.28728
30 8 1 6.48971
30 9 1 3.00926
30 10 1 0.732773
31 1 1 -6.45986
31 2 1 4.94102
31 3 1 9.04777
31 4 1 1.39354
31 5 1 -3.37665
31 6 1 2.89041
31 7 1 -8.79959
31 8 1 -1.4497
31 9 1 8.74736
31 10 1 7.08601
32 1 1 -5.45174
32 2 1 3.4814
32 3 1 7.47469
32 4 1 -0.608699
32 5 1 -1.38364
32 6 1 1.31126
32 7 1 -3.49497
32 8 1 3.50412
32 9 1 -1.58829
32 10 1 -6.51304
33 1 1 -2.28974
33 2 1 3.33486
33 3 1 0.141456
33 4 1 4.31366
33 5 1 1.96767
33 6 1 -9.90472
33 7 1 -2.96638
33 8 1 5.55574
33 9 1 1.19367
33 10 1 2.18909
34 1 1 6.36833
34 2 1 -1.04075
34 3 1 7.2387
34 4 1 1.78725
34 5 1 -4.58912
34 6 1 -6.79328
34 7 1 0.875963
34 8 1 9.35076
34 9 1 -5.57668
34 10 1 9.5539
35 1 1 7.575
35 2 1 1.53441
35 3 1 -3.95814
35 4 1 8.55259
35 5 1 2.95228
35 6 1 6.38452
35 7 1 3.45447
35 8 1 -4.84966
35 9 1 0.792456
35 10 1 -3.65042
36 1 1 8.24011
36 2 1 -6.82381
36 3 1 8.89264
36 4 1 1.49712
36 5 1 1.98177
36 6 1 2.66608
36 7 1 -4.99695
36 8 1 -1.95128
36 9 1 9.37649
36 10 1 4.50207
37 1 1 -7.90528
37 2 1 7.95495
37 3 1 -7.97183
37 4 1 1.88084
37 5 1 -1.84516
37 6 1 -7.57543
37 7 1 7.5608
37 8 1 -6.17526
37 9 1 5.07035
37 10 1 2.42289
38 1 1 8.23307
38 2 1 -3.10165
38 3 1 0.889081
38 4 1 -7.6733
38 5 1 4.60679
38 6 1 -7.37615
38 7 1 -9.74258
38 8 1 6.79575
38 9 1 -8.79464
38 10 1 1.52139
39 1 1 -9.22257
39 2 1 2.51095
39 3 1 -1.35919
39 4 1 0.374964
39 5 1 -3.15762
39 6 1 6.67883
39 7 1 -5.28967
39 8 1 4.46089
39 9 1 5.68646
39 10 1 -6.5113
40 1 1 2.09036
40 2 1 -1.95518
40 3 1 8.14717
40 4 1 8.50572
40 5 1 2.75111
40 6 1 9.95225
40 7 1 -4.73131
40 8 1 -5.99646
40 9 1 3.61027
40 10 1 -4.69211
41 1 1 6.59913
41 2 1 -9.96185
41 3 1 -8.69869
41 4 1 -6.35178
41 5 1 8.86505
41 6 1 9.44879
41 7 1 8.65678
41 8 1 6.14339
41 9 1 -7.89686
41 10 1 -8.55177
42 1 1 4.42728
42 2 1 -4.031
42 3 1 -1.98382
42 4 1 0.730335
42 5 1 5.82556
42 6 1 -2.09282
42 7 1 -8.50316
42 8 1 2.66545
42 9 1 -3.20121
42 10 1 -4.33479
43 1 1 6.58737
43 2 1 -9.03157
43 3 1 8.45828
43 4 1 -6.08336
43 5 1 9.23389
43 6 1 4.26338
43 7 1 5.58121
43 8 1 -1.93696
43 9 1 -4.09778
43 10 1 -7.38358
44 1 1 2.49191
44 2 1 7.74477
44 3 1 -3.06767
44 4 1 1.38235
44 5 1 2.08129
44 6 1 -6.51242
44 7 1 4.68092
44 8 1 -1.08925
44 9 1 0.632861
44 10 1 4.9188
45 1 1 -5.12988
45 2 1 -5.91533
45 3 1 1.10615
45 4 1 -0.24372
45 5 1 -1.56246
45 6 1 7.11249
45 7 1 2.25641
45 8 1 2.87175
45 9 1 -4.26241
45 10 1 9.85938
46 1 1 -7.67762
46 2 1 -9.78208
46 3 1 3.46713
46 4 1 9.16993
46 5 1 7.84999
46 6 1 -8.09248
46 7 1 6.23052
46 8 1 -5.0483
46 9 1 7.6697
46 10 1 7.18455
47 1 1 2.49191
47 2 1 7.74477
47 3 1 -3.06767
47 4 1 1.38235
47 5 1 2.08129
47 6 1 -6.51242
47 7 1 4.68092
47 8 1 -1.08925
47 9 1 0.632861
47 10 1 4.9188
48 1 1 -0.0580848
48 2 1 -7.66714
48 3 1 2.38336
48 4 1 2.32711
48 5 1 7.4637
48 6 1 0.357427
48 7 1 1.96709
48 8 1 8.28785
48 9 1 -5.89452
48 10 1 -2.33156
49 1 1 5.03022
49 2 1 -4.66345
49 3 1 -9.88732
49 4 1 -3.16473
49 5 1 -0.0800897
49 6 1 -6.42678
49 7 1 6.1254
49 8 1 1.19046
49 9 1 -5.80582
49 10 1 9.92068
50 1 1 -3.33011
50 2 1 7.79766
50 3 1 -0.821067
50 4 1 -3.70241
50 5 1 -2.88009
50 6 1 9.27068
50 7 1 -7.7842
50 8 1 7.53594
50 9 1 3.69843
50 10 1 7.61825
EOF
