NAME : ../data/HC_data/case50/case_2_50_10_5_4.hhcrp
TYPE : HHCRP
COMMENT : Bredstrom, Ronnqvist 2008
PATIENTS : 45
SERVICES : 50
CARE_WORKERS : 10
SUBCONTRACTING : 0
CONTINUITY_OF_CARE : 0
BREAK : 0
OVERTIME : 0
TARDINESS : 0
HORIZON : 1
STARTING_HOUR : 0
ENDING_HOUR : 651
MAP_MIN_WIDTH : 0
MAP_MAX_WIDTH : 10000
MAP_MIN_HEIGHT : 0
MAP_MAX_HEIGHT : 10000
WEEK_SECTION
1 1
PATIENT_DISTANCE_SECTION
1 0
2 19 0
3 4 23 0
4 21 35 19 0
5 21 8 24 39 0
6 13 31 9 16 32 0
7 27 38 26 9 43 24 0
8 23 23 25 22 30 30 20 0
9 23 38 21 4 42 17 10 26 0
10 14 24 15 13 29 18 15 12 16 0
11 35 31 37 32 39 42 27 13 35 24 0
12 7 17 10 19 21 17 23 16 22 9 28 0
13 11 24 10 28 22 14 35 33 30 24 45 18 0
14 21 39 18 12 42 11 20 32 10 21 43 23 25 0
15 23 32 23 10 38 24 7 14 14 10 22 18 32 21 0
16 14 7 17 29 13 25 31 18 32 17 28 10 21 33 26 0
17 21 5 24 38 4 32 41 27 41 27 36 20 23 41 36 10 0
18 31 29 33 28 36 37 23 9 31 19 5 24 41 38 18 25 33 0
19 8 26 6 14 28 7 21 23 16 12 35 11 15 14 19 20 28 31 0
20 9 27 6 15 29 6 22 25 16 14 37 12 14 13 20 21 29 33 2 0
21 26 33 27 14 40 28 8 13 17 12 19 21 36 25 5 27 37 15 22 24 0
22 23 37 21 3 42 18 9 24 2 15 33 21 30 11 12 31 41 29 16 16 15 0
23 13 15 16 33 11 23 39 31 36 26 42 17 11 33 35 14 13 38 21 21 37 36 0
24 16 17 19 21 23 25 22 8 25 9 20 9 26 29 16 11 21 16 18 20 17 24 23 0
25 5 19 7 18 22 14 23 19 21 10 31 4 15 21 19 13 21 27 8 9 22 20 16 12 0
26 26 38 24 6 43 22 3 22 8 15 30 23 34 17 8 32 42 26 19 20 11 6 38 23 22 0
27 11 29 9 24 28 9 32 33 25 23 45 18 7 19 30 24 29 41 12 10 34 25 18 27 15 30 0
28 17 24 18 14 30 22 14 9 18 4 20 11 27 23 8 18 28 16 15 17 10 16 28 9 13 15 26 0
29 13 25 13 31 22 17 38 35 33 27 47 20 4 28 35 22 24 44 18 17 39 33 11 28 18 37 9 30 0
30 19 38 15 18 38 7 27 35 18 24 47 23 19 9 27 32 39 43 13 12 31 19 29 31 20 24 12 27 21 0
31 21 39 18 9 41 12 17 30 7 19 40 22 26 3 19 32 41 36 14 13 23 9 34 27 20 14 20 21 29 11 0
32 30 27 32 27 35 36 23 7 31 18 6 23 40 38 18 24 32 2 30 31 15 29 37 14 26 25 40 15 42 42 35 0
33 14 6 18 32 8 27 35 23 35 21 33 14 19 35 30 5 7 30 22 22 32 34 11 16 15 35 24 23 20 33 35 28 0
34 11 9 15 29 10 23 34 23 32 20 34 11 16 32 29 6 10 31 19 19 31 32 8 16 12 34 20 21 17 29 32 29 4 0
35 20 9 23 38 2 31 42 30 41 28 39 20 21 41 37 12 5 36 27 28 39 41 10 23 21 42 27 30 20 37 40 35 8 9 0
36 1 19 4 20 21 12 26 23 23 14 35 7 11 21 23 14 21 31 8 8 26 23 14 16 5 25 11 17 14 19 21 30 15 11 20 0
37 22 35 21 3 40 19 6 21 6 12 30 19 30 14 8 29 38 26 15 16 12 4 34 21 19 4 26 13 33 21 12 25 32 30 39 22 0
38 18 18 20 22 25 26 22 6 25 10 18 11 28 30 16 13 22 14 19 21 16 24 25 2 14 23 28 8 30 32 28 13 17 17 24 18 21 0
39 22 40 18 13 42 11 21 33 11 21 43 24 25 2 22 33 42 39 14 13 26 12 33 30 21 18 18 24 27 8 4 38 35 32 41 21 15 30 0
40 16 24 16 35 19 21 41 37 36 30 49 22 7 32 38 22 22 45 22 21 41 37 9 30 20 40 14 32 5 25 33 43 19 16 18 16 36 31 31 0
41 16 35 13 16 36 4 24 32 15 20 43 20 18 8 24 29 36 39 10 9 28 16 27 27 17 21 11 23 20 4 10 38 30 27 35 16 18 28 7 24 0
42 19 36 17 6 39 12 14 26 5 15 37 19 25 7 15 29 38 32 12 12 19 6 32 24 18 11 20 18 28 13 4 32 32 29 38 19 8 25 8 32 11 0
43 12 9 16 31 9 24 35 24 34 21 35 13 16 33 30 7 9 32 20 20 32 33 8 17 14 35 21 23 17 30 33 30 4 2 8 12 31 19 33 16 28 31 0
44 22 15 25 28 22 32 28 9 32 17 17 16 31 36 22 12 19 14 25 27 22 31 26 8 19 29 33 15 33 38 35 13 16 18 23 22 27 7 37 33 34 31 19 0
45 19 12 22 39 6 30 43 32 41 30 42 21 18 40 39 15 9 39 27 27 41 41 7 25 21 43 24 31 17 35 40 38 10 10 5 19 39 27 40 14 33 38 9 26 0
PATIENT_SERVICES_SECTION
1 44 14
2 19 4
3 22 6
4 49 43
5 48 32
6 1
7 2
8 3
9 5
10 7
11 8
12 9
13 10
14 11
15 12
16 13
17 15
18 16
19 17
20 18
21 20
22 21
23 23
24 24
25 25
26 26
27 27
28 28
29 29
30 30
31 31
32 33
33 34
34 35
35 36
36 37
37 38
38 39
39 40
40 41
41 42
42 45
43 46
44 47
45 50
SERVICE_PROCESSING_TIME_SECTION
1 90
2 32
3 57
4 68
5 134
6 81
7 81
8 20
9 76
10 70
11 115
12 38
13 59
14 93
15 117
16 62
17 79
18 41
19 68
20 58
21 50
22 81
23 54
24 56
25 69
26 90
27 69
28 146
29 82
30 105
31 73
32 80
33 41
34 46
35 112
36 84
37 58
38 86
39 13
40 88
41 74
42 68
43 48
44 93
45 94
46 38
47 75
48 80
49 48
50 109
SERVICE_AVAILABILITY_DAYS_SECTION
1 1
2 1
3 1
4 1
5 1
6 1
7 1
8 1
9 1
10 1
11 1
12 1
13 1
14 1
15 1
16 1
17 1
18 1
19 1
20 1
21 1
22 1
23 1
24 1
25 1
26 1
27 1
28 1
29 1
30 1
31 1
32 1
33 1
34 1
35 1
36 1
37 1
38 1
39 1
40 1
41 1
42 1
43 1
44 1
45 1
46 1
47 1
48 1
49 1
50 1
SERVICE_TIME_WINDOWS_SECTION
1 1 0 188
2 1 27 241
3 1 17 272
4 1 152 336
5 1 237 520
6 1 10 189
7 1 53 357
8 1 208 395
9 1 254 506
10 1 318 542
11 1 0 113
12 1 0 292
13 1 28 350
14 1 189 543
15 1 387 595
16 1 0 215
17 1 0 242
18 1 23 394
19 1 152 336
20 1 261 515
21 1 0 83
22 1 10 189
23 1 12 329
24 1 186 373
25 1 220 492
26 1 0 215
27 1 5 330
28 1 98 342
29 1 321 543
30 1 402 636
31 1 0 123
32 1 50 352
33 1 159 428
34 1 277 535
35 1 257 557
36 1 0 191
37 1 24 246
38 1 62 339
39 1 213 417
40 1 169 509
41 1 0 139
42 1 0 261
43 1 112 464
44 1 189 543
45 1 404 638
46 1 0 207
47 1 0 263
48 1 50 352
49 1 112 464
50 1 240 508
SERVICE_DELAY_MIN_HOUR_SECTION
1
2
3
4 19 0
5
6 22 0
7
8
9
10
11
12
13
14 44 0
15
16
17
18
19 4 0
20
21
22 6 0
23
24
25
26
27
28
29
30
31
32 48 0
33
34
35
36
37
38
39
40
41
42
43 49 0
44 14 0
45
46
47
48 32 0
49 43 0
50
SERVICE_DELAY_MAX_HOUR_SECTION
1
2
3
4 19 0
5
6 22 0
7
8
9
10
11
12
13
14 44 0
15
16
17
18
19 4 0
20
21
22 6 0
23
24
25
26
27
28
29
30
31
32 48 0
33
34
35
36
37
38
39
40
41
42
43 49 0
44 14 0
45
46
47
48 32 0
49 43 0
50
CARE_WORKER_PATIENT_ORIGIN_DESTINATION_DISTANCE_SECTION
1 1 7 7
1 2 19 19
1 3 9 9
1 4 17 17
1 5 23 23
1 6 15 15
1 7 22 22
1 8 17 17
1 9 20 20
1 10 8 8
1 11 29 29
1 12 3 3
1 13 17 17
1 14 21 21
1 15 17 17
1 16 12 12
1 17 22 22
1 18 25 25
1 19 8 8
1 20 10 10
1 21 20 20
1 22 20 20
1 23 18 18
1 24 11 11
1 25 2 2
1 26 21 21
1 27 17 17
1 28 11 11
1 29 20 20
1 30 21 21
1 31 20 20
1 32 24 24
1 33 15 15
1 34 13 13
1 35 22 22
1 36 7 7
1 37 18 18
1 38 12 12
1 39 22 22
1 40 22 22
1 41 18 18
1 42 17 17
1 43 14 14
1 44 17 17
1 45 22 22
2 1 7 7
2 2 19 19
2 3 9 9
2 4 17 17
2 5 23 23
2 6 15 15
2 7 22 22
2 8 17 17
2 9 20 20
2 10 8 8
2 11 29 29
2 12 3 3
2 13 17 17
2 14 21 21
2 15 17 17
2 16 12 12
2 17 22 22
2 18 25 25
2 19 8 8
2 20 10 10
2 21 20 20
2 22 20 20
2 23 18 18
2 24 11 11
2 25 2 2
2 26 21 21
2 27 17 17
2 28 11 11
2 29 20 20
2 30 21 21
2 31 20 20
2 32 24 24
2 33 15 15
2 34 13 13
2 35 22 22
2 36 7 7
2 37 18 18
2 38 12 12
2 39 22 22
2 40 22 22
2 41 18 18
2 42 17 17
2 43 14 14
2 44 17 17
2 45 22 22
3 1 7 7
3 2 19 19
3 3 9 9
3 4 17 17
3 5 23 23
3 6 15 15
3 7 22 22
3 8 17 17
3 9 20 20
3 10 8 8
3 11 29 29
3 12 3 3
3 13 17 17
3 14 21 21
3 15 17 17
3 16 12 12
3 17 22 22
3 18 25 25
3 19 8 8
3 20 10 10
3 21 20 20
3 22 20 20
3 23 18 18
3 24 11 11
3 25 2 2
3 26 21 21
3 27 17 17
3 28 11 11
3 29 20 20
3 30 21 21
3 31 20 20
3 32 24 24
3 33 15 15
3 34 13 13
3 35 22 22
3 36 7 7
3 37 18 18
3 38 12 12
3 39 22 22
3 40 22 22
3 41 18 18
3 42 17 17
3 43 14 14
3 44 17 17
3 45 22 22
4 1 7 7
4 2 19 19
4 3 9 9
4 4 17 17
4 5 23 23
4 6 15 15
4 7 22 22
4 8 17 17
4 9 20 20
4 10 8 8
4 11 29 29
4 12 3 3
4 13 17 17
4 14 21 21
4 15 17 17
4 16 12 12
4 17 22 22
4 18 25 25
4 19 8 8
4 20 10 10
4 21 20 20
4 22 20 20
4 23 18 18
4 24 11 11
4 25 2 2
4 26 21 21
4 27 17 17
4 28 11 11
4 29 20 20
4 30 21 21
4 31 20 20
4 32 24 24
4 33 15 15
4 34 13 13
4 35 22 22
4 36 7 7
4 37 18 18
4 38 12 12
4 39 22 22
4 40 22 22
4 41 18 18
4 42 17 17
4 43 14 14
4 44 17 17
4 45 22 22
5 1 7 7
5 2 19 19
5 3 9 9
5 4 17 17
5 5 23 23
5 6 15 15
5 7 22 22
5 8 17 17
5 9 20 20
5 10 8 8
5 11 29 29
5 12 3 3
5 13 17 17
5 14 21 21
5 15 17 17
5 16 12 12
5 17 22 22
5 18 25 25
5 19 8 8
5 20 10 10
5 21 20 20
5 22 20 20
5 23 18 18
5 24 11 11
5 25 2 2
5 26 21 21
5 27 17 17
5 28 11 11
5 29 20 20
5 30 21 21
5 31 20 20
5 32 24 24
5 33 15 15
5 34 13 13
5 35 22 22
5 36 7 7
5 37 18 18
5 38 12 12
5 39 22 22
5 40 22 22
5 41 18 18
5 42 17 17
5 43 14 14
5 44 17 17
5 45 22 22
6 1 7 7
6 2 19 19
6 3 9 9
6 4 17 17
6 5 23 23
6 6 15 15
6 7 22 22
6 8 17 17
6 9 20 20
6 10 8 8
6 11 29 29
6 12 3 3
6 13 17 17
6 14 21 21
6 15 17 17
6 16 12 12
6 17 22 22
6 18 25 25
6 19 8 8
6 20 10 10
6 21 20 20
6 22 20 20
6 23 18 18
6 24 11 11
6 25 2 2
6 26 21 21
6 27 17 17
6 28 11 11
6 29 20 20
6 30 21 21
6 31 20 20
6 32 24 24
6 33 15 15
6 34 13 13
6 35 22 22
6 36 7 7
6 37 18 18
6 38 12 12
6 39 22 22
6 40 22 22
6 41 18 18
6 42 17 17
6 43 14 14
6 44 17 17
6 45 22 22
7 1 7 7
7 2 19 19
7 3 9 9
7 4 17 17
7 5 23 23
7 6 15 15
7 7 22 22
7 8 17 17
7 9 20 20
7 10 8 8
7 11 29 29
7 12 3 3
7 13 17 17
7 14 21 21
7 15 17 17
7 16 12 12
7 17 22 22
7 18 25 25
7 19 8 8
7 20 10 10
7 21 20 20
7 22 20 20
7 23 18 18
7 24 11 11
7 25 2 2
7 26 21 21
7 27 17 17
7 28 11 11
7 29 20 20
7 30 21 21
7 31 20 20
7 32 24 24
7 33 15 15
7 34 13 13
7 35 22 22
7 36 7 7
7 37 18 18
7 38 12 12
7 39 22 22
7 40 22 22
7 41 18 18
7 42 17 17
7 43 14 14
7 44 17 17
7 45 22 22
8 1 7 7
8 2 19 19
8 3 9 9
8 4 17 17
8 5 23 23
8 6 15 15
8 7 22 22
8 8 17 17
8 9 20 20
8 10 8 8
8 11 29 29
8 12 3 3
8 13 17 17
8 14 21 21
8 15 17 17
8 16 12 12
8 17 22 22
8 18 25 25
8 19 8 8
8 20 10 10
8 21 20 20
8 22 20 20
8 23 18 18
8 24 11 11
8 25 2 2
8 26 21 21
8 27 17 17
8 28 11 11
8 29 20 20
8 30 21 21
8 31 20 20
8 32 24 24
8 33 15 15
8 34 13 13
8 35 22 22
8 36 7 7
8 37 18 18
8 38 12 12
8 39 22 22
8 40 22 22
8 41 18 18
8 42 17 17
8 43 14 14
8 44 17 17
8 45 22 22
9 1 7 7
9 2 19 19
9 3 9 9
9 4 17 17
9 5 23 23
9 6 15 15
9 7 22 22
9 8 17 17
9 9 20 20
9 10 8 8
9 11 29 29
9 12 3 3
9 13 17 17
9 14 21 21
9 15 17 17
9 16 12 12
9 17 22 22
9 18 25 25
9 19 8 8
9 20 10 10
9 21 20 20
9 22 20 20
9 23 18 18
9 24 11 11
9 25 2 2
9 26 21 21
9 27 17 17
9 28 11 11
9 29 20 20
9 30 21 21
9 31 20 20
9 32 24 24
9 33 15 15
9 34 13 13
9 35 22 22
9 36 7 7
9 37 18 18
9 38 12 12
9 39 22 22
9 40 22 22
9 41 18 18
9 42 17 17
9 43 14 14
9 44 17 17
9 45 22 22
10 1 7 7
10 2 19 19
10 3 9 9
10 4 17 17
10 5 23 23
10 6 15 15
10 7 22 22
10 8 17 17
10 9 20 20
10 10 8 8
10 11 29 29
10 12 3 3
10 13 17 17
10 14 21 21
10 15 17 17
10 16 12 12
10 17 22 22
10 18 25 25
10 19 8 8
10 20 10 10
10 21 20 20
10 22 20 20
10 23 18 18
10 24 11 11
10 25 2 2
10 26 21 21
10 27 17 17
10 28 11 11
10 29 20 20
10 30 21 21
10 31 20 20
10 32 24 24
10 33 15 15
10 34 13 13
10 35 22 22
10 36 7 7
10 37 18 18
10 38 12 12
10 39 22 22
10 40 22 22
10 41 18 18
10 42 17 17
10 43 14 14
10 44 17 17
10 45 22 22
CARE_WORKER_AVAILABILITY_DAYS_SECTION
1 1
2 1
3 1
4 1
5 1
6 1
7 1
8 1
9 1
10 1
CARE_WORKER_TIME_WINDOWS_SECTION
1 1 0 651
2 1 0 651
3 1 0 651
4 1 0 651
5 1 0 651
6 1 0 651
7 1 0 651
8 1 0 651
9 1 0 651
10 1 0 651
CARE_WORKER_SERVICE_AUTHORIZED_TO_CARE_SECTION
1 1 2 3 4 5 6 7 8 9 10 11 12 13 14 15 16 17 18 19 20 21 22 23 24 25 26 27 28 29 30 31 32 33 34 35 36 37 38 39 40 41 42 43 44 45 46 47 48 49 50
2 1 2 3 4 5 6 7 8 9 10 11 12 13 14 15 16 17 18 19 20 21 22 23 24 25 26 27 28 29 30 31 32 33 34 35 36 37 38 39 40 41 42 43 44 45 46 47 48 49 50
3 1 2 3 4 5 6 7 8 9 10 11 12 13 14 15 16 17 18 19 20 21 22 23 24 25 26 27 28 29 30 31 32 33 34 35 36 37 38 39 40 41 42 43 44 45 46 47 48 49 50
4 1 2 3 4 5 6 7 8 9 10 11 12 13 14 15 16 17 18 19 20 21 22 23 24 25 26 27 28 29 30 31 32 33 34 35 36 37 38 39 40 41 42 43 44 45 46 47 48 49 50
5 1 2 3 4 5 6 7 8 9 10 11 12 13 14 15 16 17 18 19 20 21 22 23 24 25 26 27 28 29 30 31 32 33 34 35 36 37 38 39 40 41 42 43 44 45 46 47 48 49 50
6 1 2 3 4 5 6 7 8 9 10 11 12 13 14 15 16 17 18 19 20 21 22 23 24 25 26 27 28 29 30 31 32 33 34 35 36 37 38 39 40 41 42 43 44 45 46 47 48 49 50
7 1 2 3 4 5 6 7 8 9 10 11 12 13 14 15 16 17 18 19 20 21 22 23 24 25 26 27 28 29 30 31 32 33 34 35 36 37 38 39 40 41 42 43 44 45 46 47 48 49 50
8 1 2 3 4 5 6 7 8 9 10 11 12 13 14 15 16 17 18 19 20 21 22 23 24 25 26 27 28 29 30 31 32 33 34 35 36 37 38 39 40 41 42 43 44 45 46 47 48 49 50
9 1 2 3 4 5 6 7 8 9 10 11 12 13 14 15 16 17 18 19 20 21 22 23 24 25 26 27 28 29 30 31 32 33 34 35 36 37 38 39 40 41 42 43 44 45 46 47 48 49 50
10 1 2 3 4 5 6 7 8 9 10 11 12 13 14 15 16 17 18 19 20 21 22 23 24 25 26 27 28 29 30 31 32 33 34 35 36 37 38 39 40 41 42 43 44 45 46 47 48 49 50
CARE_WORKER_MAX_DAILY_WORKING_TIME_SECTION
1 1 651
2 1 651
3 1 651
4 1 651
5 1 651
6 1 651
7 1 651
8 1 651
9 1 651
10 1 651
COST_SERVICE_CARE_WORKER_DAY_SECTION
1 1 1 -8.42934
1 2 1 2.09285
1 3 1 4.79002
1 4 1 4.77198
1 5 1 4.87651
1 6 1 -6.19019
1 7 1 -7.72622
1 8 1 -3.13459
1 9 1 -3.8
1 10 1 -3.06093
2 1 1 1.44092
2 2 1 6.355
2 3 1 9.10217
2 4 1 5.98118
2 5 1 -1.99337
2 6 1 3.32372
2 7 1 -4.18452
2 8 1 -4.01185
2 9 1 0.302079
2 10 1 1.27168
3 1 1 7.06598
3 2 1 -5.3396
3 3 1 -0.8067
3 4 1 -6.52586
3 5 1 -0.61658
3 6 1 7.47419
3 7 1 0.339569
3 8 1 -8.06347
3 9 1 -9.67711
3 10 1 -9.34561
4 1 1 -1.8872
4 2 1 -3.33646
4 3 1 8.39477
4 4 1 2.27975
4 5 1 0.216015
4 6 1 -6.00359
4 7 1 7.92891
4 8 1 4.44805
4 9 1 -2.35711
4 10 1 6.60279
5 1 1 4.87133
5 2 1 -8.71299
5 3 1 7.26071
5 4 1 6.50128
5 5 1 8.45001
5 6 1 -9.42919
5 7 1 8.86587
5 8 1 -2.48158
5 9 1 3.61664
5 10 1 -4.39951
6 1 1 -5.31862
6 2 1 -5.1061
6 3 1 3.85707
6 4 1 7.89052
6 5 1 -0.657738
6 6 1 4.20753
6 7 1 0.664867
6 8 1 -0.848732
6 9 1 8.13784
6 10 1 -3.0829
7 1 1 -8.08304
7 2 1 -0.167982
7 3 1 3.17907
7 4 1 -1.73995
7 5 1 6.85407
7 6 1 8.6176
7 7 1 -6.50127
7 8 1 5.20103
7 9 1 8.88352
7 10 1 1.71454
8 1 1 -3.80773
8 2 1 -7.37702
8 3 1 5.65598
8 4 1 5.67193
8 5 1 -3.26454
8 6 1 -4.33442
8 7 1 7.19736
8 8 1 0.0595327
8 9 1 -4.83323
8 10 1 -7.63287
9 1 1 8.38729
9 2 1 -2.27348
9 3 1 6.98959
9 4 1 -5.1251
9 5 1 -4.28025
9 6 1 7.24982
9 7 1 5.00845
9 8 1 0.500793
9 9 1 4.35386
9 10 1 -0.731527
10 1 1 -8.80088
10 2 1 2.38104
10 3 1 -1.61142
10 4 1 2.15082
10 5 1 6.98635
10 6 1 -7.01886
10 7 1 9.0363
10 8 1 5.42411
10 9 1 -0.335141
10 10 1 -9.12463
11 1 1 8.55183
11 2 1 -6.9084
11 3 1 9.10239
11 4 1 -2.80866
11 5 1 7.68646
11 6 1 -3.18107
11 7 1 -8.45173
11 8 1 3.33805
11 9 1 4.13347
11 10 1 6.93331
12 1 1 6.22037
12 2 1 -8.77131
12 3 1 5.58166
12 4 1 -7.5835
12 5 1 9.41723
12 6 1 -0.0308873
12 7 1 -8.98794
12 8 1 -4.41185
12 9 1 4.30162
12 10 1 7.91381
13 1 1 -8.73049
13 2 1 -2.59639
13 3 1 0.315994
13 4 1 8.86793
13 5 1 2.68138
13 6 1 -3.55087
13 7 1 -0.576363
13 8 1 7.99501
13 9 1 -1.60534
13 10 1 -2.00075
14 1 1 5.95996
14 2 1 -6.68303
14 3 1 5.70107
14 4 1 -0.459501
14 5 1 6.30248
14 6 1 -6.45802
14 7 1 -5.11799
14 8 1 6.0773
14 9 1 -8.48373
14 10 1 7.87982
15 1 1 8.84502
15 2 1 6.7049
15 3 1 5.4695
15 4 1 1.06566
15 5 1 -9.90674
15 6 1 -3.13714
15 7 1 -2.43352
15 8 1 -4.13293
15 9 1 9.63498
15 10 1 2.92821
16 1 1 -3.97925
16 2 1 -2.68644
16 3 1 -1.32855
16 4 1 -6.96437
16 5 1 -8.62639
16 6 1 -6.76542
16 7 1 0.482083
16 8 1 -3.38021
16 9 1 -1.38098
16 10 1 -8.36031
17 1 1 -0.195877
17 2 1 -3.7108
17 3 1 -1.86112
17 4 1 -5.93221
17 5 1 -5.86845
17 6 1 -4.25901
17 7 1 1.95163
17 8 1 6.19549
17 9 1 -3.16886
17 10 1 4.45455
18 1 1 -2.30164
18 2 1 0.656449
18 3 1 -9.68411
18 4 1 -4.19705
18 5 1 -5.12809
18 6 1 -8.25574
18 7 1 -0.674651
18 8 1 -9.79386
18 9 1 -4.40899
18 10 1 2.63037
19 1 1 -1.8872
19 2 1 -3.33646
19 3 1 8.39477
19 4 1 2.27975
19 5 1 0.216015
19 6 1 -6.00359
19 7 1 7.92891
19 8 1 4.44805
19 9 1 -2.35711
19 10 1 6.60279
20 1 1 -9.05192
20 2 1 6.71734
20 3 1 -8.03354
20 4 1 6.31801
20 5 1 -0.50827
20 6 1 -5.92188
20 7 1 -9.56674
20 8 1 -4.50047
20 9 1 -2.34343
20 10 1 8.21732
21 1 1 -7.02253
21 2 1 -0.112924
21 3 1 -3.57274
21 4 1 -7.28911
21 5 1 -8.88278
21 6 1 6.43513
21 7 1 0.856873
21 8 1 -9.28337
21 9 1 -9.21358
21 10 1 -4.503
22 1 1 -5.31862
22 2 1 -5.1061
22 3 1 3.85707
22 4 1 7.89052
22 5 1 -0.657738
22 6 1 4.20753
22 7 1 0.664867
22 8 1 -0.848732
22 9 1 8.13784
22 10 1 -3.0829
23 1 1 -4.22931
23 2 1 -2.37311
23 3 1 9.13609
23 4 1 3.45616
23 5 1 -6.10479
23 6 1 2.02606
23 7 1 -8.36667
23 8 1 -7.24438
23 9 1 -9.97339
23 10 1 0.319293
24 1 1 -5.60365
24 2 1 3.46261
24 3 1 6.21086
24 4 1 -9.32407
24 5 1 3.34979
24 6 1 8.71982
24 7 1 6.00816
24 8 1 9.67361
24 9 1 -0.0960753
24 10 1 -9.0955
25 1 1 -0.557305
25 2 1 9.72767
25 3 1 3.90248
25 4 1 9.34352
25 5 1 1.73595
25 6 1 -4.86308
25 7 1 -6.20354
25 8 1 -5.67894
25 9 1 -5.25682
25 10 1 -5.88562
26 1 1 -3.14746
26 2 1 -9.02076
26 3 1 -4.68138
26 4 1 -2.72051
26 5 1 5.47279
26 6 1 8.30935
26 7 1 3.52297
26 8 1 2.59166
26 9 1 -4.19739
26 10 1 -7.53134
27 1 1 9.06253
27 2 1 -5.79956
27 3 1 2.54444
27 4 1 2.72033
27 5 1 8.88472
27 6 1 5.12917
27 7 1 9.57568
27 8 1 -9.48583
27 9 1 -5.50436
27 10 1 -5.91652
28 1 1 2.32717
28 2 1 4.90674
28 3 1 -9.16599
28 4 1 4.27773
28 5 1 6.70405
28 6 1 -5.71
28 7 1 2.45122
28 8 1 4.63806
28 9 1 -6.65405
28 10 1 9.91123
29 1 1 6.85332
29 2 1 -3.19505
29 3 1 0.230101
29 4 1 0.65153
29 5 1 -1.71087
29 6 1 1.76309
29 7 1 0.135708
29 8 1 -0.609254
29 9 1 -3.6281
29 10 1 -6.08116
30 1 1 5.44445
30 2 1 3.56081
30 3 1 -7.8913
30 4 1 -2.93636
30 5 1 -0.0748362
30 6 1 5.31067
30 7 1 -8.27786
30 8 1 9.81697
30 9 1 -7.84503
30 10 1 -2.31212
31 1 1 -4.47739
31 2 1 -3.33137
31 3 1 -3.54492
31 4 1 -1.78965
31 5 1 -6.30644
31 6 1 8.81024
31 7 1 6.84367
31 8 1 7.91049
31 9 1 6.45412
31 10 1 -0.544519
32 1 1 4.0261
32 2 1 3.20291
32 3 1 -9.61771
32 4 1 3.6985
32 5 1 6.77551
32 6 1 -5.57833
32 7 1 -7.24341
32 8 1 -2.66374
32 9 1 7.86708
32 10 1 0.940679
33 1 1 6.96076
33 2 1 6.0981
33 3 1 4.49296
33 4 1 3.79437
33 5 1 4.9784
33 6 1 9.59644
33 7 1 3.70977
33 8 1 -6.59661
33 9 1 -0.748671
33 10 1 5.72861
34 1 1 5.59807
34 2 1 4.63738
34 3 1 -6.65341
34 4 1 -3.23992
34 5 1 0.255574
34 6 1 -0.215582
34 7 1 6.41757
34 8 1 -8.21263
34 9 1 8.79678
34 10 1 -8.42326
35 1 1 8.29822
35 2 1 -9.3441
35 3 1 2.76866
35 4 1 -1.49918
35 5 1 -1.99355
35 6 1 -9.29978
35 7 1 -3.9861
35 8 1 4.20082
35 9 1 -0.0716863
35 10 1 -0.519371
36 1 1 -4.33974
36 2 1 -8.23398
36 3 1 -1.99185
36 4 1 -8.34839
36 5 1 8.50624
36 6 1 5.18382
36 7 1 1.04998
36 8 1 -4.8978
36 9 1 -9.99
36 10 1 -7.12524
37 1 1 -8.95725
37 2 1 8.05752
37 3 1 8.60467
37 4 1 4.63393
37 5 1 2.72909
37 6 1 -9.081
37 7 1 7.03445
37 8 1 6.47005
37 9 1 4.57372
37 10 1 8.32387
38 1 1 -6.45809
38 2 1 -7.96426
38 3 1 1.55034
38 4 1 -0.634981
38 5 1 8.02649
38 6 1 -0.126648
38 7 1 -8.17252
38 8 1 1.0608
38 9 1 -9.82212
38 10 1 -3.118
39 1 1 6.85305
39 2 1 0.607151
39 3 1 2.48552
39 4 1 1.88527
39 5 1 -1.58573
39 6 1 0.0695773
39 7 1 -4.23738
39 8 1 6.92784
39 9 1 -8.37729
39 10 1 -5.33272
40 1 1 7.68797
40 2 1 -5.50108
40 3 1 -8.99602
40 4 1 1.18198
40 5 1 7.08108
40 6 1 0.0301412
40 7 1 6.90399
40 8 1 -6.19772
40 9 1 5.49482
40 10 1 -3.82962
41 1 1 -5.86818
41 2 1 2.60579
41 3 1 -1.07379
41 4 1 -9.43156
41 5 1 1.49539
41 6 1 -8.32761
41 7 1 2.97381
41 8 1 3.9441
41 9 1 5.96943
41 10 1 -6.4611
42 1 1 -9.65855
42 2 1 -9.93289
42 3 1 6.23641
42 4 1 -3.99644
42 5 1 8.11263
42 6 1 4.68673
42 7 1 1.5404
42 8 1 7.35918
42 9 1 4.57306
42 10 1 -3.99139
43 1 1 6.4436
43 2 1 -0.602117
43 3 1 -4.12435
43 4 1 2.83163
43 5 1 7.26065
43 6 1 -7.26643
43 7 1 5.583
43 8 1 4.21865
43 9 1 -8.57507
43 10 1 -5.30068
44 1 1 5.95996
44 2 1 -6.68303
44 3 1 5.70107
44 4 1 -0.459501
44 5 1 6.30248
44 6 1 -6.45802
44 7 1 -5.11799
44 8 1 6.0773
44 9 1 -8.48373
44 10 1 7.87982
45 1 1 9.68851
45 2 1 4.26842
45 3 1 -2.09122
45 4 1 7.71679
45 5 1 -1.99296
45 6 1 -9.70156
45 7 1 -2.86338
45 8 1 9.3082
45 9 1 0.188263
45 10 1 3.46115
46 1 1 -7.59767
46 2 1 -5.48266
46 3 1 -8.95653
46 4 1 -8.53163
46 5 1 -0.182973
46 6 1 9.05733
46 7 1 -4.25553
46 8 1 5.28597
46 9 1 4.29193
46 10 1 2.52946
47 1 1 2.94492
47 2 1 9.46902
47 3 1 -2.36035
47 4 1 2.03368
47 5 1 -9.8698
47 6 1 -3.25597
47 7 1 -2.36641
47 8 1 6.45459
47 9 1 -5.9371
47 10 1 -1.16395
48 1 1 4.0261
48 2 1 3.20291
48 3 1 -9.61771
48 4 1 3.6985
48 5 1 6.77551
48 6 1 -5.57833
48 7 1 -7.24341
48 8 1 -2.66374
48 9 1 7.86708
48 10 1 0.940679
49 1 1 6.4436
49 2 1 -0.602117
49 3 1 -4.12435
49 4 1 2.83163
49 5 1 7.26065
49 6 1 -7.26643
49 7 1 5.583
49 8 1 4.21865
49 9 1 -8.57507
49 10 1 -5.30068
50 1 1 8.0474
50 2 1 -2.46504
50 3 1 -5.66088
50 4 1 -4.85653
50 5 1 -3.73266
50 6 1 9.87958
50 7 1 0.841024
50 8 1 -8.00523
50 9 1 4.19298
50 10 1 -1.59895
EOF
