NAME : ../data/HC_data/case50/case_3_50_10_5_2.hhcrp
TYPE : HHCRP
COMMENT : Bredstrom, Ronnqvist 2008
PATIENTS : 45
SERVICES : 50
CARE_WORKERS : 10
SUBCONTRACTING : 0
CONTINUITY_OF_CARE : 0
BREAK : 0
OVERTIME : 0
TARDINESS : 0
HORIZON : 1
STARTING_HOUR : 0
ENDING_HOUR : 704
MAP_MIN_WIDTH : 0
MAP_MAX_WIDTH : 10000
MAP_MIN_HEIGHT : 0
MAP_MAX_HEIGHT : 10000
WEEK_SECTION
1 1
PATIENT_DISTANCE_SECTION
1 0
2 41 0
3 40 18 0
4 39 28 43 0
5 16 26 25 32 0
6 36 27 11 49 23 0
7 29 16 12 35 14 15 0
8 46 12 30 21 33 39 27 0
9 2 39 38 38 15 34 28 45 0
10 44 21 38 11 33 45 32 11 42 0
11 36 9 11 32 20 19 8 21 34 27 0
12 35 33 46 7 31 50 37 27 35 18 36 0
13 35 32 46 7 31 50 36 27 34 17 35 1 0
14 39 3 16 29 24 25 14 15 38 23 6 34 33 0
15 44 11 29 20 30 38 25 3 42 11 19 26 25 14 0
16 30 31 43 10 26 46 33 27 30 19 33 6 5 31 25 0
17 13 30 34 27 10 33 22 34 12 31 27 24 24 29 32 19 0
18 39 13 29 16 26 36 23 8 37 10 18 21 21 14 6 20 26 0
19 29 17 29 16 18 33 19 18 28 16 18 18 18 17 15 15 17 10 0
20 34 12 11 33 18 17 5 23 32 29 3 36 36 9 21 33 25 20 18 0
21 11 31 29 36 6 25 19 38 10 38 25 34 34 29 36 29 11 31 23 23 0
22 16 35 41 25 18 41 30 36 15 31 33 20 20 35 34 16 8 29 20 32 18 0
23 29 16 13 33 13 16 2 26 27 30 8 35 34 13 24 31 21 22 18 6 18 28 0
24 36 20 35 9 26 41 27 14 35 8 24 14 13 21 13 13 24 8 9 25 31 24 25 0
25 42 4 22 26 27 31 19 9 40 18 12 31 30 7 8 29 31 10 16 15 33 35 18 17 0
26 18 26 32 22 12 33 21 29 17 26 24 21 20 26 27 15 6 21 12 23 14 10 19 19 26 0
27 22 30 38 18 18 40 27 29 21 24 29 14 14 29 27 9 10 22 13 28 21 8 26 17 29 7 0
28 28 25 14 42 15 8 10 36 27 40 16 44 43 22 34 39 25 32 27 14 18 33 11 35 28 25 32 0
29 51 11 26 30 36 37 27 10 49 21 19 36 36 14 11 36 40 16 24 22 42 44 27 23 10 35 37 35 0
30 37 22 37 7 27 43 29 16 35 8 26 12 11 23 14 12 24 10 10 27 32 24 27 3 19 19 16 37 25 0
31 39 36 50 8 36 54 40 29 39 18 39 5 5 37 27 10 29 24 22 40 38 24 39 16 33 25 19 48 38 14 0
32 50 14 31 25 37 41 29 5 49 15 23 32 31 17 8 32 38 13 22 25 42 41 29 19 11 34 34 38 7 20 33 0
33 28 27 16 44 16 8 12 38 26 42 19 45 44 25 36 41 26 34 29 16 17 34 13 37 30 27 33 3 38 39 49 41 0
34 33 25 38 7 26 43 29 20 32 13 28 9 8 26 18 7 21 14 10 28 29 20 27 6 23 16 12 37 29 5 12 25 38 0
35 33 20 34 10 24 39 25 17 32 11 23 13 13 21 15 11 21 9 7 24 28 21 24 4 18 16 14 33 25 4 16 21 35 5 0
36 48 8 23 30 33 33 23 10 46 21 16 35 35 10 11 34 37 15 22 18 38 41 23 22 6 32 35 32 4 24 37 9 34 28 23 0
37 32 27 13 47 20 4 13 39 31 44 19 48 48 25 37 44 30 35 31 16 22 38 14 39 31 30 37 5 37 41 52 41 5 41 38 34 0
38 29 14 24 21 15 28 14 18 27 19 14 23 22 14 16 19 17 11 5 14 21 22 13 13 14 13 16 22 23 15 27 22 24 15 11 20 27 0
39 36 29 43 3 30 48 34 22 35 13 32 5 5 30 21 7 24 17 15 33 34 22 32 9 26 20 15 41 32 7 8 27 43 5 9 31 46 20 0
40 19 27 34 21 13 35 23 29 18 26 26 19 18 27 27 14 6 22 12 25 16 8 21 18 27 2 6 27 36 18 23 34 28 15 15 33 32 14 19 0
41 33 20 7 41 19 8 7 31 32 37 11 43 43 17 30 39 28 28 26 9 22 36 9 33 23 27 34 7 30 35 47 33 9 36 32 26 8 21 40 29 0
42 40 26 42 3 32 48 34 18 39 8 31 10 10 28 17 12 28 14 15 32 36 26 32 7 23 23 19 42 28 5 11 22 44 7 9 27 46 20 5 22 40 0
43 35 9 22 21 21 29 16 12 34 16 12 25 25 9 10 23 24 7 9 13 27 28 15 13 8 19 22 25 17 15 28 16 27 17 13 14 28 7 21 20 22 20 0
44 34 14 8 36 18 14 5 26 32 32 6 39 38 12 24 35 27 23 21 4 23 34 6 28 18 25 31 11 24 30 43 28 14 31 27 21 14 17 36 27 6 35 16 0
45 28 29 40 11 24 43 30 26 28 19 30 8 8 29 24 3 17 19 13 30 27 14 28 12 27 13 7 36 34 11 12 31 38 7 10 33 41 17 8 11 37 13 21 33 0
PATIENT_SERVICES_SECTION
1 45 8
2 35 5
3 47 6
4 46
5 48 1
6 40 2
7 3
8 4
9 7
10 9
11 10
12 11
13 12
14 13
15 14
16 15
17 16
18 17
19 18
20 19
21 20
22 21
23 22
24 23
25 24
26 25
27 26
28 27
29 28
30 29
31 30
32 31
33 32
34 33
35 34
36 36
37 37
38 38
39 39
40 41
41 42
42 43
43 44
44 49
45 50
SERVICE_PROCESSING_TIME_SECTION
1 175
2 81
3 92
4 95
5 50
6 77
7 130
8 116
9 91
10 102
11 93
12 22
13 23
14 103
15 116
16 176
17 165
18 116
19 127
20 124
21 142
22 110
23 81
24 64
25 105
26 140
27 74
28 102
29 182
30 82
31 51
32 62
33 46
34 152
35 50
36 37
37 95
38 91
39 113
40 81
41 61
42 95
43 57
44 39
45 116
46 96
47 77
48 175
49 92
50 99
SERVICE_AVAILABILITY_DAYS_SECTION
1 1
2 1
3 1
4 1
5 1
6 1
7 1
8 1
9 1
10 1
11 1
12 1
13 1
14 1
15 1
16 1
17 1
18 1
19 1
20 1
21 1
22 1
23 1
24 1
25 1
26 1
27 1
28 1
29 1
30 1
31 1
32 1
33 1
34 1
35 1
36 1
37 1
38 1
39 1
40 1
41 1
42 1
43 1
44 1
45 1
46 1
47 1
48 1
49 1
50 1
SERVICE_TIME_WINDOWS_SECTION
1 1 144 314
2 1 354 493
3 1 413 504
4 1 528 645
5 1 586 723
6 1 99 160
7 1 156 276
8 1 281 363
9 1 356 523
10 1 455 586
11 1 0 50
12 1 45 187
13 1 87 224
14 1 143 231
15 1 254 341
16 1 0 47
17 1 107 267
18 1 264 379
19 1 378 468
20 1 428 596
21 1 0 69
22 1 63 200
23 1 192 318
24 1 278 421
25 1 324 471
26 1 0 100
27 1 67 244
28 1 158 292
29 1 240 436
30 1 425 563
31 1 0 90
32 1 46 123
33 1 118 230
34 1 199 281
35 1 586 723
36 1 0 81
37 1 0 132
38 1 157 261
39 1 209 302
40 1 354 493
41 1 0 80
42 1 0 133
43 1 126 288
44 1 183 308
45 1 281 363
46 1 0 44
47 1 99 160
48 1 144 314
49 1 326 426
50 1 429 527
SERVICE_DELAY_MIN_HOUR_SECTION
1 48 0
2 40 0
3
4
5 35 0
6 47 0
7
8 45 0
9
10
11
12
13
14
15
16
17
18
19
20
21
22
23
24
25
26
27
28
29
30
31
32
33
34
35 5 0
36
37
38
39
40 2 0
41
42
43
44
45 8 0
46
47 6 0
48 1 0
49
50
SERVICE_DELAY_MAX_HOUR_SECTION
1 48 0
2 40 0
3
4
5 35 0
6 47 0
7
8 45 0
9
10
11
12
13
14
15
16
17
18
19
20
21
22
23
24
25
26
27
28
29
30
31
32
33
34
35 5 0
36
37
38
39
40 2 0
41
42
43
44
45 8 0
46
47 6 0
48 1 0
49
50
CARE_WORKER_PATIENT_ORIGIN_DESTINATION_DISTANCE_SECTION
1 1 27 27
1 2 15 15
1 3 23 23
1 4 22 22
1 5 13 13
1 6 27 27
1 7 13 13
1 8 20 20
1 9 25 25
1 10 21 21
1 11 13 13
1 12 24 24
1 13 24 24
1 14 14 14
1 15 18 18
1 16 20 20
1 17 16 16
1 18 14 14
1 19 7 7
1 20 13 13
1 21 19 19
1 22 21 21
1 23 11 11
1 24 15 15
1 25 16 16
1 26 12 12
1 27 16 16
1 28 21 21
1 29 25 25
1 30 17 17
1 31 28 28
1 32 24 24
1 33 22 22
1 34 17 17
1 35 13 13
1 36 21 21
1 37 25 25
1 38 3 3
1 39 21 21
1 40 13 13
1 41 20 20
1 42 22 22
1 43 9 9
1 44 16 16
1 45 18 18
2 1 27 27
2 2 15 15
2 3 23 23
2 4 22 22
2 5 13 13
2 6 27 27
2 7 13 13
2 8 20 20
2 9 25 25
2 10 21 21
2 11 13 13
2 12 24 24
2 13 24 24
2 14 14 14
2 15 18 18
2 16 20 20
2 17 16 16
2 18 14 14
2 19 7 7
2 20 13 13
2 21 19 19
2 22 21 21
2 23 11 11
2 24 15 15
2 25 16 16
2 26 12 12
2 27 16 16
2 28 21 21
2 29 25 25
2 30 17 17
2 31 28 28
2 32 24 24
2 33 22 22
2 34 17 17
2 35 13 13
2 36 21 21
2 37 25 25
2 38 3 3
2 39 21 21
2 40 13 13
2 41 20 20
2 42 22 22
2 43 9 9
2 44 16 16
2 45 18 18
3 1 27 27
3 2 15 15
3 3 23 23
3 4 22 22
3 5 13 13
3 6 27 27
3 7 13 13
3 8 20 20
3 9 25 25
3 10 21 21
3 11 13 13
3 12 24 24
3 13 24 24
3 14 14 14
3 15 18 18
3 16 20 20
3 17 16 16
3 18 14 14
3 19 7 7
3 20 13 13
3 21 19 19
3 22 21 21
3 23 11 11
3 24 15 15
3 25 16 16
3 26 12 12
3 27 16 16
3 28 21 21
3 29 25 25
3 30 17 17
3 31 28 28
3 32 24 24
3 33 22 22
3 34 17 17
3 35 13 13
3 36 21 21
3 37 25 25
3 38 3 3
3 39 21 21
3 40 13 13
3 41 20 20
3 42 22 22
3 43 9 9
3 44 16 16
3 45 18 18
4 1 27 27
4 2 15 15
4 3 23 23
4 4 22 22
4 5 13 13
4 6 27 27
4 7 13 13
4 8 20 20
4 9 25 25
4 10 21 21
4 11 13 13
4 12 24 24
4 13 24 24
4 14 14 14
4 15 18 18
4 16 20 20
4 17 16 16
4 18 14 14
4 19 7 7
4 20 13 13
4 21 19 19
4 22 21 21
4 23 11 11
4 24 15 15
4 25 16 16
4 26 12 12
4 27 16 16
4 28 21 21
4 29 25 25
4 30 17 17
4 31 28 28
4 32 24 24
4 33 22 22
4 34 17 17
4 35 13 13
4 36 21 21
4 37 25 25
4 38 3 3
4 39 21 21
4 40 13 13
4 41 20 20
4 42 22 22
4 43 9 9
4 44 16 16
4 45 18 18
5 1 27 27
5 2 15 15
5 3 23 23
5 4 22 22
5 5 13 13
5 6 27 27
5 7 13 13
5 8 20 20
5 9 25 25
5 10 21 21
5 11 13 13
5 12 24 24
5 13 24 24
5 14 14 14
5 15 18 18
5 16 20 20
5 17 16 16
5 18 14 14
5 19 7 7
5 20 13 13
5 21 19 19
5 22 21 21
5 23 11 11
5 24 15 15
5 25 16 16
5 26 12 12
5 27 16 16
5 28 21 21
5 29 25 25
5 30 17 17
5 31 28 28
5 32 24 24
5 33 22 22
5 34 17 17
5 35 13 13
5 36 21 21
5 37 25 25
5 38 3 3
5 39 21 21
5 40 13 13
5 41 20 20
5 42 22 22
5 43 9 9
5 44 16 16
5 45 18 18
6 1 27 27
6 2 15 15
6 3 23 23
6 4 22 22
6 5 13 13
6 6 27 27
6 7 13 13
6 8 20 20
6 9 25 25
6 10 21 21
6 11 13 13
6 12 24 24
6 13 24 24
6 14 14 14
6 15 18 18
6 16 20 20
6 17 16 16
6 18 14 14
6 19 7 7
6 20 13 13
6 21 19 19
6 22 21 21
6 23 11 11
6 24 15 15
6 25 16 16
6 26 12 12
6 27 16 16
6 28 21 21
6 29 25 25
6 30 17 17
6 31 28 28
6 32 24 24
6 33 22 22
6 34 17 17
6 35 13 13
6 36 21 21
6 37 25 25
6 38 3 3
6 39 21 21
6 40 13 13
6 41 20 20
6 42 22 22
6 43 9 9
6 44 16 16
6 45 18 18
7 1 27 27
7 2 15 15
7 3 23 23
7 4 22 22
7 5 13 13
7 6 27 27
7 7 13 13
7 8 20 20
7 9 25 25
7 10 21 21
7 11 13 13
7 12 24 24
7 13 24 24
7 14 14 14
7 15 18 18
7 16 20 20
7 17 16 16
7 18 14 14
7 19 7 7
7 20 13 13
7 21 19 19
7 22 21 21
7 23 11 11
7 24 15 15
7 25 16 16
7 26 12 12
7 27 16 16
7 28 21 21
7 29 25 25
7 30 17 17
7 31 28 28
7 32 24 24
7 33 22 22
7 34 17 17
7 35 13 13
7 36 21 21
7 37 25 25
7 38 3 3
7 39 21 21
7 40 13 13
7 41 20 20
7 42 22 22
7 43 9 9
7 44 16 16
7 45 18 18
8 1 27 27
8 2 15 15
8 3 23 23
8 4 22 22
8 5 13 13
8 6 27 27
8 7 13 13
8 8 20 20
8 9 25 25
8 10 21 21
8 11 13 13
8 12 24 24
8 13 24 24
8 14 14 14
8 15 18 18
8 16 20 20
8 17 16 16
8 18 14 14
8 19 7 7
8 20 13 13
8 21 19 19
8 22 21 21
8 23 11 11
8 24 15 15
8 25 16 16
8 26 12 12
8 27 16 16
8 28 21 21
8 29 25 25
8 30 17 17
8 31 28 28
8 32 24 24
8 33 22 22
8 34 17 17
8 35 13 13
8 36 21 21
8 37 25 25
8 38 3 3
8 39 21 21
8 40 13 13
8 41 20 20
8 42 22 22
8 43 9 9
8 44 16 16
8 45 18 18
9 1 27 27
9 2 15 15
9 3 23 23
9 4 22 22
9 5 13 13
9 6 27 27
9 7 13 13
9 8 20 20
9 9 25 25
9 10 21 21
9 11 13 13
9 12 24 24
9 13 24 24
9 14 14 14
9 15 18 18
9 16 20 20
9 17 16 16
9 18 14 14
9 19 7 7
9 20 13 13
9 21 19 19
9 22 21 21
9 23 11 11
9 24 15 15
9 25 16 16
9 26 12 12
9 27 16 16
9 28 21 21
9 29 25 25
9 30 17 17
9 31 28 28
9 32 24 24
9 33 22 22
9 34 17 17
9 35 13 13
9 36 21 21
9 37 25 25
9 38 3 3
9 39 21 21
9 40 13 13
9 41 20 20
9 42 22 22
9 43 9 9
9 44 16 16
9 45 18 18
10 1 27 27
10 2 15 15
10 3 23 23
10 4 22 22
10 5 13 13
10 6 27 27
10 7 13 13
10 8 20 20
10 9 25 25
10 10 21 21
10 11 13 13
10 12 24 24
10 13 24 24
10 14 14 14
10 15 18 18
10 16 20 20
10 17 16 16
10 18 14 14
10 19 7 7
10 20 13 13
10 21 19 19
10 22 21 21
10 23 11 11
10 24 15 15
10 25 16 16
10 26 12 12
10 27 16 16
10 28 21 21
10 29 25 25
10 30 17 17
10 31 28 28
10 32 24 24
10 33 22 22
10 34 17 17
10 35 13 13
10 36 21 21
10 37 25 25
10 38 3 3
10 39 21 21
10 40 13 13
10 41 20 20
10 42 22 22
10 43 9 9
10 44 16 16
10 45 18 18
CARE_WORKER_AVAILABILITY_DAYS_SECTION
1 1
2 1
3 1
4 1
5 1
6 1
7 1
8 1
9 1
10 1
CARE_WORKER_TIME_WINDOWS_SECTION
1 1 0 704
2 1 0 704
3 1 0 704
4 1 0 704
5 1 0 704
6 1 0 704
7 1 0 704
8 1 0 704
9 1 0 704
10 1 0 704
CARE_WORKER_SERVICE_AUTHORIZED_TO_CARE_SECTION
1 1 2 3 4 5 6 7 8 9 10 11 12 13 14 15 16 17 18 19 20 21 22 23 24 25 26 27 28 29 30 31 32 33 34 35 36 37 38 39 40 41 42 43 44 45 46 47 48 49 50
2 1 2 3 4 5 6 7 8 9 10 11 12 13 14 15 16 17 18 19 20 21 22 23 24 25 26 27 28 29 30 31 32 33 34 35 36 37 38 39 40 41 42 43 44 45 46 47 48 49 50
3 1 2 3 4 5 6 7 8 9 10 11 12 13 14 15 16 17 18 19 20 21 22 23 24 25 26 27 28 29 30 31 32 33 34 35 36 37 38 39 40 41 42 43 44 45 46 47 48 49 50
4 1 2 3 4 5 6 7 8 9 10 11 12 13 14 15 16 17 18 19 20 21 22 23 24 25 26 27 28 29 30 31 32 33 34 35 36 37 38 39 40 41 42 43 44 45 46 47 48 49 50
5 1 2 3 4 5 6 7 8 9 10 11 12 13 14 15 16 17 18 19 20 21 22 23 24 25 26 27 28 29 30 31 32 33 34 35 36 37 38 39 40 41 42 43 44 45 46 47 48 49 50
6 1 2 3 4 5 6 7 8 9 10 11 12 13 14 15 16 17 18 19 20 21 22 23 24 25 26 27 28 29 30 31 32 33 34 35 36 37 38 39 40 41 42 43 44 45 46 47 48 49 50
7 1 2 3 4 5 6 7 8 9 10 11 12 13 14 15 16 17 18 19 20 21 22 23 24 25 26 27 28 29 30 31 32 33 34 35 36 37 38 39 40 41 42 43 44 45 46 47 48 49 50
8 1 2 3 4 5 6 7 8 9 10 11 12 13 14 15 16 17 18 19 20 21 22 23 24 25 26 27 28 29 30 31 32 33 34 35 36 37 38 39 40 41 42 43 44 45 46 47 48 49 50
9 1 2 3 4 5 6 7 8 9 10 11 12 13 14 15 16 17 18 19 20 21 22 23 24 25 26 27 28 29 30 31 32 33 34 35 36 37 38 39 40 41 42 43 44 45 46 47 48 49 50
10 1 2 3 4 5 6 7 8 9 10 11 12 13 14 15 16 17 18 19 20 21 22 23 24 25 26 27 28 29 30 31 32 33 34 35 36 37 38 39 40 41 42 43 44 45 46 47 48 49 50
CARE_WORKER_MAX_DAILY_WORKING_TIME_SECTION
1 1 704
2 1 704
3 1 704
4 1 704
5 1 704
6 1 704
7 1 704
8 1 704
9 1 704
10 1 704
COST_SERVICE_CARE_WORKER_DAY_SECTION
1 1 1 -3.52855
1 2 1 -7.39929
1 3 1 4.32906
1 4 1 6.97074
1 5 1 -7.07495
1 6 1 -4.69636
1 7 1 -2.13585
1 8 1 -8.90503
1 9 1 0.249184
1 10 1 7.40785
2 1 1 -4.02549
2 2 1 2.25209
2 3 1 -2.48089
2 4 1 -2.61662
2 5 1 -5.07342
2 6 1 5.20595
2 7 1 -8.20803
2 8 1 0.38441
2 9 1 -3.86221
2 10 1 -9.56948
3 1 1 -5.76439
3 2 1 -8.94241
3 3 1 -1.06198
3 4 1 -6.12258
3 5 1 2.53153
3 6 1 9.85852
3 7 1 -3.13606
3 8 1 7.13584
3 9 1 -7.34364
3 10 1 2.17977
4 1 1 -6.84753
4 2 1 4.81321
4 3 1 -9.60166
4 4 1 8.06559
4 5 1 8.8837
4 6 1 -5.79612
4 7 1 -6.86417
4 8 1 1.26019
4 9 1 4.62914
4 10 1 0.310929
5 1 1 2.99296
5 2 1 1.07284
5 3 1 -4.78469
5 4 1 -9.26098
5 5 1 2.04681
5 6 1 9.29251
5 7 1 9.04638
5 8 1 1.64049
5 9 1 -8.52266
5 10 1 6.63883
6 1 1 -4.0766
6 2 1 6.1389
6 3 1 7.02616
6 4 1 -0.995193
6 5 1 3.8164
6 6 1 -5.62246
6 7 1 3.9103
6 8 1 -9.77528
6 9 1 3.42714
6 10 1 -0.138479
7 1 1 -4.25542
7 2 1 0.524716
7 3 1 4.60009
7 4 1 3.93874
7 5 1 7.6337
7 6 1 7.6622
7 7 1 -1.34731
7 8 1 -9.46005
7 9 1 6.40328
7 10 1 5.0851
8 1 1 -8.31779
8 2 1 4.46286
8 3 1 8.44752
8 4 1 7.86897
8 5 1 0.393741
8 6 1 -9.61445
8 7 1 -5.33122
8 8 1 5.49187
8 9 1 3.44866
8 10 1 9.31859
9 1 1 -8.76107
9 2 1 8.83496
9 3 1 -7.00596
9 4 1 -9.32784
9 5 1 6.84428
9 6 1 -3.32736
9 7 1 -9.98403
9 8 1 6.10987
9 9 1 -4.58606
9 10 1 9.02521
10 1 1 1.55013
10 2 1 0.851786
10 3 1 0.698252
10 4 1 8.88709
10 5 1 -3.30653
10 6 1 -3.58375
10 7 1 -0.65687
10 8 1 -0.796307
10 9 1 -7.26633
10 10 1 -4.35729
11 1 1 -9.18542
11 2 1 -4.84929
11 3 1 -6.82783
11 4 1 -3.08303
11 5 1 -3.68023
11 6 1 -3.19537
11 7 1 -6.5305
11 8 1 0.659711
11 9 1 -7.25749
11 10 1 -3.25808
12 1 1 -5.63663
12 2 1 -7.98265
12 3 1 9.54444
12 4 1 7.15496
12 5 1 5.98933
12 6 1 -2.70647
12 7 1 1.81961
12 8 1 -4.98108
12 9 1 -8.08673
12 10 1 -2.30032
13 1 1 7.51449
13 2 1 8.37257
13 3 1 -7.07468
13 4 1 8.70773
13 5 1 -2.30682
13 6 1 5.37307
13 7 1 -7.30676
13 8 1 -7.98131
13 9 1 -4.71279
13 10 1 -1.60269
14 1 1 9.63864
14 2 1 -8.44973
14 3 1 9.27226
14 4 1 0.273984
14 5 1 9.37742
14 6 1 -3.75421
14 7 1 0.291922
14 8 1 6.12986
14 9 1 4.01553
14 10 1 -8.16184
15 1 1 6.88129
15 2 1 -0.976859
15 3 1 7.71304
15 4 1 -4.95393
15 5 1 -7.08259
15 6 1 -5.52717
15 7 1 6.2798
15 8 1 3.45176
15 9 1 -7.73098
15 10 1 2.80667
16 1 1 9.68193
16 2 1 -3.15375
16 3 1 -5.46431
16 4 1 2.04237
16 5 1 -7.68325
16 6 1 -5.70835
16 7 1 6.31609
16 8 1 -4.54335
16 9 1 -1.21341
16 10 1 7.48932
17 1 1 6.47538
17 2 1 -0.541361
17 3 1 -6.49318
17 4 1 -9.13936
17 5 1 4.41475
17 6 1 7.7232
17 7 1 8.0473
17 8 1 -0.563113
17 9 1 -3.56476
17 10 1 0.502339
18 1 1 -9.23208
18 2 1 5.84168
18 3 1 6.78913
18 4 1 -7.02443
18 5 1 9.02668
18 6 1 -3.09615
18 7 1 8.61843
18 8 1 5.47505
18 9 1 -3.24216
18 10 1 -3.0615
19 1 1 7.85426
19 2 1 8.18111
19 3 1 7.31787
19 4 1 1.93169
19 5 1 -2.68877
19 6 1 -5.10173
19 7 1 -3.58707
19 8 1 -7.70932
19 9 1 2.4889
19 10 1 -4.87026
20 1 1 -6.65269
20 2 1 -1.09828
20 3 1 0.997936
20 4 1 0.147654
20 5 1 -3.8668
20 6 1 -2.65824
20 7 1 4.633
20 8 1 -9.82521
20 9 1 2.69145
20 10 1 9.8944
21 1 1 -2.35088
21 2 1 5.23159
21 3 1 -0.939501
21 4 1 -2.48451
21 5 1 3.58068
21 6 1 -6.05903
21 7 1 3.03371
21 8 1 1.79608
21 9 1 -7.79234
21 10 1 5.93298
22 1 1 9.64915
22 2 1 3.88829
22 3 1 -9.66213
22 4 1 -7.85425
22 5 1 -8.14411
22 6 1 -5.17481
22 7 1 -2.87853
22 8 1 8.13038
22 9 1 -6.56803
22 10 1 6.9913
23 1 1 3.1934
23 2 1 -2.9438
23 3 1 2.44928
23 4 1 -7.66938
23 5 1 9.50683
23 6 1 -4.77833
23 7 1 6.90672
23 8 1 5.56944
23 9 1 3.63444
23 10 1 3.90886
24 1 1 -4.7381
24 2 1 0.0425495
24 3 1 3.4286
24 4 1 2.29732
24 5 1 2.84776
24 6 1 0.808232
24 7 1 9.30007
24 8 1 7.76315
24 9 1 -1.59584
24 10 1 -4.08247
25 1 1 8.87394
25 2 1 7.54821
25 3 1 -7.44941
25 4 1 -3.31581
25 5 1 8.56876
25 6 1 9.13473
25 7 1 8.84376
25 8 1 -3.38912
25 9 1 -1.49654
25 10 1 -1.06776
26 1 1 6.45667
26 2 1 9.7934
26 3 1 -1.82341
26 4 1 -6.05773
26 5 1 4.77551
26 6 1 -4.2083
26 7 1 5.50194
26 8 1 3.09539
26 9 1 -7.52916
26 10 1 7.12723
27 1 1 6.46623
27 2 1 6.56319
27 3 1 9.18117
27 4 1 -0.392505
27 5 1 -0.0291825
27 6 1 -6.1467
27 7 1 6.90152
27 8 1 6.01241
27 9 1 -8.14297
27 10 1 -6.24523
28 1 1 0.125318
28 2 1 -7.24871
28 3 1 6.89021
28 4 1 2.4775
28 5 1 1.13258
28 6 1 -6.30165
28 7 1 3.47302
28 8 1 0.372564
28 9 1 6.11833
28 10 1 3.47791
29 1 1 3.79781
29 2 1 -4.46715
29 3 1 -9.58463
29 4 1 2.09935
29 5 1 -8.90094
29 6 1 -8.4007
29 7 1 3.16213
29 8 1 0.0637353
29 9 1 2.05602
29 10 1 -1.97107
30 1 1 2.35412
30 2 1 -7.01824
30 3 1 5.98861
30 4 1 -7.98985
30 5 1 5.2096
30 6 1 -0.505862
30 7 1 -3.07324
30 8 1 1.31082
30 9 1 -3.32621
30 10 1 9.88549
31 1 1 -8.27955
31 2 1 -5.29138
31 3 1 1.34821
31 4 1 -6.4258
31 5 1 -6.89652
31 6 1 3.05566
31 7 1 8.31141
31 8 1 2.41461
31 9 1 -6.92167
31 10 1 0.197762
32 1 1 -3.73784
32 2 1 -6.9842
32 3 1 -6.74887
32 4 1 -6.50221
32 5 1 4.62898
32 6 1 -8.91299
32 7 1 -7.82613
32 8 1 -5.02874
32 9 1 -4.61735
32 10 1 2.26767
33 1 1 -5.93995
33 2 1 -2.32082
33 3 1 1.61479
33 4 1 -3.29218
33 5 1 -3.0761
33 6 1 6.71116
33 7 1 8.99979
33 8 1 4.49539
33 9 1 0.54878
33 10 1 -6.99116
34 1 1 5.67118
34 2 1 -4.20328
34 3 1 -0.801776
34 4 1 -4.3819
34 5 1 -6.08767
34 6 1 1.68589
34 7 1 -1.82602
34 8 1 -7.38891
34 9 1 -2.74201
34 10 1 -7.30268
35 1 1 2.99296
35 2 1 1.07284
35 3 1 -4.78469
35 4 1 -9.26098
35 5 1 2.04681
35 6 1 9.29251
35 7 1 9.04638
35 8 1 1.64049
35 9 1 -8.52266
35 10 1 6.63883
36 1 1 3.83982
36 2 1 9.74356
36 3 1 -0.295
36 4 1 0.0776429
36 5 1 6.43068
36 6 1 -1.55597
36 7 1 1.86679
36 8 1 -7.94956
36 9 1 -6.77186
36 10 1 -1.16715
37 1 1 -6.31698
37 2 1 0.436175
37 3 1 2.96823
37 4 1 -8.95424
37 5 1 -9.26459
37 6 1 3.26977
37 7 1 -8.30116
37 8 1 -5.68745
37 9 1 4.33157
37 10 1 -9.10383
38 1 1 -8.80676
38 2 1 -9.00085
38 3 1 -9.07239
38 4 1 -1.47612
38 5 1 8.6896
38 6 1 -9.70096
38 7 1 -7.93916
38 8 1 7.27294
38 9 1 2.73234
38 10 1 -6.18896
39 1 1 0.713252
39 2 1 8.60763
39 3 1 -7.58429
39 4 1 4.32588
39 5 1 -2.87294
39 6 1 2.43473
39 7 1 -7.91286
39 8 1 7.21173
39 9 1 7.93943
39 10 1 -7.00197
40 1 1 -4.02549
40 2 1 2.25209
40 3 1 -2.48089
40 4 1 -2.61662
40 5 1 -5.07342
40 6 1 5.20595
40 7 1 -8.20803
40 8 1 0.38441
40 9 1 -3.86221
40 10 1 -9.56948
41 1 1 4.23016
41 2 1 -1.9283
41 3 1 -5.45765
41 4 1 -5.71081
41 5 1 -3.52111
41 6 1 9.64626
41 7 1 0.519502
41 8 1 -8.90123
41 9 1 5.71097
41 10 1 -4.78639
42 1 1 -2.64994
42 2 1 7.84248
42 3 1 5.01737
42 4 1 6.22707
42 5 1 5.62274
42 6 1 -9.11255
42 7 1 8.40637
42 8 1 3.1567
42 9 1 -7.872
42 10 1 5.92281
43 1 1 -5.99444
43 2 1 -2.41812
43 3 1 1.55258
43 4 1 -4.79735
43 5 1 6.14872
43 6 1 3.63169
43 7 1 9.80716
43 8 1 3.08145
43 9 1 3.39753
43 10 1 -5.92025
44 1 1 2.44648
44 2 1 9.50116
44 3 1 -9.50765
44 4 1 6.19237
44 5 1 -6.93946
44 6 1 -1.63315
44 7 1 1.13106
44 8 1 -5.26766
44 9 1 9.28962
44 10 1 9.26522
45 1 1 -8.31779
45 2 1 4.46286
45 3 1 8.44752
45 4 1 7.86897
45 5 1 0.393741
45 6 1 -9.61445
45 7 1 -5.33122
45 8 1 5.49187
45 9 1 3.44866
45 10 1 9.31859
46 1 1 -8.67043
46 2 1 8.49768
46 3 1 -2.04437
46 4 1 -0.0302605
46 5 1 6.37554
46 6 1 -8.04973
46 7 1 1.314
46 8 1 -8.05619
46 9 1 1.00111
46 10 1 9.55647
47 1 1 -4.0766
47 2 1 6.1389
47 3 1 7.02616
47 4 1 -0.995193
47 5 1 3.8164
47 6 1 -5.62246
47 7 1 3.9103
47 8 1 -9.77528
47 9 1 3.42714
47 10 1 -0.138479
48 1 1 -3.52855
48 2 1 -7.39929
48 3 1 4.32906
48 4 1 6.97074
48 5 1 -7.07495
48 6 1 -4.69636
48 7 1 -2.13585
48 8 1 -8.90503
48 9 1 0.249184
48 10 1 7.40785
49 1 1 5.00992
49 2 1 -0.838658
49 3 1 -7.33062
49 4 1 -4.37783
49 5 1 -7.00125
49 6 1 -9.97137
49 7 1 -8.49373
49 8 1 -8.08009
49 9 1 3.87215
49 10 1 -5.03554
50 1 1 7.63235
50 2 1 -2.35587
50 3 1 -6.49189
50 4 1 1.00839
50 5 1 8.558
50 6 1 -2.47676
50 7 1 9.71402
50 8 1 6.16835
50 9 1 5.88042
50 10 1 2.47919
EOF
