NAME : ../data/HC_data/case80/case_1_80_16_8_4.hhcrp
TYPE : HHCRP
COMMENT : Bredstrom, Ronnqvist 2008
PATIENTS : 72
SERVICES : 80
CARE_WORKERS : 16
SUBCONTRACTING : 0
CONTINUITY_OF_CARE : 0
BREAK : 0
OVERTIME : 0
TARDINESS : 0
HORIZON : 1
STARTING_HOUR : 0
ENDING_HOUR : 718
MAP_MIN_WIDTH : 0
MAP_MAX_WIDTH : 10000
MAP_MIN_HEIGHT : 0
MAP_MAX_HEIGHT : 10000
WEEK_SECTION
1 1
PATIENT_DISTANCE_SECTION
1 0
2 10 0
3 8 18 0
4 25 24 28 0
5 4 9 10 22 0
6 33 24 41 41 33 0
7 8 14 9 19 6 38 0
8 34 26 41 45 34 8 39 0
9 4 7 11 26 5 30 11 30 0
10 35 25 42 35 33 11 37 18 32 0
11 36 27 43 28 33 22 36 29 34 11 0
12 5 7 12 22 3 30 8 32 5 31 31 0
13 11 17 10 19 9 40 3 42 14 39 38 11 0
14 35 27 42 26 32 23 35 30 33 13 3 30 36 0
15 18 18 21 8 14 38 12 42 19 34 30 15 11 28 0
16 24 16 31 20 21 21 24 27 22 16 12 20 26 11 19 0
17 24 19 31 42 25 17 31 13 21 25 34 24 34 34 36 27 0
18 24 20 29 9 20 32 20 38 24 26 20 19 21 18 11 12 36 0
19 40 32 47 31 37 24 40 32 38 14 5 35 41 6 33 16 38 23 0
20 29 28 32 5 26 43 24 48 30 36 29 26 23 27 12 22 45 11 31 0
21 10 11 14 33 12 29 17 28 7 33 38 12 20 37 26 27 17 30 42 37 0
22 39 31 47 33 37 21 40 28 37 11 5 35 42 7 34 16 35 24 4 33 40 0
23 10 17 9 34 13 37 16 36 11 41 44 15 18 43 27 33 25 33 48 39 9 47 0
24 37 28 45 33 35 17 39 24 35 6 6 33 40 8 34 15 31 25 8 34 37 5 44 0
25 22 24 24 5 19 42 16 46 24 38 32 20 15 30 6 23 42 13 35 9 31 36 31 37 0
26 32 23 39 39 31 2 36 8 28 11 21 29 39 22 37 20 16 31 24 42 28 21 36 17 41 0
27 30 25 35 12 26 34 26 40 29 27 18 25 26 16 16 14 40 6 20 11 36 22 39 24 16 33 0
28 13 8 19 32 14 23 19 22 9 27 32 12 22 31 25 22 12 27 36 35 7 34 15 31 31 21 32 0
29 39 31 46 29 36 25 39 33 37 15 5 34 40 5 32 15 38 21 2 29 41 6 47 9 33 25 18 35 0
30 20 17 26 9 17 32 17 36 21 27 22 16 18 20 9 12 33 4 25 12 27 26 30 26 12 30 10 24 23 0
31 16 13 21 36 17 24 23 22 12 30 36 16 25 36 30 26 10 32 40 40 7 38 15 34 35 23 37 5 40 29 0
32 27 20 34 19 24 24 26 30 25 17 11 22 27 9 20 4 31 10 15 20 30 15 36 15 22 23 11 25 13 11 30 0
33 12 17 13 16 10 40 5 42 15 38 36 11 3 35 9 25 35 19 40 20 22 40 20 39 12 39 24 23 38 16 27 26 0
34 22 22 25 4 19 40 16 44 23 35 30 19 15 28 5 20 40 10 33 8 30 34 31 34 3 39 14 29 31 9 34 20 12 0
35 25 16 32 32 24 10 29 14 22 11 18 21 31 19 29 13 16 24 22 34 23 20 30 16 33 9 27 16 22 23 19 17 31 31 0
36 24 24 26 3 21 42 18 46 25 37 30 21 16 29 7 22 42 11 33 7 32 35 33 35 3 40 14 31 31 10 36 21 14 2 32 0
37 10 17 8 21 9 41 3 42 13 40 39 11 3 38 13 27 33 23 43 25 19 43 16 41 17 39 28 22 41 20 25 29 5 17 31 19 0
38 35 28 42 23 32 28 34 35 34 18 8 31 35 6 26 12 38 16 9 23 39 11 44 14 27 27 12 34 7 18 38 9 33 25 23 25 37 0
39 26 18 33 20 23 22 26 28 25 15 11 21 27 9 20 3 29 12 15 22 29 15 35 14 23 21 13 24 13 12 28 3 26 21 15 22 29 10 0
40 14 8 21 31 14 20 20 20 11 24 29 13 23 29 25 20 12 26 33 35 10 32 18 28 31 19 31 3 33 23 7 23 24 29 13 31 23 32 22 0
41 26 17 33 37 25 9 31 9 22 16 24 23 33 25 33 19 10 29 28 40 21 25 29 21 38 7 33 15 28 28 16 23 34 35 7 37 33 29 21 12 0
42 31 22 38 38 30 3 35 8 27 11 21 28 38 22 35 19 16 30 24 41 27 21 35 17 40 2 32 20 25 29 22 22 37 38 7 39 38 27 20 18 6 0
43 11 12 15 34 14 29 19 27 9 34 38 13 21 38 27 28 16 31 42 39 2 41 9 38 33 28 37 7 42 28 6 31 23 31 23 33 20 40 30 10 21 27 0
44 18 10 26 21 16 20 20 25 16 18 18 14 22 17 18 7 22 14 22 24 21 21 27 19 22 19 18 15 21 12 20 10 21 20 11 22 23 19 9 14 16 18 21 0
45 21 17 27 11 18 30 19 35 21 25 20 17 19 18 11 10 33 3 23 13 28 24 31 24 13 29 9 24 22 2 29 10 17 11 22 12 21 16 10 23 27 28 29 12 0
46 18 14 24 11 15 30 15 35 18 26 22 14 16 21 9 11 31 6 26 15 24 26 28 26 12 29 12 22 24 3 27 12 14 10 21 12 18 19 12 21 26 28 26 11 4 0
47 25 16 32 35 24 9 30 11 21 14 22 22 32 23 31 17 12 27 26 38 21 23 29 20 36 8 30 14 26 26 16 21 32 34 5 35 32 27 19 12 3 6 21 14 25 24 0
48 24 23 28 2 21 39 19 44 26 34 27 21 18 25 8 19 41 8 30 5 32 32 34 32 6 38 11 31 28 8 35 18 16 4 30 4 20 22 19 30 36 37 34 20 9 10 34 0
49 27 20 34 20 24 23 27 29 26 16 10 22 28 9 20 4 31 11 14 21 30 14 36 14 23 22 11 25 13 12 30 1 26 20 16 21 29 9 2 23 22 22 31 10 10 12 20 18 0
50 5 14 4 25 7 38 6 39 9 39 40 9 8 39 18 28 29 26 44 29 13 43 10 41 22 37 31 17 43 22 20 30 10 22 30 23 6 38 30 19 30 35 15 22 24 20 30 25 30 0
51 28 25 31 5 24 39 23 44 28 33 25 24 22 23 11 18 42 7 28 4 35 30 37 30 10 38 8 33 26 9 38 16 20 8 31 7 24 19 18 32 36 37 36 21 10 12 34 4 17 28 0
52 12 11 17 34 14 28 19 26 9 32 37 13 22 36 27 27 15 30 41 38 3 39 11 36 32 26 36 6 41 27 5 30 23 31 21 33 21 38 29 8 19 25 2 20 28 25 19 33 30 15 36 0
53 30 23 37 21 28 25 30 31 29 16 8 26 31 6 23 7 34 12 11 21 34 12 39 13 24 24 11 29 10 14 33 4 29 22 19 23 32 5 5 27 25 23 35 14 12 15 23 20 4 34 18 33 0
54 16 10 23 34 17 19 23 18 13 24 30 15 26 30 28 21 9 28 34 37 11 32 19 29 33 18 33 4 34 26 6 25 26 31 13 33 25 33 23 3 11 17 11 15 25 23 11 33 25 21 34 9 28 0
55 21 23 23 7 19 43 15 46 23 38 33 19 13 31 5 24 41 14 36 10 30 38 30 38 2 41 18 30 35 12 35 23 11 4 33 4 15 29 24 30 38 40 32 23 14 13 36 7 24 21 11 32 26 33 0
56 9 16 8 33 12 37 15 36 10 40 43 13 17 42 26 32 25 32 47 37 9 46 2 44 30 36 38 15 47 29 15 35 19 30 30 32 15 43 34 17 29 35 9 26 30 27 29 33 35 9 36 11 38 19 29 0
57 26 17 33 25 23 17 27 23 24 11 11 21 29 11 23 5 25 16 15 26 27 14 34 12 27 16 18 21 15 16 25 8 28 25 10 26 30 14 6 19 16 15 28 8 14 15 14 23 7 30 23 26 9 20 28 33 0
58 8 11 13 32 11 30 16 29 6 34 37 11 18 37 25 27 18 29 42 36 2 40 8 37 30 29 35 8 41 26 9 30 20 29 23 31 17 38 29 10 22 28 3 20 26 23 22 31 30 12 34 4 33 12 29 8 27 0
59 13 10 20 15 10 29 12 32 13 27 25 9 14 23 10 13 28 11 28 19 20 29 23 27 15 28 17 17 27 8 22 15 12 13 20 15 15 23 14 17 24 27 21 10 8 5 22 14 15 16 16 20 18 19 15 22 16 19 0
60 25 17 32 39 25 11 31 9 21 19 28 23 33 28 34 22 7 32 31 42 19 29 27 25 39 10 35 13 32 30 13 26 34 37 10 39 33 32 24 11 4 9 19 18 29 28 6 37 25 30 38 17 28 9 39 27 19 20 25 0
61 33 24 41 38 32 6 37 13 30 6 17 30 39 18 36 18 21 29 19 40 31 16 39 12 40 6 30 24 20 29 27 20 39 37 9 39 40 23 18 22 11 6 31 18 27 28 11 36 19 38 36 29 21 21 40 38 14 32 27 15 0
62 21 12 29 25 19 16 23 21 18 14 17 17 26 16 22 8 20 17 21 28 21 19 28 17 26 15 20 15 20 16 20 11 25 24 7 26 26 19 10 13 13 14 22 4 15 14 11 24 11 25 24 21 14 14 27 27 6 21 13 15 14 0
63 29 21 36 40 29 6 34 6 26 15 25 27 37 26 36 22 12 32 28 42 24 25 32 21 41 5 35 18 29 31 19 25 37 39 9 40 37 30 23 16 4 5 24 19 30 29 5 38 24 34 39 22 26 14 41 32 18 25 27 6 10 15 0
64 22 17 27 11 18 30 19 35 21 25 20 17 20 18 11 10 33 3 23 13 28 24 31 24 14 29 9 24 21 3 29 9 18 11 21 12 21 16 10 23 27 28 29 11 1 4 25 10 10 24 10 28 12 25 14 30 14 27 9 29 27 15 30 0
65 34 26 41 27 31 21 34 28 32 11 2 29 36 3 29 11 32 19 7 28 36 6 42 7 31 20 18 30 6 20 34 9 34 28 17 29 37 8 9 27 23 20 36 16 18 21 21 26 9 38 24 35 7 28 32 41 9 36 23 26 16 15 23 18 0
66 24 18 30 14 21 27 22 33 23 21 15 19 23 14 15 7 32 6 19 16 29 20 33 20 17 26 8 25 17 7 30 5 22 15 19 16 25 12 6 23 25 25 30 10 5 8 23 13 6 27 12 29 8 25 18 32 11 28 11 28 24 13 27 5 14 0
67 10 18 7 22 10 42 5 43 14 41 40 12 4 39 15 29 34 24 44 26 19 44 16 43 18 40 30 22 43 21 25 30 6 18 33 20 2 38 30 23 34 39 20 24 23 19 33 22 31 6 26 21 34 26 16 15 31 17 16 34 41 28 38 23 39 27 0
68 22 16 28 39 23 17 29 14 18 24 32 21 31 32 33 25 4 33 36 42 15 33 23 29 39 16 37 10 36 31 9 29 32 37 14 39 31 36 27 9 9 15 14 20 30 28 10 38 28 27 39 13 31 6 38 23 22 16 25 6 20 18 11 30 30 29 31 0
69 20 13 27 36 20 16 26 14 16 22 29 19 29 30 31 22 6 30 33 39 14 31 22 27 36 15 34 8 33 28 9 26 30 34 12 36 29 33 24 6 8 14 14 17 27 25 9 35 25 25 36 12 28 4 36 22 20 15 22 6 19 15 11 27 28 26 29 4 0
70 8 9 13 31 10 29 15 28 5 32 36 9 18 35 24 25 18 28 40 35 3 39 9 36 29 28 33 7 39 24 8 28 19 28 22 30 17 37 27 9 21 26 4 19 25 22 21 30 28 12 33 4 32 11 28 9 25 2 17 19 30 20 24 25 34 27 17 16 14 0
71 6 7 13 20 3 31 8 32 6 31 31 2 10 30 13 19 25 18 35 24 13 34 16 32 18 29 24 13 34 15 17 21 11 17 22 19 10 30 21 14 24 28 15 14 16 12 23 20 22 9 22 14 25 16 18 15 21 12 8 24 30 17 27 16 29 18 12 22 20 11 0
72 15 6 23 26 14 19 19 21 12 20 23 12 22 23 21 13 17 20 27 29 15 26 22 23 26 18 24 9 27 17 14 17 21 24 10 26 22 25 15 7 13 17 16 7 17 15 11 25 17 20 26 14 20 9 26 21 13 15 12 14 19 7 16 17 21 17 23 14 11 13 12 0
PATIENT_SERVICES_SECTION
1 54 9
2 69 60
3 41 1
4 24 4
5 72 59
6 79 13
7 32 26
8 80 22
9 2
10 3
11 5
12 6
13 7
14 8
15 10
16 11
17 12
18 14
19 15
20 16
21 17
22 18
23 19
24 20
25 21
26 23
27 25
28 27
29 28
30 29
31 30
32 31
33 33
34 34
35 35
36 36
37 37
38 38
39 39
40 40
41 42
42 43
43 44
44 45
45 46
46 47
47 48
48 49
49 50
50 51
51 52
52 53
53 55
54 56
55 57
56 58
57 61
58 62
59 63
60 64
61 65
62 66
63 67
64 68
65 70
66 71
67 73
68 74
69 75
70 76
71 77
72 78
SERVICE_PROCESSING_TIME_SECTION
1 77
2 127
3 54
4 117
5 102
6 100
7 29
8 85
9 68
10 137
11 86
12 155
13 102
14 141
15 74
16 123
17 152
18 116
19 98
20 107
21 170
22 78
23 65
24 117
25 82
26 78
27 51
28 70
29 67
30 103
31 113
32 78
33 57
34 114
35 70
36 109
37 172
38 62
39 65
40 56
41 77
42 155
43 113
44 133
45 81
46 179
47 51
48 138
49 12
50 106
51 82
52 95
53 121
54 68
55 96
56 113
57 86
58 151
59 70
60 79
61 134
62 148
63 93
64 62
65 91
66 54
67 120
68 135
69 79
70 110
71 121
72 70
73 88
74 74
75 96
76 107
77 21
78 162
79 102
80 78
SERVICE_AVAILABILITY_DAYS_SECTION
1 1
2 1
3 1
4 1
5 1
6 1
7 1
8 1
9 1
10 1
11 1
12 1
13 1
14 1
15 1
16 1
17 1
18 1
19 1
20 1
21 1
22 1
23 1
24 1
25 1
26 1
27 1
28 1
29 1
30 1
31 1
32 1
33 1
34 1
35 1
36 1
37 1
38 1
39 1
40 1
41 1
42 1
43 1
44 1
45 1
46 1
47 1
48 1
49 1
50 1
51 1
52 1
53 1
54 1
55 1
56 1
57 1
58 1
59 1
60 1
61 1
62 1
63 1
64 1
65 1
66 1
67 1
68 1
69 1
70 1
71 1
72 1
73 1
74 1
75 1
76 1
77 1
78 1
79 1
80 1
SERVICE_TIME_WINDOWS_SECTION
1 1 0 155
2 1 0 189
3 1 28 404
4 1 417 655
5 1 521 737
6 1 0 160
7 1 0 224
8 1 13 227
9 1 201 428
10 1 298 504
11 1 0 138
12 1 0 234
13 1 125 423
14 1 248 536
15 1 415 666
16 1 0 127
17 1 68 251
18 1 170 401
19 1 281 513
20 1 450 681
21 1 0 99
22 1 209 516
23 1 269 555
24 1 417 655
25 1 465 765
26 1 0 220
27 1 28 315
28 1 97 412
29 1 199 522
30 1 311 571
31 1 0 121
32 1 0 220
33 1 89 310
34 1 103 366
35 1 161 450
36 1 0 85
37 1 0 211
38 1 175 463
39 1 152 486
40 1 238 510
41 1 0 155
42 1 0 244
43 1 61 400
44 1 194 393
45 1 265 601
46 1 0 69
47 1 33 268
48 1 137 356
49 1 209 401
50 1 246 523
51 1 0 169
52 1 18 212
53 1 144 401
54 1 201 428
55 1 198 523
56 1 0 101
57 1 0 215
58 1 137 362
59 1 213 442
60 1 273 487
61 1 0 176
62 1 0 258
63 1 151 411
64 1 229 550
65 1 312 573
66 1 0 104
67 1 0 199
68 1 0 274
69 1 273 487
70 1 395 596
71 1 0 116
72 1 213 442
73 1 250 499
74 1 395 624
75 1 435 751
76 1 0 122
77 1 0 234
78 1 0 277
79 1 125 423
80 1 209 516
SERVICE_DELAY_MIN_HOUR_SECTION
1 41 0
2
3
4 24 0
5
6
7
8
9 54 0
10
11
12
13 79 0
14
15
16
17
18
19
20
21
22 80 0
23
24 4 0
25
26 32 0
27
28
29
30
31
32 26 0
33
34
35
36
37
38
39
40
41 1 0
42
43
44
45
46
47
48
49
50
51
52
53
54 9 0
55
56
57
58
59 72 0
60 69 0
61
62
63
64
65
66
67
68
69 60 0
70
71
72 59 0
73
74
75
76
77
78
79 13 0
80 22 0
SERVICE_DELAY_MAX_HOUR_SECTION
1 41 0
2
3
4 24 0
5
6
7
8
9 54 0
10
11
12
13 79 0
14
15
16
17
18
19
20
21
22 80 0
23
24 4 0
25
26 32 0
27
28
29
30
31
32 26 0
33
34
35
36
37
38
39
40
41 1 0
42
43
44
45
46
47
48
49
50
51
52
53
54 9 0
55
56
57
58
59 72 0
60 69 0
61
62
63
64
65
66
67
68
69 60 0
70
71
72 59 0
73
74
75
76
77
78
79 13 0
80 22 0
CARE_WORKER_PATIENT_ORIGIN_DESTINATION_DISTANCE_SECTION
1 1 15 15
1 2 7 7
1 3 23 23
1 4 21 21
1 5 13 13
1 6 22 22
1 7 17 17
1 8 25 25
1 9 13 13
1 10 21 21
1 11 21 21
1 12 11 11
1 13 19 19
1 14 20 20
1 15 17 17
1 16 10 10
1 17 22 22
1 18 15 15
1 19 25 25
1 20 24 24
1 21 18 18
1 22 25 25
1 23 23 23
1 24 22 22
1 25 22 22
1 26 21 21
1 27 19 19
1 28 13 13
1 29 25 25
1 30 12 12
1 31 18 18
1 32 13 13
1 33 19 19
1 34 19 19
1 35 13 13
1 36 21 21
1 37 20 20
1 38 22 22
1 39 12 12
1 40 12 12
1 41 17 17
1 42 19 19
1 43 19 19
1 44 4 4
1 45 12 12
1 46 10 10
1 47 15 15
1 48 20 20
1 49 13 13
1 50 19 19
1 51 21 21
1 52 18 18
1 53 17 17
1 54 14 14
1 55 22 22
1 56 23 23
1 57 11 11
1 58 17 17
1 59 8 8
1 60 18 18
1 61 21 21
1 62 7 7
1 63 20 20
1 64 12 12
1 65 19 19
1 66 12 12
1 67 21 21
1 68 19 19
1 69 16 16
1 70 16 16
1 71 11 11
1 72 5 5
2 1 15 15
2 2 7 7
2 3 23 23
2 4 21 21
2 5 13 13
2 6 22 22
2 7 17 17
2 8 25 25
2 9 13 13
2 10 21 21
2 11 21 21
2 12 11 11
2 13 19 19
2 14 20 20
2 15 17 17
2 16 10 10
2 17 22 22
2 18 15 15
2 19 25 25
2 20 24 24
2 21 18 18
2 22 25 25
2 23 23 23
2 24 22 22
2 25 22 22
2 26 21 21
2 27 19 19
2 28 13 13
2 29 25 25
2 30 12 12
2 31 18 18
2 32 13 13
2 33 19 19
2 34 19 19
2 35 13 13
2 36 21 21
2 37 20 20
2 38 22 22
2 39 12 12
2 40 12 12
2 41 17 17
2 42 19 19
2 43 19 19
2 44 4 4
2 45 12 12
2 46 10 10
2 47 15 15
2 48 20 20
2 49 13 13
2 50 19 19
2 51 21 21
2 52 18 18
2 53 17 17
2 54 14 14
2 55 22 22
2 56 23 23
2 57 11 11
2 58 17 17
2 59 8 8
2 60 18 18
2 61 21 21
2 62 7 7
2 63 20 20
2 64 12 12
2 65 19 19
2 66 12 12
2 67 21 21
2 68 19 19
2 69 16 16
2 70 16 16
2 71 11 11
2 72 5 5
3 1 15 15
3 2 7 7
3 3 23 23
3 4 21 21
3 5 13 13
3 6 22 22
3 7 17 17
3 8 25 25
3 9 13 13
3 10 21 21
3 11 21 21
3 12 11 11
3 13 19 19
3 14 20 20
3 15 17 17
3 16 10 10
3 17 22 22
3 18 15 15
3 19 25 25
3 20 24 24
3 21 18 18
3 22 25 25
3 23 23 23
3 24 22 22
3 25 22 22
3 26 21 21
3 27 19 19
3 28 13 13
3 29 25 25
3 30 12 12
3 31 18 18
3 32 13 13
3 33 19 19
3 34 19 19
3 35 13 13
3 36 21 21
3 37 20 20
3 38 22 22
3 39 12 12
3 40 12 12
3 41 17 17
3 42 19 19
3 43 19 19
3 44 4 4
3 45 12 12
3 46 10 10
3 47 15 15
3 48 20 20
3 49 13 13
3 50 19 19
3 51 21 21
3 52 18 18
3 53 17 17
3 54 14 14
3 55 22 22
3 56 23 23
3 57 11 11
3 58 17 17
3 59 8 8
3 60 18 18
3 61 21 21
3 62 7 7
3 63 20 20
3 64 12 12
3 65 19 19
3 66 12 12
3 67 21 21
3 68 19 19
3 69 16 16
3 70 16 16
3 71 11 11
3 72 5 5
4 1 15 15
4 2 7 7
4 3 23 23
4 4 21 21
4 5 13 13
4 6 22 22
4 7 17 17
4 8 25 25
4 9 13 13
4 10 21 21
4 11 21 21
4 12 11 11
4 13 19 19
4 14 20 20
4 15 17 17
4 16 10 10
4 17 22 22
4 18 15 15
4 19 25 25
4 20 24 24
4 21 18 18
4 22 25 25
4 23 23 23
4 24 22 22
4 25 22 22
4 26 21 21
4 27 19 19
4 28 13 13
4 29 25 25
4 30 12 12
4 31 18 18
4 32 13 13
4 33 19 19
4 34 19 19
4 35 13 13
4 36 21 21
4 37 20 20
4 38 22 22
4 39 12 12
4 40 12 12
4 41 17 17
4 42 19 19
4 43 19 19
4 44 4 4
4 45 12 12
4 46 10 10
4 47 15 15
4 48 20 20
4 49 13 13
4 50 19 19
4 51 21 21
4 52 18 18
4 53 17 17
4 54 14 14
4 55 22 22
4 56 23 23
4 57 11 11
4 58 17 17
4 59 8 8
4 60 18 18
4 61 21 21
4 62 7 7
4 63 20 20
4 64 12 12
4 65 19 19
4 66 12 12
4 67 21 21
4 68 19 19
4 69 16 16
4 70 16 16
4 71 11 11
4 72 5 5
5 1 15 15
5 2 7 7
5 3 23 23
5 4 21 21
5 5 13 13
5 6 22 22
5 7 17 17
5 8 25 25
5 9 13 13
5 10 21 21
5 11 21 21
5 12 11 11
5 13 19 19
5 14 20 20
5 15 17 17
5 16 10 10
5 17 22 22
5 18 15 15
5 19 25 25
5 20 24 24
5 21 18 18
5 22 25 25
5 23 23 23
5 24 22 22
5 25 22 22
5 26 21 21
5 27 19 19
5 28 13 13
5 29 25 25
5 30 12 12
5 31 18 18
5 32 13 13
5 33 19 19
5 34 19 19
5 35 13 13
5 36 21 21
5 37 20 20
5 38 22 22
5 39 12 12
5 40 12 12
5 41 17 17
5 42 19 19
5 43 19 19
5 44 4 4
5 45 12 12
5 46 10 10
5 47 15 15
5 48 20 20
5 49 13 13
5 50 19 19
5 51 21 21
5 52 18 18
5 53 17 17
5 54 14 14
5 55 22 22
5 56 23 23
5 57 11 11
5 58 17 17
5 59 8 8
5 60 18 18
5 61 21 21
5 62 7 7
5 63 20 20
5 64 12 12
5 65 19 19
5 66 12 12
5 67 21 21
5 68 19 19
5 69 16 16
5 70 16 16
5 71 11 11
5 72 5 5
6 1 15 15
6 2 7 7
6 3 23 23
6 4 21 21
6 5 13 13
6 6 22 22
6 7 17 17
6 8 25 25
6 9 13 13
6 10 21 21
6 11 21 21
6 12 11 11
6 13 19 19
6 14 20 20
6 15 17 17
6 16 10 10
6 17 22 22
6 18 15 15
6 19 25 25
6 20 24 24
6 21 18 18
6 22 25 25
6 23 23 23
6 24 22 22
6 25 22 22
6 26 21 21
6 27 19 19
6 28 13 13
6 29 25 25
6 30 12 12
6 31 18 18
6 32 13 13
6 33 19 19
6 34 19 19
6 35 13 13
6 36 21 21
6 37 20 20
6 38 22 22
6 39 12 12
6 40 12 12
6 41 17 17
6 42 19 19
6 43 19 19
6 44 4 4
6 45 12 12
6 46 10 10
6 47 15 15
6 48 20 20
6 49 13 13
6 50 19 19
6 51 21 21
6 52 18 18
6 53 17 17
6 54 14 14
6 55 22 22
6 56 23 23
6 57 11 11
6 58 17 17
6 59 8 8
6 60 18 18
6 61 21 21
6 62 7 7
6 63 20 20
6 64 12 12
6 65 19 19
6 66 12 12
6 67 21 21
6 68 19 19
6 69 16 16
6 70 16 16
6 71 11 11
6 72 5 5
7 1 15 15
7 2 7 7
7 3 23 23
7 4 21 21
7 5 13 13
7 6 22 22
7 7 17 17
7 8 25 25
7 9 13 13
7 10 21 21
7 11 21 21
7 12 11 11
7 13 19 19
7 14 20 20
7 15 17 17
7 16 10 10
7 17 22 22
7 18 15 15
7 19 25 25
7 20 24 24
7 21 18 18
7 22 25 25
7 23 23 23
7 24 22 22
7 25 22 22
7 26 21 21
7 27 19 19
7 28 13 13
7 29 25 25
7 30 12 12
7 31 18 18
7 32 13 13
7 33 19 19
7 34 19 19
7 35 13 13
7 36 21 21
7 37 20 20
7 38 22 22
7 39 12 12
7 40 12 12
7 41 17 17
7 42 19 19
7 43 19 19
7 44 4 4
7 45 12 12
7 46 10 10
7 47 15 15
7 48 20 20
7 49 13 13
7 50 19 19
7 51 21 21
7 52 18 18
7 53 17 17
7 54 14 14
7 55 22 22
7 56 23 23
7 57 11 11
7 58 17 17
7 59 8 8
7 60 18 18
7 61 21 21
7 62 7 7
7 63 20 20
7 64 12 12
7 65 19 19
7 66 12 12
7 67 21 21
7 68 19 19
7 69 16 16
7 70 16 16
7 71 11 11
7 72 5 5
8 1 15 15
8 2 7 7
8 3 23 23
8 4 21 21
8 5 13 13
8 6 22 22
8 7 17 17
8 8 25 25
8 9 13 13
8 10 21 21
8 11 21 21
8 12 11 11
8 13 19 19
8 14 20 20
8 15 17 17
8 16 10 10
8 17 22 22
8 18 15 15
8 19 25 25
8 20 24 24
8 21 18 18
8 22 25 25
8 23 23 23
8 24 22 22
8 25 22 22
8 26 21 21
8 27 19 19
8 28 13 13
8 29 25 25
8 30 12 12
8 31 18 18
8 32 13 13
8 33 19 19
8 34 19 19
8 35 13 13
8 36 21 21
8 37 20 20
8 38 22 22
8 39 12 12
8 40 12 12
8 41 17 17
8 42 19 19
8 43 19 19
8 44 4 4
8 45 12 12
8 46 10 10
8 47 15 15
8 48 20 20
8 49 13 13
8 50 19 19
8 51 21 21
8 52 18 18
8 53 17 17
8 54 14 14
8 55 22 22
8 56 23 23
8 57 11 11
8 58 17 17
8 59 8 8
8 60 18 18
8 61 21 21
8 62 7 7
8 63 20 20
8 64 12 12
8 65 19 19
8 66 12 12
8 67 21 21
8 68 19 19
8 69 16 16
8 70 16 16
8 71 11 11
8 72 5 5
9 1 15 15
9 2 7 7
9 3 23 23
9 4 21 21
9 5 13 13
9 6 22 22
9 7 17 17
9 8 25 25
9 9 13 13
9 10 21 21
9 11 21 21
9 12 11 11
9 13 19 19
9 14 20 20
9 15 17 17
9 16 10 10
9 17 22 22
9 18 15 15
9 19 25 25
9 20 24 24
9 21 18 18
9 22 25 25
9 23 23 23
9 24 22 22
9 25 22 22
9 26 21 21
9 27 19 19
9 28 13 13
9 29 25 25
9 30 12 12
9 31 18 18
9 32 13 13
9 33 19 19
9 34 19 19
9 35 13 13
9 36 21 21
9 37 20 20
9 38 22 22
9 39 12 12
9 40 12 12
9 41 17 17
9 42 19 19
9 43 19 19
9 44 4 4
9 45 12 12
9 46 10 10
9 47 15 15
9 48 20 20
9 49 13 13
9 50 19 19
9 51 21 21
9 52 18 18
9 53 17 17
9 54 14 14
9 55 22 22
9 56 23 23
9 57 11 11
9 58 17 17
9 59 8 8
9 60 18 18
9 61 21 21
9 62 7 7
9 63 20 20
9 64 12 12
9 65 19 19
9 66 12 12
9 67 21 21
9 68 19 19
9 69 16 16
9 70 16 16
9 71 11 11
9 72 5 5
10 1 15 15
10 2 7 7
10 3 23 23
10 4 21 21
10 5 13 13
10 6 22 22
10 7 17 17
10 8 25 25
10 9 13 13
10 10 21 21
10 11 21 21
10 12 11 11
10 13 19 19
10 14 20 20
10 15 17 17
10 16 10 10
10 17 22 22
10 18 15 15
10 19 25 25
10 20 24 24
10 21 18 18
10 22 25 25
10 23 23 23
10 24 22 22
10 25 22 22
10 26 21 21
10 27 19 19
10 28 13 13
10 29 25 25
10 30 12 12
10 31 18 18
10 32 13 13
10 33 19 19
10 34 19 19
10 35 13 13
10 36 21 21
10 37 20 20
10 38 22 22
10 39 12 12
10 40 12 12
10 41 17 17
10 42 19 19
10 43 19 19
10 44 4 4
10 45 12 12
10 46 10 10
10 47 15 15
10 48 20 20
10 49 13 13
10 50 19 19
10 51 21 21
10 52 18 18
10 53 17 17
10 54 14 14
10 55 22 22
10 56 23 23
10 57 11 11
10 58 17 17
10 59 8 8
10 60 18 18
10 61 21 21
10 62 7 7
10 63 20 20
10 64 12 12
10 65 19 19
10 66 12 12
10 67 21 21
10 68 19 19
10 69 16 16
10 70 16 16
10 71 11 11
10 72 5 5
11 1 15 15
11 2 7 7
11 3 23 23
11 4 21 21
11 5 13 13
11 6 22 22
11 7 17 17
11 8 25 25
11 9 13 13
11 10 21 21
11 11 21 21
11 12 11 11
11 13 19 19
11 14 20 20
11 15 17 17
11 16 10 10
11 17 22 22
11 18 15 15
11 19 25 25
11 20 24 24
11 21 18 18
11 22 25 25
11 23 23 23
11 24 22 22
11 25 22 22
11 26 21 21
11 27 19 19
11 28 13 13
11 29 25 25
11 30 12 12
11 31 18 18
11 32 13 13
11 33 19 19
11 34 19 19
11 35 13 13
11 36 21 21
11 37 20 20
11 38 22 22
11 39 12 12
11 40 12 12
11 41 17 17
11 42 19 19
11 43 19 19
11 44 4 4
11 45 12 12
11 46 10 10
11 47 15 15
11 48 20 20
11 49 13 13
11 50 19 19
11 51 21 21
11 52 18 18
11 53 17 17
11 54 14 14
11 55 22 22
11 56 23 23
11 57 11 11
11 58 17 17
11 59 8 8
11 60 18 18
11 61 21 21
11 62 7 7
11 63 20 20
11 64 12 12
11 65 19 19
11 66 12 12
11 67 21 21
11 68 19 19
11 69 16 16
11 70 16 16
11 71 11 11
11 72 5 5
12 1 15 15
12 2 7 7
12 3 23 23
12 4 21 21
12 5 13 13
12 6 22 22
12 7 17 17
12 8 25 25
12 9 13 13
12 10 21 21
12 11 21 21
12 12 11 11
12 13 19 19
12 14 20 20
12 15 17 17
12 16 10 10
12 17 22 22
12 18 15 15
12 19 25 25
12 20 24 24
12 21 18 18
12 22 25 25
12 23 23 23
12 24 22 22
12 25 22 22
12 26 21 21
12 27 19 19
12 28 13 13
12 29 25 25
12 30 12 12
12 31 18 18
12 32 13 13
12 33 19 19
12 34 19 19
12 35 13 13
12 36 21 21
12 37 20 20
12 38 22 22
12 39 12 12
12 40 12 12
12 41 17 17
12 42 19 19
12 43 19 19
12 44 4 4
12 45 12 12
12 46 10 10
12 47 15 15
12 48 20 20
12 49 13 13
12 50 19 19
12 51 21 21
12 52 18 18
12 53 17 17
12 54 14 14
12 55 22 22
12 56 23 23
12 57 11 11
12 58 17 17
12 59 8 8
12 60 18 18
12 61 21 21
12 62 7 7
12 63 20 20
12 64 12 12
12 65 19 19
12 66 12 12
12 67 21 21
12 68 19 19
12 69 16 16
12 70 16 16
12 71 11 11
12 72 5 5
13 1 15 15
13 2 7 7
13 3 23 23
13 4 21 21
13 5 13 13
13 6 22 22
13 7 17 17
13 8 25 25
13 9 13 13
13 10 21 21
13 11 21 21
13 12 11 11
13 13 19 19
13 14 20 20
13 15 17 17
13 16 10 10
13 17 22 22
13 18 15 15
13 19 25 25
13 20 24 24
13 21 18 18
13 22 25 25
13 23 23 23
13 24 22 22
13 25 22 22
13 26 21 21
13 27 19 19
13 28 13 13
13 29 25 25
13 30 12 12
13 31 18 18
13 32 13 13
13 33 19 19
13 34 19 19
13 35 13 13
13 36 21 21
13 37 20 20
13 38 22 22
13 39 12 12
13 40 12 12
13 41 17 17
13 42 19 19
13 43 19 19
13 44 4 4
13 45 12 12
13 46 10 10
13 47 15 15
13 48 20 20
13 49 13 13
13 50 19 19
13 51 21 21
13 52 18 18
13 53 17 17
13 54 14 14
13 55 22 22
13 56 23 23
13 57 11 11
13 58 17 17
13 59 8 8
13 60 18 18
13 61 21 21
13 62 7 7
13 63 20 20
13 64 12 12
13 65 19 19
13 66 12 12
13 67 21 21
13 68 19 19
13 69 16 16
13 70 16 16
13 71 11 11
13 72 5 5
14 1 15 15
14 2 7 7
14 3 23 23
14 4 21 21
14 5 13 13
14 6 22 22
14 7 17 17
14 8 25 25
14 9 13 13
14 10 21 21
14 11 21 21
14 12 11 11
14 13 19 19
14 14 20 20
14 15 17 17
14 16 10 10
14 17 22 22
14 18 15 15
14 19 25 25
14 20 24 24
14 21 18 18
14 22 25 25
14 23 23 23
14 24 22 22
14 25 22 22
14 26 21 21
14 27 19 19
14 28 13 13
14 29 25 25
14 30 12 12
14 31 18 18
14 32 13 13
14 33 19 19
14 34 19 19
14 35 13 13
14 36 21 21
14 37 20 20
14 38 22 22
14 39 12 12
14 40 12 12
14 41 17 17
14 42 19 19
14 43 19 19
14 44 4 4
14 45 12 12
14 46 10 10
14 47 15 15
14 48 20 20
14 49 13 13
14 50 19 19
14 51 21 21
14 52 18 18
14 53 17 17
14 54 14 14
14 55 22 22
14 56 23 23
14 57 11 11
14 58 17 17
14 59 8 8
14 60 18 18
14 61 21 21
14 62 7 7
14 63 20 20
14 64 12 12
14 65 19 19
14 66 12 12
14 67 21 21
14 68 19 19
14 69 16 16
14 70 16 16
14 71 11 11
14 72 5 5
15 1 15 15
15 2 7 7
15 3 23 23
15 4 21 21
15 5 13 13
15 6 22 22
15 7 17 17
15 8 25 25
15 9 13 13
15 10 21 21
15 11 21 21
15 12 11 11
15 13 19 19
15 14 20 20
15 15 17 17
15 16 10 10
15 17 22 22
15 18 15 15
15 19 25 25
15 20 24 24
15 21 18 18
15 22 25 25
15 23 23 23
15 24 22 22
15 25 22 22
15 26 21 21
15 27 19 19
15 28 13 13
15 29 25 25
15 30 12 12
15 31 18 18
15 32 13 13
15 33 19 19
15 34 19 19
15 35 13 13
15 36 21 21
15 37 20 20
15 38 22 22
15 39 12 12
15 40 12 12
15 41 17 17
15 42 19 19
15 43 19 19
15 44 4 4
15 45 12 12
15 46 10 10
15 47 15 15
15 48 20 20
15 49 13 13
15 50 19 19
15 51 21 21
15 52 18 18
15 53 17 17
15 54 14 14
15 55 22 22
15 56 23 23
15 57 11 11
15 58 17 17
15 59 8 8
15 60 18 18
15 61 21 21
15 62 7 7
15 63 20 20
15 64 12 12
15 65 19 19
15 66 12 12
15 67 21 21
15 68 19 19
15 69 16 16
15 70 16 16
15 71 11 11
15 72 5 5
16 1 15 15
16 2 7 7
16 3 23 23
16 4 21 21
16 5 13 13
16 6 22 22
16 7 17 17
16 8 25 25
16 9 13 13
16 10 21 21
16 11 21 21
16 12 11 11
16 13 19 19
16 14 20 20
16 15 17 17
16 16 10 10
16 17 22 22
16 18 15 15
16 19 25 25
16 20 24 24
16 21 18 18
16 22 25 25
16 23 23 23
16 24 22 22
16 25 22 22
16 26 21 21
16 27 19 19
16 28 13 13
16 29 25 25
16 30 12 12
16 31 18 18
16 32 13 13
16 33 19 19
16 34 19 19
16 35 13 13
16 36 21 21
16 37 20 20
16 38 22 22
16 39 12 12
16 40 12 12
16 41 17 17
16 42 19 19
16 43 19 19
16 44 4 4
16 45 12 12
16 46 10 10
16 47 15 15
16 48 20 20
16 49 13 13
16 50 19 19
16 51 21 21
16 52 18 18
16 53 17 17
16 54 14 14
16 55 22 22
16 56 23 23
16 57 11 11
16 58 17 17
16 59 8 8
16 60 18 18
16 61 21 21
16 62 7 7
16 63 20 20
16 64 12 12
16 65 19 19
16 66 12 12
16 67 21 21
16 68 19 19
16 69 16 16
16 70 16 16
16 71 11 11
16 72 5 5
CARE_WORKER_AVAILABILITY_DAYS_SECTION
1 1
2 1
3 1
4 1
5 1
6 1
7 1
8 1
9 1
10 1
11 1
12 1
13 1
14 1
15 1
16 1
CARE_WORKER_TIME_WINDOWS_SECTION
1 1 0 718
2 1 0 718
3 1 0 718
4 1 0 718
5 1 0 718
6 1 0 718
7 1 0 718
8 1 0 718
9 1 0 718
10 1 0 718
11 1 0 718
12 1 0 718
13 1 0 718
14 1 0 718
15 1 0 718
16 1 0 718
CARE_WORKER_SERVICE_AUTHORIZED_TO_CARE_SECTION
1 1 2 3 4 5 6 7 8 9 10 11 12 13 14 15 16 17 18 19 20 21 22 23 24 25 26 27 28 29 30 31 32 33 34 35 36 37 38 39 40 41 42 43 44 45 46 47 48 49 50 51 52 53 54 55 56 57 58 59 60 61 62 63 64 65 66 67 68 69 70 71 72 73 74 75 76 77 78 79 80
2 1 2 3 4 5 6 7 8 9 10 11 12 13 14 15 16 17 18 19 20 21 22 23 24 25 26 27 28 29 30 31 32 33 34 35 36 37 38 39 40 41 42 43 44 45 46 47 48 49 50 51 52 53 54 55 56 57 58 59 60 61 62 63 64 65 66 67 68 69 70 71 72 73 74 75 76 77 78 79 80
3 1 2 3 4 5 6 7 8 9 10 11 12 13 14 15 16 17 18 19 20 21 22 23 24 25 26 27 28 29 30 31 32 33 34 35 36 37 38 39 40 41 42 43 44 45 46 47 48 49 50 51 52 53 54 55 56 57 58 59 60 61 62 63 64 65 66 67 68 69 70 71 72 73 74 75 76 77 78 79 80
4 1 2 3 4 5 6 7 8 9 10 11 12 13 14 15 16 17 18 19 20 21 22 23 24 25 26 27 28 29 30 31 32 33 34 35 36 37 38 39 40 41 42 43 44 45 46 47 48 49 50 51 52 53 54 55 56 57 58 59 60 61 62 63 64 65 66 67 68 69 70 71 72 73 74 75 76 77 78 79 80
5 1 2 3 4 5 6 7 8 9 10 11 12 13 14 15 16 17 18 19 20 21 22 23 24 25 26 27 28 29 30 31 32 33 34 35 36 37 38 39 40 41 42 43 44 45 46 47 48 49 50 51 52 53 54 55 56 57 58 59 60 61 62 63 64 65 66 67 68 69 70 71 72 73 74 75 76 77 78 79 80
6 1 2 3 4 5 6 7 8 9 10 11 12 13 14 15 16 17 18 19 20 21 22 23 24 25 26 27 28 29 30 31 32 33 34 35 36 37 38 39 40 41 42 43 44 45 46 47 48 49 50 51 52 53 54 55 56 57 58 59 60 61 62 63 64 65 66 67 68 69 70 71 72 73 74 75 76 77 78 79 80
7 1 2 3 4 5 6 7 8 9 10 11 12 13 14 15 16 17 18 19 20 21 22 23 24 25 26 27 28 29 30 31 32 33 34 35 36 37 38 39 40 41 42 43 44 45 46 47 48 49 50 51 52 53 54 55 56 57 58 59 60 61 62 63 64 65 66 67 68 69 70 71 72 73 74 75 76 77 78 79 80
8 1 2 3 4 5 6 7 8 9 10 11 12 13 14 15 16 17 18 19 20 21 22 23 24 25 26 27 28 29 30 31 32 33 34 35 36 37 38 39 40 41 42 43 44 45 46 47 48 49 50 51 52 53 54 55 56 57 58 59 60 61 62 63 64 65 66 67 68 69 70 71 72 73 74 75 76 77 78 79 80
9 1 2 3 4 5 6 7 8 9 10 11 12 13 14 15 16 17 18 19 20 21 22 23 24 25 26 27 28 29 30 31 32 33 34 35 36 37 38 39 40 41 42 43 44 45 46 47 48 49 50 51 52 53 54 55 56 57 58 59 60 61 62 63 64 65 66 67 68 69 70 71 72 73 74 75 76 77 78 79 80
10 1 2 3 4 5 6 7 8 9 10 11 12 13 14 15 16 17 18 19 20 21 22 23 24 25 26 27 28 29 30 31 32 33 34 35 36 37 38 39 40 41 42 43 44 45 46 47 48 49 50 51 52 53 54 55 56 57 58 59 60 61 62 63 64 65 66 67 68 69 70 71 72 73 74 75 76 77 78 79 80
11 1 2 3 4 5 6 7 8 9 10 11 12 13 14 15 16 17 18 19 20 21 22 23 24 25 26 27 28 29 30 31 32 33 34 35 36 37 38 39 40 41 42 43 44 45 46 47 48 49 50 51 52 53 54 55 56 57 58 59 60 61 62 63 64 65 66 67 68 69 70 71 72 73 74 75 76 77 78 79 80
12 1 2 3 4 5 6 7 8 9 10 11 12 13 14 15 16 17 18 19 20 21 22 23 24 25 26 27 28 29 30 31 32 33 34 35 36 37 38 39 40 41 42 43 44 45 46 47 48 49 50 51 52 53 54 55 56 57 58 59 60 61 62 63 64 65 66 67 68 69 70 71 72 73 74 75 76 77 78 79 80
13 1 2 3 4 5 6 7 8 9 10 11 12 13 14 15 16 17 18 19 20 21 22 23 24 25 26 27 28 29 30 31 32 33 34 35 36 37 38 39 40 41 42 43 44 45 46 47 48 49 50 51 52 53 54 55 56 57 58 59 60 61 62 63 64 65 66 67 68 69 70 71 72 73 74 75 76 77 78 79 80
14 1 2 3 4 5 6 7 8 9 10 11 12 13 14 15 16 17 18 19 20 21 22 23 24 25 26 27 28 29 30 31 32 33 34 35 36 37 38 39 40 41 42 43 44 45 46 47 48 49 50 51 52 53 54 55 56 57 58 59 60 61 62 63 64 65 66 67 68 69 70 71 72 73 74 75 76 77 78 79 80
15 1 2 3 4 5 6 7 8 9 10 11 12 13 14 15 16 17 18 19 20 21 22 23 24 25 26 27 28 29 30 31 32 33 34 35 36 37 38 39 40 41 42 43 44 45 46 47 48 49 50 51 52 53 54 55 56 57 58 59 60 61 62 63 64 65 66 67 68 69 70 71 72 73 74 75 76 77 78 79 80
16 1 2 3 4 5 6 7 8 9 10 11 12 13 14 15 16 17 18 19 20 21 22 23 24 25 26 27 28 29 30 31 32 33 34 35 36 37 38 39 40 41 42 43 44 45 46 47 48 49 50 51 52 53 54 55 56 57 58 59 60 61 62 63 64 65 66 67 68 69 70 71 72 73 74 75 76 77 78 79 80
CARE_WORKER_MAX_DAILY_WORKING_TIME_SECTION
1 1 718
2 1 718
3 1 718
4 1 718
5 1 718
6 1 718
7 1 718
8 1 718
9 1 718
10 1 718
11 1 718
12 1 718
13 1 718
14 1 718
15 1 718
16 1 718
COST_SERVICE_CARE_WORKER_DAY_SECTION
1 1 1 -9.74912
1 2 1 -6.98746
1 3 1 -0.877731
1 4 1 -5.14946
1 5 1 -4.18048
1 6 1 6.20129
1 7 1 -7.4038
1 8 1 8.1069
1 9 1 -3.45422
1 10 1 1.82451
1 11 1 0.38671
1 12 1 -6.06625
1 13 1 0.681864
1 14 1 5.04875
1 15 1 -1.25356
1 16 1 -3.14118
2 1 1 -3.50413
2 2 1 -1.55133
2 3 1 -0.940974
2 4 1 1.1412
2 5 1 -0.316527
2 6 1 5.80642
2 7 1 3.84639
2 8 1 -3.94317
2 9 1 9.83573
2 10 1 7.98074
2 11 1 -7.54021
2 12 1 5.81717
2 13 1 8.42829
2 14 1 -6.50886
2 15 1 6.59259
2 16 1 4.32814
3 1 1 1.60648
3 2 1 -2.03523
3 3 1 -2.4985
3 4 1 5.39198
3 5 1 -9.2507
3 6 1 -1.93101
3 7 1 7.80429
3 8 1 9.83887
3 9 1 6.57402
3 10 1 1.11777
3 11 1 -3.76901
3 12 1 -4.21098
3 13 1 0.410122
3 14 1 3.95864
3 15 1 -3.66098
3 16 1 9.65498
4 1 1 -6.78915
4 2 1 -3.50736
4 3 1 -2.35963
4 4 1 -1.01393
4 5 1 8.10456
4 6 1 -6.38454
4 7 1 3.32976
4 8 1 9.68272
4 9 1 5.03977
4 10 1 -1.91444
4 11 1 -7.76446
4 12 1 4.14236
4 13 1 -7.72653
4 14 1 6.05173
4 15 1 4.69329
4 16 1 -9.93598
5 1 1 8.42952
5 2 1 -1.91557
5 3 1 -9.91816
5 4 1 5.82183
5 5 1 1.15595
5 6 1 -2.56313
5 7 1 -7.19385
5 8 1 -0.833865
5 9 1 -8.2654
5 10 1 3.90927
5 11 1 9.26341
5 12 1 2.75371
5 13 1 3.9393
5 14 1 1.21569
5 15 1 -6.11139
5 16 1 1.53133
6 1 1 8.10637
6 2 1 -8.91416
6 3 1 6.57869
6 4 1 2.58479
6 5 1 2.92881
6 6 1 -4.84541
6 7 1 -7.42986
6 8 1 0.0286538
6 9 1 -1.97485
6 10 1 -5.27966
6 11 1 6.50407
6 12 1 -1.09666
6 13 1 -9.53429
6 14 1 -9.03165
6 15 1 6.18037
6 16 1 -8.29941
7 1 1 4.1534
7 2 1 -9.3324
7 3 1 -0.142737
7 4 1 -1.70467
7 5 1 1.69285
7 6 1 -5.74505
7 7 1 -2.92606
7 8 1 -5.88694
7 9 1 4.77673
7 10 1 1.74051
7 11 1 -0.279645
7 12 1 -6.44549
7 13 1 9.87112
7 14 1 7.80911
7 15 1 -8.18856
7 16 1 -2.0311
8 1 1 5.75862
8 2 1 7.57473
8 3 1 5.10136
8 4 1 -6.52387
8 5 1 8.29858
8 6 1 -7.80326
8 7 1 -2.56179
8 8 1 -1.40311
8 9 1 4.9136
8 10 1 -1.25602
8 11 1 -7.06548
8 12 1 6.62292
8 13 1 -6.42128
8 14 1 -4.96313
8 15 1 8.71377
8 16 1 9.88216
9 1 1 5.72573
9 2 1 -0.340163
9 3 1 -5.1884
9 4 1 7.47709
9 5 1 0.166502
9 6 1 6.73983
9 7 1 5.41556
9 8 1 -3.09823
9 9 1 -3.71522
9 10 1 -2.67307
9 11 1 -2.65831
9 12 1 4.7726
9 13 1 -7.15803
9 14 1 -9.5846
9 15 1 -8.30841
9 16 1 4.66376
10 1 1 -8.33519
10 2 1 8.21068
10 3 1 3.19212
10 4 1 -7.35484
10 5 1 0.278175
10 6 1 -8.9543
10 7 1 7.19416
10 8 1 -1.63742
10 9 1 -5.23148
10 10 1 5.97574
10 11 1 7.78137
10 12 1 -1.73037
10 13 1 -0.842815
10 14 1 -2.35372
10 15 1 -5.24757
10 16 1 7.29701
11 1 1 9.83135
11 2 1 8.69684
11 3 1 3.74461
11 4 1 -7.3543
11 5 1 -5.14645
11 6 1 -1.34561
11 7 1 -4.02143
11 8 1 -0.19231
11 9 1 5.37863
11 10 1 7.52313
11 11 1 9.58039
11 12 1 9.43543
11 13 1 5.78705
11 14 1 -6.01805
11 15 1 6.01632
11 16 1 -1.91518
12 1 1 6.1065
12 2 1 -7.33252
12 3 1 5.88462
12 4 1 -6.67993
12 5 1 3.51074
12 6 1 -5.00789
12 7 1 8.57893
12 8 1 5.32069
12 9 1 -9.71318
12 10 1 -1.13411
12 11 1 -2.36818
12 12 1 -7.32625
12 13 1 6.41862
12 14 1 -1.16511
12 15 1 -6.2844
12 16 1 6.96083
13 1 1 5.04211
13 2 1 3.76098
13 3 1 3.06788
13 4 1 6.37438
13 5 1 -8.4124
13 6 1 7.29616
13 7 1 1.80004
13 8 1 -6.01274
13 9 1 0.425179
13 10 1 9.58522
13 11 1 3.00231
13 12 1 0.77384
13 13 1 8.16053
13 14 1 3.81235
13 15 1 -4.17314
13 16 1 -4.5455
14 1 1 5.17706
14 2 1 -3.80224
14 3 1 5.42571
14 4 1 9.36163
14 5 1 -9.22103
14 6 1 0.455694
14 7 1 0.0766503
14 8 1 -2.46809
14 9 1 -3.7804
14 10 1 5.20944
14 11 1 4.88927
14 12 1 1.75692
14 13 1 -4.57637
14 14 1 4.33604
14 15 1 -4.37475
14 16 1 6.61615
15 1 1 -6.3143
15 2 1 8.09338
15 3 1 1.12574
15 4 1 4.04036
15 5 1 0.116501
15 6 1 8.94464
15 7 1 7.69533
15 8 1 -5.12202
15 9 1 9.82324
15 10 1 -4.93394
15 11 1 5.17313
15 12 1 5.22674
15 13 1 6.79997
15 14 1 -9.78632
15 15 1 5.2939
15 16 1 -3.72488
16 1 1 8.79539
16 2 1 8.31586
16 3 1 -3.92432
16 4 1 -0.270348
16 5 1 -7.42871
16 6 1 7.26691
16 7 1 -1.10922
16 8 1 4.90263
16 9 1 4.62817
16 10 1 1.46674
16 11 1 4.77101
16 12 1 3.30515
16 13 1 0.388815
16 14 1 1.85486
16 15 1 6.93003
16 16 1 9.37683
17 1 1 -6.4838
17 2 1 2.99949
17 3 1 -2.24259
17 4 1 -2.83288
17 5 1 -8.55772
17 6 1 -8.09558
17 7 1 -2.19171
17 8 1 -4.16503
17 9 1 -5.73207
17 10 1 -9.64743
17 11 1 -0.469265
17 12 1 -5.70315
17 13 1 7.47637
17 14 1 2.33967
17 15 1 9.78079
17 16 1 -0.421676
18 1 1 8.54877
18 2 1 -5.26259
18 3 1 3.92206
18 4 1 -9.59947
18 5 1 -3.81481
18 6 1 0.782979
18 7 1 2.54396
18 8 1 3.38433
18 9 1 -6.90923
18 10 1 0.547369
18 11 1 -3.16973
18 12 1 -7.09339
18 13 1 -7.27387
18 14 1 9.73375
18 15 1 8.32715
18 16 1 -9.2113
19 1 1 -6.57677
19 2 1 3.71585
19 3 1 3.62976
19 4 1 -2.10897
19 5 1 7.61289
19 6 1 7.80499
19 7 1 1.50455
19 8 1 8.34605
19 9 1 -1.96549
19 10 1 -6.18841
19 11 1 -8.44135
19 12 1 2.13207
19 13 1 -4.38191
19 14 1 6.55786
19 15 1 -3.63864
19 16 1 4.37237
20 1 1 2.92222
20 2 1 -3.96662
20 3 1 -2.61083
20 4 1 -7.9551
20 5 1 -1.07481
20 6 1 -3.67833
20 7 1 -4.23039
20 8 1 -5.80546
20 9 1 0.19266
20 10 1 -0.555829
20 11 1 -1.60727
20 12 1 3.71353
20 13 1 -3.29594
20 14 1 -7.124
20 15 1 1.56655
20 16 1 -9.36102
21 1 1 -7.78002
21 2 1 3.97273
21 3 1 -0.374201
21 4 1 -6.63132
21 5 1 4.09082
21 6 1 -8.86641
21 7 1 -3.1972
21 8 1 2.19803
21 9 1 -0.360604
21 10 1 7.23178
21 11 1 -5.27774
21 12 1 -0.777919
21 13 1 -1.7787
21 14 1 6.04407
21 15 1 2.60745
21 16 1 -6.38883
22 1 1 -3.40471
22 2 1 7.24159
22 3 1 -3.03434
22 4 1 8.39689
22 5 1 8.14006
22 6 1 -8.94717
22 7 1 -4.34559
22 8 1 3.20601
22 9 1 3.94543
22 10 1 6.22292
22 11 1 -6.92652
22 12 1 -5.79792
22 13 1 6.44518
22 14 1 7.70955
22 15 1 7.37983
22 16 1 0.291789
23 1 1 -0.544601
23 2 1 -0.218831
23 3 1 -7.2308
23 4 1 -8.63054
23 5 1 -0.984186
23 6 1 -0.955566
23 7 1 3.75846
23 8 1 4.85799
23 9 1 -5.01001
23 10 1 -2.61824
23 11 1 -0.265533
23 12 1 6.15497
23 13 1 9.6863
23 14 1 6.62897
23 15 1 -5.49516
23 16 1 6.35908
24 1 1 -6.78915
24 2 1 -3.50736
24 3 1 -2.35963
24 4 1 -1.01393
24 5 1 8.10456
24 6 1 -6.38454
24 7 1 3.32976
24 8 1 9.68272
24 9 1 5.03977
24 10 1 -1.91444
24 11 1 -7.76446
24 12 1 4.14236
24 13 1 -7.72653
24 14 1 6.05173
24 15 1 4.69329
24 16 1 -9.93598
25 1 1 7.09922
25 2 1 -7.69247
25 3 1 6.24959
25 4 1 -4.82868
25 5 1 -7.76793
25 6 1 6.51924
25 7 1 0.135491
25 8 1 8.21609
25 9 1 -3.76433
25 10 1 2.06763
25 11 1 7.83303
25 12 1 8.07938
25 13 1 8.88096
25 14 1 -6.15397
25 15 1 8.35953
25 16 1 8.51933
26 1 1 -5.33095
26 2 1 3.29825
26 3 1 -5.64829
26 4 1 -7.0115
26 5 1 -8.45208
26 6 1 -2.71531
26 7 1 -0.138564
26 8 1 1.96856
26 9 1 0.984896
26 10 1 5.93776
26 11 1 2.03216
26 12 1 -2.56735
26 13 1 -5.52897
26 14 1 -3.4145
26 15 1 -0.0139329
26 16 1 -1.49366
27 1 1 -6.63516
27 2 1 7.96242
27 3 1 -6.8382
27 4 1 8.46013
27 5 1 7.23439
27 6 1 9.67922
27 7 1 0.0225629
27 8 1 -5.48743
27 9 1 0.176565
27 10 1 5.18621
27 11 1 9.23258
27 12 1 6.75683
27 13 1 -0.255769
27 14 1 4.1261
27 15 1 -7.47891
27 16 1 7.13901
28 1 1 -0.599404
28 2 1 8.61125
28 3 1 6.74495
28 4 1 -7.73943
28 5 1 -1.42637
28 6 1 -3.05247
28 7 1 -1.76784
28 8 1 -0.885318
28 9 1 -5.52223
28 10 1 -0.103554
28 11 1 -3.04037
28 12 1 -0.544741
28 13 1 5.39135
28 14 1 1.44604
28 15 1 4.4703
28 16 1 9.46516
29 1 1 7.68147
29 2 1 0.768504
29 3 1 -8.33214
29 4 1 5.82692
29 5 1 -2.62884
29 6 1 -6.10842
29 7 1 -7.14523
29 8 1 -2.10258
29 9 1 -7.45916
29 10 1 9.53146
29 11 1 0.287953
29 12 1 -0.054665
29 13 1 -6.40559
29 14 1 5.06041
29 15 1 -9.03025
29 16 1 1.07533
30 1 1 -4.90879
30 2 1 -4.01365
30 3 1 4.6372
30 4 1 -1.15193
30 5 1 1.47421
30 6 1 5.22772
30 7 1 2.97663
30 8 1 9.6029
30 9 1 6.2773
30 10 1 6.3973
30 11 1 -2.26289
30 12 1 -7.32843
30 13 1 -5.64598
30 14 1 -7.80136
30 15 1 -2.50321
30 16 1 -0.561212
31 1 1 7.53611
31 2 1 -4.39292
31 3 1 -2.30325
31 4 1 -3.28144
31 5 1 4.96609
31 6 1 -7.73314
31 7 1 6.4765
31 8 1 8.46178
31 9 1 8.77691
31 10 1 -4.51685
31 11 1 1.74157
31 12 1 -7.17217
31 13 1 -4.56428
31 14 1 8.74191
31 15 1 2.11936
31 16 1 2.1385
32 1 1 -5.33095
32 2 1 3.29825
32 3 1 -5.64829
32 4 1 -7.0115
32 5 1 -8.45208
32 6 1 -2.71531
32 7 1 -0.138564
32 8 1 1.96856
32 9 1 0.984896
32 10 1 5.93776
32 11 1 2.03216
32 12 1 -2.56735
32 13 1 -5.52897
32 14 1 -3.4145
32 15 1 -0.0139329
32 16 1 -1.49366
33 1 1 -1.03419
33 2 1 -0.427155
33 3 1 -7.42482
33 4 1 -1.14934
33 5 1 -5.27266
33 6 1 -8.73746
33 7 1 -6.30989
33 8 1 -6.07787
33 9 1 -6.31417
33 10 1 4.85076
33 11 1 1.72637
33 12 1 1.32826
33 13 1 7.20705
33 14 1 0.139655
33 15 1 -3.06759
33 16 1 2.07212
34 1 1 -3.4591
34 2 1 3.34608
34 3 1 -0.577403
34 4 1 0.644604
34 5 1 -7.35893
34 6 1 -5.57953
34 7 1 2.32065
34 8 1 -2.53205
34 9 1 -6.90533
34 10 1 9.72064
34 11 1 4.07485
34 12 1 -3.30208
34 13 1 -7.61485
34 14 1 2.81417
34 15 1 6.68362
34 16 1 2.61581
35 1 1 -1.23519
35 2 1 4.8214
35 3 1 6.19076
35 4 1 8.89514
35 5 1 -7.82312
35 6 1 -8.56044
35 7 1 -4.59026
35 8 1 -0.306805
35 9 1 8.53286
35 10 1 -9.72099
35 11 1 5.8738
35 12 1 0.0197748
35 13 1 -9.24714
35 14 1 9.21003
35 15 1 8.2902
35 16 1 -6.47141
36 1 1 -4.51925
36 2 1 7.53468
36 3 1 -0.296628
36 4 1 7.65813
36 5 1 1.32696
36 6 1 -3.15767
36 7 1 9.33163
36 8 1 8.37313
36 9 1 -0.128709
36 10 1 -0.323112
36 11 1 -7.30224
36 12 1 2.49922
36 13 1 5.44542
36 14 1 -2.76422
36 15 1 -5.97205
36 16 1 1.83082
37 1 1 -3.78512
37 2 1 -1.16989
37 3 1 -6.41355
37 4 1 0.894703
37 5 1 -7.21424
37 6 1 -8.20513
37 7 1 -0.829854
37 8 1 -3.10378
37 9 1 -9.47381
37 10 1 -1.86446
37 11 1 3.70086
37 12 1 -0.186494
37 13 1 9.86604
37 14 1 7.50446
37 15 1 -2.93532
37 16 1 -4.15954
38 1 1 8.0008
38 2 1 -4.58088
38 3 1 8.05706
38 4 1 5.09828
38 5 1 6.76831
38 6 1 -1.64602
38 7 1 2.25926
38 8 1 -3.37434
38 9 1 8.33361
38 10 1 0.625563
38 11 1 9.45633
38 12 1 7.77641
38 13 1 -7.9659
38 14 1 7.09411
38 15 1 -9.98583
38 16 1 2.06875
39 1 1 -9.40764
39 2 1 5.67628
39 3 1 -0.839953
39 4 1 -4.038
39 5 1 6.8386
39 6 1 -4.13588
39 7 1 -8.89755
39 8 1 2.96595
39 9 1 6.65822
39 10 1 1.70807
39 11 1 6.48627
39 12 1 2.54604
39 13 1 -2.84167
39 14 1 -8.15175
39 15 1 -6.21865
39 16 1 8.94172
40 1 1 4.21084
40 2 1 9.38064
40 3 1 9.57185
40 4 1 6.75456
40 5 1 -0.987755
40 6 1 8.04261
40 7 1 -9.03537
40 8 1 6.16021
40 9 1 1.05827
40 10 1 7.75182
40 11 1 4.03091
40 12 1 -4.86279
40 13 1 -5.68679
40 14 1 5.67998
40 15 1 3.64986
40 16 1 -0.0605287
41 1 1 -9.74912
41 2 1 -6.98746
41 3 1 -0.877731
41 4 1 -5.14946
41 5 1 -4.18048
41 6 1 6.20129
41 7 1 -7.4038
41 8 1 8.1069
41 9 1 -3.45422
41 10 1 1.82451
41 11 1 0.38671
41 12 1 -6.06625
41 13 1 0.681864
41 14 1 5.04875
41 15 1 -1.25356
41 16 1 -3.14118
42 1 1 3.73736
42 2 1 8.47496
42 3 1 6.48843
42 4 1 -9.58833
42 5 1 6.01324
42 6 1 4.59084
42 7 1 -3.41825
42 8 1 -1.00079
42 9 1 -7.19657
42 10 1 -4.13816
42 11 1 -8.72867
42 12 1 -8.01876
42 13 1 -3.49445
42 14 1 -3.85607
42 15 1 -6.08409
42 16 1 -4.36304
43 1 1 -5.29243
43 2 1 1.81458
43 3 1 -8.4832
43 4 1 8.8379
43 5 1 -8.86629
43 6 1 -7.16721
43 7 1 6.62266
43 8 1 -6.32971
43 9 1 8.07593
43 10 1 9.16778
43 11 1 -9.75684
43 12 1 -9.28937
43 13 1 7.13709
43 14 1 8.40567
43 15 1 3.21549
43 16 1 4.44248
44 1 1 -6.86642
44 2 1 -5.57165
44 3 1 -9.13831
44 4 1 -5.90604
44 5 1 -8.68183
44 6 1 8.50761
44 7 1 9.83548
44 8 1 2.70837
44 9 1 0.955884
44 10 1 7.32312
44 11 1 7.63742
44 12 1 -8.43906
44 13 1 -1.56329
44 14 1 -0.866747
44 15 1 -8.02392
44 16 1 7.07789
45 1 1 4.25388
45 2 1 -3.06243
45 3 1 8.08505
45 4 1 0.653206
45 5 1 4.54713
45 6 1 3.15512
45 7 1 -1.20319
45 8 1 -2.10259
45 9 1 8.83304
45 10 1 -1.82853
45 11 1 0.670579
45 12 1 5.68366
45 13 1 4.40776
45 14 1 1.48358
45 15 1 3.04598
45 16 1 2.37184
46 1 1 -0.726434
46 2 1 7.42837
46 3 1 8.72323
46 4 1 -9.28842
46 5 1 -8.7297
46 6 1 4.02379
46 7 1 -9.54513
46 8 1 -6.55106
46 9 1 1.92095
46 10 1 -0.321425
46 11 1 8.4136
46 12 1 -7.7082
46 13 1 -3.55344
46 14 1 -7.13226
46 15 1 1.32207
46 16 1 5.70876
47 1 1 -7.44454
47 2 1 5.84954
47 3 1 -0.621278
47 4 1 -8.37789
47 5 1 5.56219
47 6 1 3.70418
47 7 1 2.98956
47 8 1 1.32202
47 9 1 1.36503
47 10 1 6.09548
47 11 1 6.77908
47 12 1 -4.27569
47 13 1 -3.25482
47 14 1 -3.72798
47 15 1 -3.42424
47 16 1 5.06138
48 1 1 8.72724
48 2 1 -4.70829
48 3 1 2.37674
48 4 1 -4.87357
48 5 1 1.23821
48 6 1 -8.01116
48 7 1 -0.74909
48 8 1 -3.18438
48 9 1 2.69327
48 10 1 -0.442582
48 11 1 -5.17981
48 12 1 -4.97534
48 13 1 4.6135
48 14 1 -8.54684
48 15 1 -6.92106
48 16 1 3.20307
49 1 1 4.94327
49 2 1 -5.94595
49 3 1 -6.33423
49 4 1 -4.80813
49 5 1 -9.18376
49 6 1 -0.482909
49 7 1 9.05703
49 8 1 -6.09511
49 9 1 1.94309
49 10 1 -4.43432
49 11 1 -8.06424
49 12 1 3.45976
49 13 1 0.488376
49 14 1 -2.76023
49 15 1 3.78941
49 16 1 -7.1396
50 1 1 -2.08257
50 2 1 4.03881
50 3 1 -7.43036
50 4 1 -6.13197
50 5 1 8.0687
50 6 1 4.55017
50 7 1 -9.45849
50 8 1 7.37499
50 9 1 1.59072
50 10 1 3.28553
50 11 1 2.41729
50 12 1 -5.84489
50 13 1 -0.552618
50 14 1 6.08089
50 15 1 -5.12851
50 16 1 -8.7055
51 1 1 0.750881
51 2 1 7.98506
51 3 1 0.65774
51 4 1 -9.72271
51 5 1 9.08881
51 6 1 7.84622
51 7 1 -6.98386
51 8 1 2.05843
51 9 1 9.32723
51 10 1 -2.94374
51 11 1 -4.96149
51 12 1 -2.43679
51 13 1 8.94355
51 14 1 4.55167
51 15 1 -3.754
51 16 1 2.886
52 1 1 4.99512
52 2 1 4.27522
52 3 1 1.9199
52 4 1 5.37204
52 5 1 7.44814
52 6 1 9.8896
52 7 1 -6.07059
52 8 1 -3.11272
52 9 1 -6.91405
52 10 1 6.74614
52 11 1 -3.14514
52 12 1 -3.45172
52 13 1 -0.576663
52 14 1 1.88279
52 15 1 -0.189865
52 16 1 5.38153
53 1 1 -9.0472
53 2 1 2.75279
53 3 1 -6.61803
53 4 1 1.38521
53 5 1 1.99058
53 6 1 5.13058
53 7 1 9.66331
53 8 1 9.11926
53 9 1 6.23292
53 10 1 -1.78874
53 11 1 -5.92723
53 12 1 -3.07943
53 13 1 -2.98697
53 14 1 -7.09082
53 15 1 8.47937
53 16 1 0.820292
54 1 1 5.72573
54 2 1 -0.340163
54 3 1 -5.1884
54 4 1 7.47709
54 5 1 0.166502
54 6 1 6.73983
54 7 1 5.41556
54 8 1 -3.09823
54 9 1 -3.71522
54 10 1 -2.67307
54 11 1 -2.65831
54 12 1 4.7726
54 13 1 -7.15803
54 14 1 -9.5846
54 15 1 -8.30841
54 16 1 4.66376
55 1 1 -7.46433
55 2 1 -9.20709
55 3 1 -0.960166
55 4 1 5.26536
55 5 1 -6.51457
55 6 1 9.52003
55 7 1 6.71616
55 8 1 9.46216
55 9 1 -6.89864
55 10 1 -7.68753
55 11 1 -2.55234
55 12 1 -6.69006
55 13 1 -9.19894
55 14 1 -0.446524
55 15 1 6.09315
55 16 1 6.36155
56 1 1 1.73305
56 2 1 4.29163
56 3 1 9.21797
56 4 1 6.40184
56 5 1 3.58674
56 6 1 2.42228
56 7 1 -9.36826
56 8 1 -9.15059
56 9 1 6.59426
56 10 1 -0.889698
56 11 1 5.78296
56 12 1 -6.87519
56 13 1 -3.28197
56 14 1 3.51003
56 15 1 9.41228
56 16 1 -7.11164
57 1 1 -7.56707
57 2 1 -2.2595
57 3 1 7.65547
57 4 1 3.16604
57 5 1 2.27084
57 6 1 4.04819
57 7 1 6.46074
57 8 1 -0.780837
57 9 1 7.99661
57 10 1 -6.52351
57 11 1 -2.08022
57 12 1 2.67472
57 13 1 -8.69257
57 14 1 5.18149
57 15 1 9.84868
57 16 1 -8.33157
58 1 1 -3.8622
58 2 1 1.79968
58 3 1 -9.92276
58 4 1 -1.02849
58 5 1 -4.92077
58 6 1 6.22331
58 7 1 8.36918
58 8 1 -7.45599
58 9 1 -1.02689
58 10 1 -4.0239
58 11 1 8.37779
58 12 1 -5.96947
58 13 1 9.12376
58 14 1 -5.71637
58 15 1 -9.0609
58 16 1 2.24099
59 1 1 5.34968
59 2 1 -1.48587
59 3 1 -0.156377
59 4 1 1.62666
59 5 1 5.13471
59 6 1 7.32189
59 7 1 -3.67755
59 8 1 -9.45988
59 9 1 -0.126242
59 10 1 7.11228
59 11 1 2.19409
59 12 1 -2.32395
59 13 1 -8.83081
59 14 1 -0.345164
59 15 1 -7.91343
59 16 1 4.1277
60 1 1 0.0969634
60 2 1 -2.29174
60 3 1 8.32709
60 4 1 -8.46999
60 5 1 6.00851
60 6 1 -7.92859
60 7 1 6.51428
60 8 1 -0.334203
60 9 1 8.33158
60 10 1 -9.84945
60 11 1 -7.32352
60 12 1 -1.17309
60 13 1 6.38089
60 14 1 7.9611
60 15 1 5.82241
60 16 1 -4.91755
61 1 1 2.63914
61 2 1 -5.04727
61 3 1 -2.20833
61 4 1 -4.01462
61 5 1 -7.77501
61 6 1 2.53386
61 7 1 -3.42836
61 8 1 -4.14272
61 9 1 -6.96553
61 10 1 2.30591
61 11 1 7.95494
61 12 1 -3.47076
61 13 1 -0.134542
61 14 1 -0.781589
61 15 1 9.85161
61 16 1 6.56995
62 1 1 -5.84726
62 2 1 3.39826
62 3 1 -7.83719
62 4 1 -4.83874
62 5 1 -0.620367
62 6 1 -9.83787
62 7 1 -1.5041
62 8 1 8.53295
62 9 1 0.77516
62 10 1 -7.88967
62 11 1 -6.89256
62 12 1 4.48048
62 13 1 -6.66969
62 14 1 0.542943
62 15 1 2.54897
62 16 1 6.8498
63 1 1 -1.84973
63 2 1 2.97712
63 3 1 -9.72705
63 4 1 -6.65422
63 5 1 -3.94646
63 6 1 -8.16286
63 7 1 -7.42045
63 8 1 -9.81736
63 9 1 -1.44476
63 10 1 6.4345
63 11 1 9.2754
63 12 1 -7.1472
63 13 1 2.55171
63 14 1 2.89111
63 15 1 -4.84878
63 16 1 2.04946
64 1 1 -2.68586
64 2 1 -7.61699
64 3 1 -3.11583
64 4 1 2.37155
64 5 1 -3.86214
64 6 1 3.57972
64 7 1 2.97002
64 8 1 -0.89922
64 9 1 0.321693
64 10 1 1.75401
64 11 1 -4.01899
64 12 1 -4.91149
64 13 1 -1.62804
64 14 1 -3.89713
64 15 1 -6.05221
64 16 1 4.74948
65 1 1 -5.14687
65 2 1 -5.24343
65 3 1 -1.80061
65 4 1 5.42573
65 5 1 -7.52238
65 6 1 -3.39337
65 7 1 -0.94691
65 8 1 8.1884
65 9 1 1.95595
65 10 1 7.24159
65 11 1 -4.99895
65 12 1 5.56109
65 13 1 -9.09877
65 14 1 -2.90909
65 15 1 -9.60005
65 16 1 0.116249
66 1 1 4.33612
66 2 1 7.3767
66 3 1 2.24765
66 4 1 6.40541
66 5 1 3.83215
66 6 1 8.40085
66 7 1 -9.82815
66 8 1 8.7439
66 9 1 1.04294
66 10 1 9.50919
66 11 1 3.05013
66 12 1 7.89072
66 13 1 5.09069
66 14 1 0.657194
66 15 1 8.27785
66 16 1 1.8247
67 1 1 -5.49138
67 2 1 -8.31237
67 3 1 -3.25557
67 4 1 2.51736
67 5 1 5.33413
67 6 1 4.58294
67 7 1 -3.99894
67 8 1 8.48052
67 9 1 -3.51502
67 10 1 -4.76916
67 11 1 -6.52225
67 12 1 2.93255
67 13 1 4.97999
67 14 1 9.69192
67 15 1 7.0477
67 16 1 2.96091
68 1 1 7.27206
68 2 1 7.61842
68 3 1 -1.32519
68 4 1 6.4727
68 5 1 -1.23229
68 6 1 -8.34682
68 7 1 1.90602
68 8 1 -3.51756
68 9 1 5.41072
68 10 1 -8.87954
68 11 1 1.49535
68 12 1 -4.36323
68 13 1 -6.07276
68 14 1 -3.40383
68 15 1 2.15509
68 16 1 1.2283
69 1 1 0.0969634
69 2 1 -2.29174
69 3 1 8.32709
69 4 1 -8.46999
69 5 1 6.00851
69 6 1 -7.92859
69 7 1 6.51428
69 8 1 -0.334203
69 9 1 8.33158
69 10 1 -9.84945
69 11 1 -7.32352
69 12 1 -1.17309
69 13 1 6.38089
69 14 1 7.9611
69 15 1 5.82241
69 16 1 -4.91755
70 1 1 -1.9086
70 2 1 5.73336
70 3 1 6.88339
70 4 1 7.75224
70 5 1 -4.63217
70 6 1 -0.844099
70 7 1 -6.51701
70 8 1 -6.26365
70 9 1 -8.52317
70 10 1 6.69563
70 11 1 0.367711
70 12 1 9.62519
70 13 1 9.05446
70 14 1 6.09504
70 15 1 0.685053
70 16 1 -3.99808
71 1 1 8.80479
71 2 1 6.53831
71 3 1 3.62885
71 4 1 -6.7536
71 5 1 -3.0861
71 6 1 5.95726
71 7 1 4.62757
71 8 1 8.97546
71 9 1 -6.52352
71 10 1 8.39966
71 11 1 6.65215
71 12 1 -1.81866
71 13 1 -2.20707
71 14 1 5.79441
71 15 1 -7.16063
71 16 1 0.756867
72 1 1 5.34968
72 2 1 -1.48587
72 3 1 -0.156377
72 4 1 1.62666
72 5 1 5.13471
72 6 1 7.32189
72 7 1 -3.67755
72 8 1 -9.45988
72 9 1 -0.126242
72 10 1 7.11228
72 11 1 2.19409
72 12 1 -2.32395
72 13 1 -8.83081
72 14 1 -0.345164
72 15 1 -7.91343
72 16 1 4.1277
73 1 1 8.84589
73 2 1 1.73264
73 3 1 3.53277
73 4 1 2.66835
73 5 1 0.730452
73 6 1 -6.01186
73 7 1 -8.49885
73 8 1 5.81157
73 9 1 4.79869
73 10 1 -4.80114
73 11 1 -0.549364
73 12 1 -8.04277
73 13 1 -5.0235
73 14 1 4.58728
73 15 1 6.9796
73 16 1 2.68597
74 1 1 0.109337
74 2 1 2.68466
74 3 1 -9.01682
74 4 1 6.61592
74 5 1 6.17131
74 6 1 -5.34418
74 7 1 6.17557
74 8 1 9.93142
74 9 1 -8.06665
74 10 1 1.50158
74 11 1 -4.72199
74 12 1 9.175
74 13 1 8.50942
74 14 1 6.2283
74 15 1 5.3226
74 16 1 7.24466
75 1 1 -3.40032
75 2 1 -5.34667
75 3 1 -7.2577
75 4 1 6.59153
75 5 1 9.32621
75 6 1 0.00922003
75 7 1 6.05948
75 8 1 -4.17742
75 9 1 -5.84829
75 10 1 4.54538
75 11 1 4.8113
75 12 1 -2.28522
75 13 1 -4.75987
75 14 1 -0.584656
75 15 1 5.58608
75 16 1 -5.52795
76 1 1 -5.02215
76 2 1 6.5999
76 3 1 -4.12968
76 4 1 -7.71333
76 5 1 -5.28815
76 6 1 0.624593
76 7 1 6.44673
76 8 1 -3.55386
76 9 1 1.95612
76 10 1 4.99568
76 11 1 -5.6502
76 12 1 -8.89705
76 13 1 7.51201
76 14 1 9.27783
76 15 1 0.991713
76 16 1 -8.62136
77 1 1 4.30813
77 2 1 9.84015
77 3 1 -1.69916
77 4 1 9.06571
77 5 1 -2.19793
77 6 1 -6.85677
77 7 1 -3.71098
77 8 1 -3.55166
77 9 1 -3.81275
77 10 1 6.29797
77 11 1 -6.00122
77 12 1 -0.275571
77 13 1 0.948968
77 14 1 4.08591
77 15 1 -3.81529
77 16 1 1.70014
78 1 1 -9.12478
78 2 1 1.91614
78 3 1 4.18505
78 4 1 -6.6187
78 5 1 -9.31884
78 6 1 5.81135
78 7 1 7.3331
78 8 1 -9.62268
78 9 1 1.5653
78 10 1 -4.407
78 11 1 -8.76719
78 12 1 0.859295
78 13 1 -4.89416
78 14 1 6.82808
78 15 1 -8.34593
78 16 1 -6.62208
79 1 1 5.04211
79 2 1 3.76098
79 3 1 3.06788
79 4 1 6.37438
79 5 1 -8.4124
79 6 1 7.29616
79 7 1 1.80004
79 8 1 -6.01274
79 9 1 0.425179
79 10 1 9.58522
79 11 1 3.00231
79 12 1 0.77384
79 13 1 8.16053
79 14 1 3.81235
79 15 1 -4.17314
79 16 1 -4.5455
80 1 1 -3.40471
80 2 1 7.24159
80 3 1 -3.03434
80 4 1 8.39689
80 5 1 8.14006
80 6 1 -8.94717
80 7 1 -4.34559
80 8 1 3.20601
80 9 1 3.94543
80 10 1 6.22292
80 11 1 -6.92652
80 12 1 -5.79792
80 13 1 6.44518
80 14 1 7.70955
80 15 1 7.37983
80 16 1 0.291789
EOF
