NAME : ../data/HC_data/case80/case_2_80_16_8_3.hhcrp
TYPE : HHCRP
COMMENT : Bredstrom, Ronnqvist 2008
PATIENTS : 72
SERVICES : 80
CARE_WORKERS : 16
SUBCONTRACTING : 0
CONTINUITY_OF_CARE : 0
BREAK : 0
OVERTIME : 0
TARDINESS : 0
HORIZON : 1
STARTING_HOUR : 0
ENDING_HOUR : 643
MAP_MIN_WIDTH : 0
MAP_MAX_WIDTH : 10000
MAP_MIN_HEIGHT : 0
MAP_MAX_HEIGHT : 10000
WEEK_SECTION
1 1
PATIENT_DISTANCE_SECTION
1 0
2 9 0
3 33 34 0
4 17 13 25 0
5 15 17 18 11 0
6 13 21 28 24 16 0
7 22 23 12 14 7 20 0
8 12 21 28 23 15 1 20 0
9 9 17 29 21 14 4 20 4 0
10 26 31 14 25 15 18 13 17 19 0
11 5 9 28 13 11 13 17 12 9 23 0
12 11 20 35 26 20 8 26 8 7 25 13 0
13 18 25 23 25 15 7 17 7 10 11 16 14 0
14 11 5 30 8 13 21 19 20 17 28 9 21 24 0
15 3 7 33 16 15 14 22 14 11 27 5 13 19 10 0
16 5 14 32 21 16 8 22 8 5 24 8 6 15 16 7 0
17 9 10 26 10 8 15 14 14 12 22 4 17 17 7 8 11 0
18 22 22 13 13 7 21 2 20 20 15 17 26 19 18 21 23 14 0
19 14 6 33 10 17 25 22 24 21 32 13 24 28 5 12 19 11 21 0
20 16 20 17 16 5 13 8 12 12 11 12 19 10 17 17 16 11 9 21 0
21 12 18 22 17 8 8 13 7 7 14 9 13 8 16 13 11 9 14 20 6 0
22 5 14 31 20 15 8 21 8 4 23 7 7 14 15 7 2 10 21 19 14 9 0
23 9 18 34 24 19 7 25 8 6 24 12 2 14 20 11 5 15 25 23 18 12 5 0
24 22 15 31 8 19 30 21 30 27 33 19 32 32 11 20 26 16 19 10 23 24 26 30 0
25 14 18 19 15 5 11 10 10 10 13 10 17 10 16 15 14 9 10 20 3 4 12 16 23 0
26 6 15 30 19 14 7 20 7 3 21 7 7 12 15 8 3 10 20 19 13 8 2 6 25 11 0
27 12 15 21 12 4 13 10 12 11 17 7 17 13 12 12 13 6 10 16 6 6 12 16 19 5 10 0
28 6 5 31 12 14 17 20 16 13 26 5 16 21 6 4 11 6 19 9 16 13 10 15 16 14 11 11 0
29 17 17 18 9 3 18 6 18 17 17 12 23 17 13 17 18 9 5 17 8 11 17 21 17 8 16 6 14 0
30 2 10 31 17 14 11 20 11 7 24 4 10 16 12 4 5 8 20 15 14 10 4 9 22 12 5 10 7 16 0
31 6 11 27 14 10 11 16 11 8 21 2 13 15 10 6 7 4 16 14 11 8 6 11 20 9 6 7 6 12 4 0
32 24 21 19 9 12 27 11 27 26 24 19 31 26 16 23 27 16 9 18 17 20 25 30 13 17 25 15 20 10 23 20 0
33 19 16 21 4 9 23 11 23 21 23 14 27 23 11 18 21 11 9 13 14 16 20 25 11 14 20 11 14 7 18 15 6 0
34 4 13 35 21 18 12 24 12 8 27 9 8 18 15 6 4 12 24 18 18 13 5 7 26 16 6 15 10 20 5 9 28 22 0
35 13 9 27 5 11 20 15 20 17 25 9 22 23 4 11 16 6 14 7 15 15 16 20 11 14 15 10 8 10 12 10 13 7 16 0
36 19 22 15 16 6 15 6 14 15 10 15 21 12 19 19 18 13 7 23 3 8 17 20 24 5 16 8 18 8 17 14 16 14 21 16 0
37 11 11 24 9 6 15 12 15 13 20 6 18 17 8 10 13 3 12 12 10 9 12 17 16 8 11 4 8 7 10 6 14 9 14 6 11 0
38 25 29 9 22 12 20 8 19 21 6 22 27 15 25 26 25 20 10 29 10 14 23 26 29 12 22 15 25 13 24 20 18 19 27 22 7 18 0
39 32 34 1 24 18 28 11 28 29 14 28 35 23 29 32 32 25 12 33 17 22 31 34 30 19 29 21 30 17 31 27 18 21 35 26 14 23 9 0
40 8 7 39 19 21 20 27 20 16 33 11 16 25 12 7 12 13 27 12 23 19 13 15 21 21 14 18 8 22 10 12 27 21 9 15 25 15 32 38 0
41 15 8 29 6 14 24 18 23 20 29 12 24 26 4 13 19 10 17 5 18 18 18 23 8 17 18 13 9 13 15 13 14 9 18 4 20 9 25 29 15 0
42 8 4 36 16 19 20 25 20 16 32 9 18 25 8 6 13 11 24 9 21 18 13 17 18 19 14 16 6 19 10 11 24 18 11 11 23 13 30 36 4 11 0
43 8 3 32 12 15 18 21 18 15 28 7 18 22 5 6 12 7 20 7 18 15 12 16 15 16 12 12 2 15 8 8 20 14 11 7 20 9 26 31 8 8 5 0
44 12 10 24 6 8 18 13 18 16 23 8 21 20 6 11 15 5 12 10 12 12 14 19 13 11 14 7 8 7 12 9 12 7 16 3 13 3 20 24 16 7 13 8 0
45 4 12 30 17 13 9 19 9 6 22 5 9 14 13 6 4 8 19 16 13 9 3 8 23 11 3 10 8 15 2 4 23 18 6 13 16 10 22 29 12 16 11 10 12 0
46 24 18 24 7 15 29 16 29 27 28 19 32 30 14 22 27 16 14 14 20 22 26 31 7 20 25 17 18 13 23 20 6 7 27 11 20 15 24 24 25 11 21 18 12 24 0
47 22 24 11 17 8 19 4 18 19 10 18 25 15 21 23 22 16 5 24 7 12 21 24 24 9 19 11 21 8 21 17 14 14 25 18 5 14 5 10 28 21 26 22 15 20 19 0
48 31 33 2 23 16 27 10 26 27 12 27 33 22 28 31 31 24 11 32 16 21 29 32 29 18 28 20 29 16 29 26 18 20 33 25 13 22 7 2 37 28 34 30 23 28 23 9 0
49 22 28 19 25 15 13 15 12 15 6 20 20 6 26 23 20 20 17 30 10 11 18 19 33 11 17 15 24 17 20 18 25 24 23 24 10 19 11 19 30 28 29 26 22 18 30 13 17 0
50 23 30 21 28 17 12 18 12 15 8 21 19 6 28 24 20 21 19 32 12 13 19 19 35 13 17 17 25 20 21 19 28 26 23 26 13 21 13 21 30 30 30 27 23 19 32 15 20 3 0
51 5 7 30 13 13 14 19 14 11 25 3 14 19 7 4 9 5 18 11 15 11 8 13 18 13 8 9 3 14 5 4 20 15 8 9 17 7 24 30 9 11 7 4 8 6 19 20 28 22 23 0
52 7 5 30 11 13 17 19 17 14 26 5 17 21 5 6 12 5 18 8 16 13 11 16 15 14 11 10 2 13 8 7 18 13 11 6 18 7 24 30 9 8 6 2 7 9 17 20 29 24 25 3 0
53 24 18 25 7 16 30 17 29 27 29 20 33 30 14 22 27 17 15 14 21 23 26 31 6 21 26 18 18 14 23 20 7 7 27 11 21 15 24 24 25 11 21 18 12 24 1 20 24 30 33 20 17 0
54 10 9 26 8 9 16 15 16 13 23 5 18 19 6 9 13 2 14 10 12 11 12 17 15 11 12 7 6 9 9 6 15 10 13 4 14 3 21 26 13 8 11 6 3 10 15 16 24 21 23 6 5 15 0
55 24 27 9 20 11 19 7 19 20 7 20 26 15 24 25 24 18 8 27 9 14 22 25 27 11 21 13 24 11 22 19 17 17 26 21 6 16 2 9 31 24 29 25 18 21 22 4 8 11 13 22 23 23 19 0
56 9 18 31 23 16 5 22 5 3 21 10 5 11 19 11 5 13 22 22 14 9 4 4 29 12 4 13 14 19 8 9 27 23 8 19 17 15 23 31 16 22 17 16 17 6 29 21 29 16 16 12 15 29 15 22 0
57 14 7 31 7 15 24 20 23 21 30 12 24 27 4 13 19 10 19 3 20 19 18 23 8 18 18 14 9 14 15 13 15 10 18 5 21 10 27 30 14 2 10 8 8 16 12 22 29 29 31 11 8 12 8 25 22 0
58 24 17 30 9 19 32 21 31 29 33 20 33 33 13 22 28 18 19 11 24 25 27 32 2 24 27 20 18 17 24 21 12 11 27 12 24 17 29 29 23 9 20 17 14 25 6 24 29 34 36 20 17 5 16 27 30 10 0
59 13 22 32 27 19 4 24 5 6 21 15 5 10 23 15 9 17 25 27 17 12 9 5 33 15 8 16 18 22 12 14 31 27 11 23 19 19 24 32 20 26 21 20 21 11 33 23 31 16 15 16 19 33 19 23 5 26 34 0
60 1 9 32 17 15 13 21 13 9 26 5 11 18 11 2 6 8 21 14 16 12 6 10 21 14 7 11 6 16 2 5 23 18 5 12 19 10 25 32 8 14 8 7 12 4 23 22 30 22 23 4 7 23 9 24 9 14 23 14 0
61 16 21 18 18 8 11 10 10 11 10 13 17 8 19 17 15 12 11 23 3 5 14 16 25 3 12 7 17 10 14 11 19 16 18 17 5 11 10 18 23 20 22 18 14 13 22 9 17 8 10 15 17 23 14 10 13 21 26 15 16 0
62 12 15 21 12 4 13 10 12 11 16 8 17 13 12 12 13 6 10 16 6 6 12 16 19 4 11 1 11 6 11 7 15 11 15 10 8 5 14 20 18 14 16 13 7 10 17 11 19 15 17 10 11 18 7 13 13 15 20 17 12 7 0
63 18 18 16 11 3 18 5 17 17 15 13 23 17 14 17 19 10 4 18 7 10 18 22 18 8 16 7 15 2 16 12 10 8 21 11 7 8 12 16 23 14 20 16 9 16 14 7 15 16 18 14 14 15 10 10 19 16 18 22 17 9 6 0
64 25 27 8 18 10 21 5 21 22 10 21 28 17 23 25 25 18 6 27 10 15 24 27 25 12 22 14 23 10 23 20 15 15 27 20 7 16 5 8 31 23 29 25 17 22 20 3 6 14 16 22 23 21 19 3 24 24 25 25 25 11 13 9 0
65 19 21 14 14 4 17 4 16 16 12 14 23 15 17 19 19 12 4 21 5 10 18 22 21 7 17 7 17 5 17 14 12 11 21 14 4 10 9 14 25 17 22 18 11 16 17 4 13 14 16 16 17 17 13 7 19 19 21 21 18 8 7 3 7 0
66 4 7 31 14 13 14 20 14 10 25 3 13 18 8 3 8 6 19 12 15 11 7 12 19 13 8 10 3 14 4 4 21 16 7 10 17 8 24 30 8 12 7 5 9 5 20 21 29 22 23 2 4 21 7 23 11 11 21 15 3 15 10 15 23 17 0
67 19 21 14 13 4 18 3 17 17 13 15 23 15 17 19 20 12 4 21 6 10 18 22 20 7 17 8 17 5 17 14 12 11 22 14 4 10 9 14 25 17 22 18 11 17 16 4 13 14 17 16 16 17 12 7 19 18 21 22 19 8 7 3 7 1 17 0
68 15 12 23 4 8 20 12 20 18 23 10 23 21 7 14 18 7 11 11 13 14 17 21 11 12 16 8 10 7 14 11 10 4 18 4 14 5 19 23 18 7 15 11 3 14 10 14 22 22 24 11 9 10 6 18 19 8 12 23 14 15 8 8 16 11 12 11 0
69 32 33 3 23 18 29 11 28 29 15 28 36 25 29 33 33 25 12 32 18 23 31 35 29 20 30 21 30 17 31 27 17 20 35 26 15 23 10 2 38 28 36 31 24 30 23 11 4 20 23 30 30 23 25 10 31 30 28 33 32 19 21 16 8 14 30 14 22 0
70 14 22 28 24 16 2 20 2 5 17 14 8 6 22 15 10 15 21 26 13 8 9 8 31 11 8 13 18 19 12 12 28 24 13 21 15 16 19 28 21 24 21 19 19 10 30 19 26 12 11 15 18 31 17 19 6 25 32 5 14 10 13 18 21 17 15 18 21 29 0
71 23 19 22 7 14 28 14 28 26 26 19 31 28 14 22 26 16 12 15 18 21 25 30 9 19 25 16 18 11 23 19 4 5 27 11 18 14 21 21 25 11 22 18 11 23 3 17 21 28 30 19 17 4 14 20 28 13 9 32 23 21 16 12 18 15 20 14 9 20 29 0
72 30 32 4 24 16 25 10 24 26 10 26 31 19 28 30 29 24 12 32 14 19 28 31 30 16 26 19 29 16 28 25 19 21 32 25 12 22 5 5 36 28 34 30 23 27 25 8 3 15 17 28 28 26 24 6 27 30 30 29 30 15 18 15 6 12 28 12 22 6 24 22 0
PATIENT_SERVICES_SECTION
1 72 1
2 52 43
3 64 12
4 49 44
5 42
6 68 21
7 34 24
8 48 45
9 27 16
10 2
11 3
12 4
13 5
14 6
15 7
16 8
17 9
18 10
19 11
20 13
21 14
22 15
23 17
24 18
25 19
26 20
27 22
28 23
29 25
30 26
31 28
32 29
33 30
34 31
35 32
36 33
37 35
38 36
39 37
40 38
41 39
42 40
43 41
44 46
45 47
46 50
47 51
48 53
49 54
50 55
51 56
52 57
53 58
54 59
55 60
56 61
57 62
58 63
59 65
60 66
61 67
62 69
63 70
64 71
65 73
66 74
67 75
68 76
69 77
70 78
71 79
72 80
SERVICE_PROCESSING_TIME_SECTION
1 11
2 80
3 119
4 46
5 81
6 109
7 34
8 62
9 96
10 61
11 67
12 39
13 83
14 80
15 80
16 58
17 11
18 64
19 53
20 112
21 76
22 85
23 85
24 76
25 63
26 49
27 58
28 61
29 62
30 65
31 44
32 51
33 100
34 76
35 96
36 85
37 107
38 66
39 71
40 96
41 79
42 99
43 65
44 73
45 95
46 66
47 125
48 95
49 73
50 86
51 63
52 65
53 115
54 44
55 88
56 117
57 77
58 73
59 18
60 92
61 108
62 38
63 72
64 39
65 98
66 77
67 40
68 76
69 88
70 147
71 30
72 11
73 69
74 22
75 98
76 57
77 88
78 128
79 87
80 86
SERVICE_AVAILABILITY_DAYS_SECTION
1 1
2 1
3 1
4 1
5 1
6 1
7 1
8 1
9 1
10 1
11 1
12 1
13 1
14 1
15 1
16 1
17 1
18 1
19 1
20 1
21 1
22 1
23 1
24 1
25 1
26 1
27 1
28 1
29 1
30 1
31 1
32 1
33 1
34 1
35 1
36 1
37 1
38 1
39 1
40 1
41 1
42 1
43 1
44 1
45 1
46 1
47 1
48 1
49 1
50 1
51 1
52 1
53 1
54 1
55 1
56 1
57 1
58 1
59 1
60 1
61 1
62 1
63 1
64 1
65 1
66 1
67 1
68 1
69 1
70 1
71 1
72 1
73 1
74 1
75 1
76 1
77 1
78 1
79 1
80 1
SERVICE_TIME_WINDOWS_SECTION
1 1 103 308
2 1 133 322
3 1 272 425
4 1 392 542
5 1 474 675
6 1 158 266
7 1 249 417
8 1 304 504
9 1 375 577
10 1 428 701
11 1 132 314
12 1 263 348
13 1 238 439
14 1 402 543
15 1 472 662
16 1 161 370
17 1 177 462
18 1 236 490
19 1 382 557
20 1 422 627
21 1 33 250
22 1 194 397
23 1 270 461
24 1 373 501
25 1 458 720
26 1 65 289
27 1 161 370
28 1 357 503
29 1 427 593
30 1 478 656
31 1 156 353
32 1 183 347
33 1 261 443
34 1 373 501
35 1 402 650
36 1 32 196
37 1 70 355
38 1 275 440
39 1 356 562
40 1 446 649
41 1 0 106
42 1 47 240
43 1 104 337
44 1 393 551
45 1 199 397
46 1 68 198
47 1 132 322
48 1 199 397
49 1 393 551
50 1 464 646
51 1 40 240
52 1 104 337
53 1 197 420
54 1 341 620
55 1 413 659
56 1 66 316
57 1 217 414
58 1 294 512
59 1 389 576
60 1 430 615
61 1 0 103
62 1 59 283
63 1 123 266
64 1 263 348
65 1 311 463
66 1 0 114
67 1 55 176
68 1 33 250
69 1 268 524
70 1 383 525
71 1 75 297
72 1 103 308
73 1 349 498
74 1 387 641
75 1 451 659
76 1 0 142
77 1 73 277
78 1 233 326
79 1 282 516
80 1 420 645
SERVICE_DELAY_MIN_HOUR_SECTION
1 72 0
2
3
4
5
6
7
8
9
10
11
12 64 0
13
14
15
16 27 0
17
18
19
20
21 68 0
22
23
24 34 0
25
26
27 16 0
28
29
30
31
32
33
34 24 0
35
36
37
38
39
40
41
42
43 52 0
44 49 0
45 48 0
46
47
48 45 0
49 44 0
50
51
52 43 0
53
54
55
56
57
58
59
60
61
62
63
64 12 0
65
66
67
68 21 0
69
70
71
72 1 0
73
74
75
76
77
78
79
80
SERVICE_DELAY_MAX_HOUR_SECTION
1 72 0
2
3
4
5
6
7
8
9
10
11
12 64 0
13
14
15
16 27 0
17
18
19
20
21 68 0
22
23
24 34 0
25
26
27 16 0
28
29
30
31
32
33
34 24 0
35
36
37
38
39
40
41
42
43 52 0
44 49 0
45 48 0
46
47
48 45 0
49 44 0
50
51
52 43 0
53
54
55
56
57
58
59
60
61
62
63
64 12 0
65
66
67
68 21 0
69
70
71
72 1 0
73
74
75
76
77
78
79
80
CARE_WORKER_PATIENT_ORIGIN_DESTINATION_DISTANCE_SECTION
1 1 12 12
1 2 15 15
1 3 22 22
1 4 13 13
1 5 5 5
1 6 12 12
1 7 11 11
1 8 11 11
1 9 10 10
1 10 16 16
1 11 7 7
1 12 16 16
1 13 13 13
1 14 12 12
1 15 12 12
1 16 12 12
1 17 6 6
1 18 11 11
1 19 17 17
1 20 6 6
1 21 5 5
1 22 11 11
1 23 15 15
1 24 20 20
1 25 4 4
1 26 10 10
1 27 1 1
1 28 11 11
1 29 7 7
1 30 10 10
1 31 6 6
1 32 16 16
1 33 12 12
1 34 14 14
1 35 10 10
1 36 8 8
1 37 5 5
1 38 15 15
1 39 21 21
1 40 18 18
1 41 14 14
1 42 16 16
1 43 12 12
1 44 8 8
1 45 9 9
1 46 18 18
1 47 11 11
1 48 20 20
1 49 14 14
1 50 16 16
1 51 9 9
1 52 10 10
1 53 19 19
1 54 7 7
1 55 13 13
1 56 12 12
1 57 15 15
1 58 21 21
1 59 15 15
1 60 11 11
1 61 7 7
1 62 2 2
1 63 7 7
1 64 14 14
1 65 8 8
1 66 10 10
1 67 8 8
1 68 9 9
1 69 22 22
1 70 12 12
1 71 17 17
1 72 19 19
2 1 12 12
2 2 15 15
2 3 22 22
2 4 13 13
2 5 5 5
2 6 12 12
2 7 11 11
2 8 11 11
2 9 10 10
2 10 16 16
2 11 7 7
2 12 16 16
2 13 13 13
2 14 12 12
2 15 12 12
2 16 12 12
2 17 6 6
2 18 11 11
2 19 17 17
2 20 6 6
2 21 5 5
2 22 11 11
2 23 15 15
2 24 20 20
2 25 4 4
2 26 10 10
2 27 1 1
2 28 11 11
2 29 7 7
2 30 10 10
2 31 6 6
2 32 16 16
2 33 12 12
2 34 14 14
2 35 10 10
2 36 8 8
2 37 5 5
2 38 15 15
2 39 21 21
2 40 18 18
2 41 14 14
2 42 16 16
2 43 12 12
2 44 8 8
2 45 9 9
2 46 18 18
2 47 11 11
2 48 20 20
2 49 14 14
2 50 16 16
2 51 9 9
2 52 10 10
2 53 19 19
2 54 7 7
2 55 13 13
2 56 12 12
2 57 15 15
2 58 21 21
2 59 15 15
2 60 11 11
2 61 7 7
2 62 2 2
2 63 7 7
2 64 14 14
2 65 8 8
2 66 10 10
2 67 8 8
2 68 9 9
2 69 22 22
2 70 12 12
2 71 17 17
2 72 19 19
3 1 12 12
3 2 15 15
3 3 22 22
3 4 13 13
3 5 5 5
3 6 12 12
3 7 11 11
3 8 11 11
3 9 10 10
3 10 16 16
3 11 7 7
3 12 16 16
3 13 13 13
3 14 12 12
3 15 12 12
3 16 12 12
3 17 6 6
3 18 11 11
3 19 17 17
3 20 6 6
3 21 5 5
3 22 11 11
3 23 15 15
3 24 20 20
3 25 4 4
3 26 10 10
3 27 1 1
3 28 11 11
3 29 7 7
3 30 10 10
3 31 6 6
3 32 16 16
3 33 12 12
3 34 14 14
3 35 10 10
3 36 8 8
3 37 5 5
3 38 15 15
3 39 21 21
3 40 18 18
3 41 14 14
3 42 16 16
3 43 12 12
3 44 8 8
3 45 9 9
3 46 18 18
3 47 11 11
3 48 20 20
3 49 14 14
3 50 16 16
3 51 9 9
3 52 10 10
3 53 19 19
3 54 7 7
3 55 13 13
3 56 12 12
3 57 15 15
3 58 21 21
3 59 15 15
3 60 11 11
3 61 7 7
3 62 2 2
3 63 7 7
3 64 14 14
3 65 8 8
3 66 10 10
3 67 8 8
3 68 9 9
3 69 22 22
3 70 12 12
3 71 17 17
3 72 19 19
4 1 12 12
4 2 15 15
4 3 22 22
4 4 13 13
4 5 5 5
4 6 12 12
4 7 11 11
4 8 11 11
4 9 10 10
4 10 16 16
4 11 7 7
4 12 16 16
4 13 13 13
4 14 12 12
4 15 12 12
4 16 12 12
4 17 6 6
4 18 11 11
4 19 17 17
4 20 6 6
4 21 5 5
4 22 11 11
4 23 15 15
4 24 20 20
4 25 4 4
4 26 10 10
4 27 1 1
4 28 11 11
4 29 7 7
4 30 10 10
4 31 6 6
4 32 16 16
4 33 12 12
4 34 14 14
4 35 10 10
4 36 8 8
4 37 5 5
4 38 15 15
4 39 21 21
4 40 18 18
4 41 14 14
4 42 16 16
4 43 12 12
4 44 8 8
4 45 9 9
4 46 18 18
4 47 11 11
4 48 20 20
4 49 14 14
4 50 16 16
4 51 9 9
4 52 10 10
4 53 19 19
4 54 7 7
4 55 13 13
4 56 12 12
4 57 15 15
4 58 21 21
4 59 15 15
4 60 11 11
4 61 7 7
4 62 2 2
4 63 7 7
4 64 14 14
4 65 8 8
4 66 10 10
4 67 8 8
4 68 9 9
4 69 22 22
4 70 12 12
4 71 17 17
4 72 19 19
5 1 12 12
5 2 15 15
5 3 22 22
5 4 13 13
5 5 5 5
5 6 12 12
5 7 11 11
5 8 11 11
5 9 10 10
5 10 16 16
5 11 7 7
5 12 16 16
5 13 13 13
5 14 12 12
5 15 12 12
5 16 12 12
5 17 6 6
5 18 11 11
5 19 17 17
5 20 6 6
5 21 5 5
5 22 11 11
5 23 15 15
5 24 20 20
5 25 4 4
5 26 10 10
5 27 1 1
5 28 11 11
5 29 7 7
5 30 10 10
5 31 6 6
5 32 16 16
5 33 12 12
5 34 14 14
5 35 10 10
5 36 8 8
5 37 5 5
5 38 15 15
5 39 21 21
5 40 18 18
5 41 14 14
5 42 16 16
5 43 12 12
5 44 8 8
5 45 9 9
5 46 18 18
5 47 11 11
5 48 20 20
5 49 14 14
5 50 16 16
5 51 9 9
5 52 10 10
5 53 19 19
5 54 7 7
5 55 13 13
5 56 12 12
5 57 15 15
5 58 21 21
5 59 15 15
5 60 11 11
5 61 7 7
5 62 2 2
5 63 7 7
5 64 14 14
5 65 8 8
5 66 10 10
5 67 8 8
5 68 9 9
5 69 22 22
5 70 12 12
5 71 17 17
5 72 19 19
6 1 12 12
6 2 15 15
6 3 22 22
6 4 13 13
6 5 5 5
6 6 12 12
6 7 11 11
6 8 11 11
6 9 10 10
6 10 16 16
6 11 7 7
6 12 16 16
6 13 13 13
6 14 12 12
6 15 12 12
6 16 12 12
6 17 6 6
6 18 11 11
6 19 17 17
6 20 6 6
6 21 5 5
6 22 11 11
6 23 15 15
6 24 20 20
6 25 4 4
6 26 10 10
6 27 1 1
6 28 11 11
6 29 7 7
6 30 10 10
6 31 6 6
6 32 16 16
6 33 12 12
6 34 14 14
6 35 10 10
6 36 8 8
6 37 5 5
6 38 15 15
6 39 21 21
6 40 18 18
6 41 14 14
6 42 16 16
6 43 12 12
6 44 8 8
6 45 9 9
6 46 18 18
6 47 11 11
6 48 20 20
6 49 14 14
6 50 16 16
6 51 9 9
6 52 10 10
6 53 19 19
6 54 7 7
6 55 13 13
6 56 12 12
6 57 15 15
6 58 21 21
6 59 15 15
6 60 11 11
6 61 7 7
6 62 2 2
6 63 7 7
6 64 14 14
6 65 8 8
6 66 10 10
6 67 8 8
6 68 9 9
6 69 22 22
6 70 12 12
6 71 17 17
6 72 19 19
7 1 12 12
7 2 15 15
7 3 22 22
7 4 13 13
7 5 5 5
7 6 12 12
7 7 11 11
7 8 11 11
7 9 10 10
7 10 16 16
7 11 7 7
7 12 16 16
7 13 13 13
7 14 12 12
7 15 12 12
7 16 12 12
7 17 6 6
7 18 11 11
7 19 17 17
7 20 6 6
7 21 5 5
7 22 11 11
7 23 15 15
7 24 20 20
7 25 4 4
7 26 10 10
7 27 1 1
7 28 11 11
7 29 7 7
7 30 10 10
7 31 6 6
7 32 16 16
7 33 12 12
7 34 14 14
7 35 10 10
7 36 8 8
7 37 5 5
7 38 15 15
7 39 21 21
7 40 18 18
7 41 14 14
7 42 16 16
7 43 12 12
7 44 8 8
7 45 9 9
7 46 18 18
7 47 11 11
7 48 20 20
7 49 14 14
7 50 16 16
7 51 9 9
7 52 10 10
7 53 19 19
7 54 7 7
7 55 13 13
7 56 12 12
7 57 15 15
7 58 21 21
7 59 15 15
7 60 11 11
7 61 7 7
7 62 2 2
7 63 7 7
7 64 14 14
7 65 8 8
7 66 10 10
7 67 8 8
7 68 9 9
7 69 22 22
7 70 12 12
7 71 17 17
7 72 19 19
8 1 12 12
8 2 15 15
8 3 22 22
8 4 13 13
8 5 5 5
8 6 12 12
8 7 11 11
8 8 11 11
8 9 10 10
8 10 16 16
8 11 7 7
8 12 16 16
8 13 13 13
8 14 12 12
8 15 12 12
8 16 12 12
8 17 6 6
8 18 11 11
8 19 17 17
8 20 6 6
8 21 5 5
8 22 11 11
8 23 15 15
8 24 20 20
8 25 4 4
8 26 10 10
8 27 1 1
8 28 11 11
8 29 7 7
8 30 10 10
8 31 6 6
8 32 16 16
8 33 12 12
8 34 14 14
8 35 10 10
8 36 8 8
8 37 5 5
8 38 15 15
8 39 21 21
8 40 18 18
8 41 14 14
8 42 16 16
8 43 12 12
8 44 8 8
8 45 9 9
8 46 18 18
8 47 11 11
8 48 20 20
8 49 14 14
8 50 16 16
8 51 9 9
8 52 10 10
8 53 19 19
8 54 7 7
8 55 13 13
8 56 12 12
8 57 15 15
8 58 21 21
8 59 15 15
8 60 11 11
8 61 7 7
8 62 2 2
8 63 7 7
8 64 14 14
8 65 8 8
8 66 10 10
8 67 8 8
8 68 9 9
8 69 22 22
8 70 12 12
8 71 17 17
8 72 19 19
9 1 12 12
9 2 15 15
9 3 22 22
9 4 13 13
9 5 5 5
9 6 12 12
9 7 11 11
9 8 11 11
9 9 10 10
9 10 16 16
9 11 7 7
9 12 16 16
9 13 13 13
9 14 12 12
9 15 12 12
9 16 12 12
9 17 6 6
9 18 11 11
9 19 17 17
9 20 6 6
9 21 5 5
9 22 11 11
9 23 15 15
9 24 20 20
9 25 4 4
9 26 10 10
9 27 1 1
9 28 11 11
9 29 7 7
9 30 10 10
9 31 6 6
9 32 16 16
9 33 12 12
9 34 14 14
9 35 10 10
9 36 8 8
9 37 5 5
9 38 15 15
9 39 21 21
9 40 18 18
9 41 14 14
9 42 16 16
9 43 12 12
9 44 8 8
9 45 9 9
9 46 18 18
9 47 11 11
9 48 20 20
9 49 14 14
9 50 16 16
9 51 9 9
9 52 10 10
9 53 19 19
9 54 7 7
9 55 13 13
9 56 12 12
9 57 15 15
9 58 21 21
9 59 15 15
9 60 11 11
9 61 7 7
9 62 2 2
9 63 7 7
9 64 14 14
9 65 8 8
9 66 10 10
9 67 8 8
9 68 9 9
9 69 22 22
9 70 12 12
9 71 17 17
9 72 19 19
10 1 12 12
10 2 15 15
10 3 22 22
10 4 13 13
10 5 5 5
10 6 12 12
10 7 11 11
10 8 11 11
10 9 10 10
10 10 16 16
10 11 7 7
10 12 16 16
10 13 13 13
10 14 12 12
10 15 12 12
10 16 12 12
10 17 6 6
10 18 11 11
10 19 17 17
10 20 6 6
10 21 5 5
10 22 11 11
10 23 15 15
10 24 20 20
10 25 4 4
10 26 10 10
10 27 1 1
10 28 11 11
10 29 7 7
10 30 10 10
10 31 6 6
10 32 16 16
10 33 12 12
10 34 14 14
10 35 10 10
10 36 8 8
10 37 5 5
10 38 15 15
10 39 21 21
10 40 18 18
10 41 14 14
10 42 16 16
10 43 12 12
10 44 8 8
10 45 9 9
10 46 18 18
10 47 11 11
10 48 20 20
10 49 14 14
10 50 16 16
10 51 9 9
10 52 10 10
10 53 19 19
10 54 7 7
10 55 13 13
10 56 12 12
10 57 15 15
10 58 21 21
10 59 15 15
10 60 11 11
10 61 7 7
10 62 2 2
10 63 7 7
10 64 14 14
10 65 8 8
10 66 10 10
10 67 8 8
10 68 9 9
10 69 22 22
10 70 12 12
10 71 17 17
10 72 19 19
11 1 12 12
11 2 15 15
11 3 22 22
11 4 13 13
11 5 5 5
11 6 12 12
11 7 11 11
11 8 11 11
11 9 10 10
11 10 16 16
11 11 7 7
11 12 16 16
11 13 13 13
11 14 12 12
11 15 12 12
11 16 12 12
11 17 6 6
11 18 11 11
11 19 17 17
11 20 6 6
11 21 5 5
11 22 11 11
11 23 15 15
11 24 20 20
11 25 4 4
11 26 10 10
11 27 1 1
11 28 11 11
11 29 7 7
11 30 10 10
11 31 6 6
11 32 16 16
11 33 12 12
11 34 14 14
11 35 10 10
11 36 8 8
11 37 5 5
11 38 15 15
11 39 21 21
11 40 18 18
11 41 14 14
11 42 16 16
11 43 12 12
11 44 8 8
11 45 9 9
11 46 18 18
11 47 11 11
11 48 20 20
11 49 14 14
11 50 16 16
11 51 9 9
11 52 10 10
11 53 19 19
11 54 7 7
11 55 13 13
11 56 12 12
11 57 15 15
11 58 21 21
11 59 15 15
11 60 11 11
11 61 7 7
11 62 2 2
11 63 7 7
11 64 14 14
11 65 8 8
11 66 10 10
11 67 8 8
11 68 9 9
11 69 22 22
11 70 12 12
11 71 17 17
11 72 19 19
12 1 12 12
12 2 15 15
12 3 22 22
12 4 13 13
12 5 5 5
12 6 12 12
12 7 11 11
12 8 11 11
12 9 10 10
12 10 16 16
12 11 7 7
12 12 16 16
12 13 13 13
12 14 12 12
12 15 12 12
12 16 12 12
12 17 6 6
12 18 11 11
12 19 17 17
12 20 6 6
12 21 5 5
12 22 11 11
12 23 15 15
12 24 20 20
12 25 4 4
12 26 10 10
12 27 1 1
12 28 11 11
12 29 7 7
12 30 10 10
12 31 6 6
12 32 16 16
12 33 12 12
12 34 14 14
12 35 10 10
12 36 8 8
12 37 5 5
12 38 15 15
12 39 21 21
12 40 18 18
12 41 14 14
12 42 16 16
12 43 12 12
12 44 8 8
12 45 9 9
12 46 18 18
12 47 11 11
12 48 20 20
12 49 14 14
12 50 16 16
12 51 9 9
12 52 10 10
12 53 19 19
12 54 7 7
12 55 13 13
12 56 12 12
12 57 15 15
12 58 21 21
12 59 15 15
12 60 11 11
12 61 7 7
12 62 2 2
12 63 7 7
12 64 14 14
12 65 8 8
12 66 10 10
12 67 8 8
12 68 9 9
12 69 22 22
12 70 12 12
12 71 17 17
12 72 19 19
13 1 12 12
13 2 15 15
13 3 22 22
13 4 13 13
13 5 5 5
13 6 12 12
13 7 11 11
13 8 11 11
13 9 10 10
13 10 16 16
13 11 7 7
13 12 16 16
13 13 13 13
13 14 12 12
13 15 12 12
13 16 12 12
13 17 6 6
13 18 11 11
13 19 17 17
13 20 6 6
13 21 5 5
13 22 11 11
13 23 15 15
13 24 20 20
13 25 4 4
13 26 10 10
13 27 1 1
13 28 11 11
13 29 7 7
13 30 10 10
13 31 6 6
13 32 16 16
13 33 12 12
13 34 14 14
13 35 10 10
13 36 8 8
13 37 5 5
13 38 15 15
13 39 21 21
13 40 18 18
13 41 14 14
13 42 16 16
13 43 12 12
13 44 8 8
13 45 9 9
13 46 18 18
13 47 11 11
13 48 20 20
13 49 14 14
13 50 16 16
13 51 9 9
13 52 10 10
13 53 19 19
13 54 7 7
13 55 13 13
13 56 12 12
13 57 15 15
13 58 21 21
13 59 15 15
13 60 11 11
13 61 7 7
13 62 2 2
13 63 7 7
13 64 14 14
13 65 8 8
13 66 10 10
13 67 8 8
13 68 9 9
13 69 22 22
13 70 12 12
13 71 17 17
13 72 19 19
14 1 12 12
14 2 15 15
14 3 22 22
14 4 13 13
14 5 5 5
14 6 12 12
14 7 11 11
14 8 11 11
14 9 10 10
14 10 16 16
14 11 7 7
14 12 16 16
14 13 13 13
14 14 12 12
14 15 12 12
14 16 12 12
14 17 6 6
14 18 11 11
14 19 17 17
14 20 6 6
14 21 5 5
14 22 11 11
14 23 15 15
14 24 20 20
14 25 4 4
14 26 10 10
14 27 1 1
14 28 11 11
14 29 7 7
14 30 10 10
14 31 6 6
14 32 16 16
14 33 12 12
14 34 14 14
14 35 10 10
14 36 8 8
14 37 5 5
14 38 15 15
14 39 21 21
14 40 18 18
14 41 14 14
14 42 16 16
14 43 12 12
14 44 8 8
14 45 9 9
14 46 18 18
14 47 11 11
14 48 20 20
14 49 14 14
14 50 16 16
14 51 9 9
14 52 10 10
14 53 19 19
14 54 7 7
14 55 13 13
14 56 12 12
14 57 15 15
14 58 21 21
14 59 15 15
14 60 11 11
14 61 7 7
14 62 2 2
14 63 7 7
14 64 14 14
14 65 8 8
14 66 10 10
14 67 8 8
14 68 9 9
14 69 22 22
14 70 12 12
14 71 17 17
14 72 19 19
15 1 12 12
15 2 15 15
15 3 22 22
15 4 13 13
15 5 5 5
15 6 12 12
15 7 11 11
15 8 11 11
15 9 10 10
15 10 16 16
15 11 7 7
15 12 16 16
15 13 13 13
15 14 12 12
15 15 12 12
15 16 12 12
15 17 6 6
15 18 11 11
15 19 17 17
15 20 6 6
15 21 5 5
15 22 11 11
15 23 15 15
15 24 20 20
15 25 4 4
15 26 10 10
15 27 1 1
15 28 11 11
15 29 7 7
15 30 10 10
15 31 6 6
15 32 16 16
15 33 12 12
15 34 14 14
15 35 10 10
15 36 8 8
15 37 5 5
15 38 15 15
15 39 21 21
15 40 18 18
15 41 14 14
15 42 16 16
15 43 12 12
15 44 8 8
15 45 9 9
15 46 18 18
15 47 11 11
15 48 20 20
15 49 14 14
15 50 16 16
15 51 9 9
15 52 10 10
15 53 19 19
15 54 7 7
15 55 13 13
15 56 12 12
15 57 15 15
15 58 21 21
15 59 15 15
15 60 11 11
15 61 7 7
15 62 2 2
15 63 7 7
15 64 14 14
15 65 8 8
15 66 10 10
15 67 8 8
15 68 9 9
15 69 22 22
15 70 12 12
15 71 17 17
15 72 19 19
16 1 12 12
16 2 15 15
16 3 22 22
16 4 13 13
16 5 5 5
16 6 12 12
16 7 11 11
16 8 11 11
16 9 10 10
16 10 16 16
16 11 7 7
16 12 16 16
16 13 13 13
16 14 12 12
16 15 12 12
16 16 12 12
16 17 6 6
16 18 11 11
16 19 17 17
16 20 6 6
16 21 5 5
16 22 11 11
16 23 15 15
16 24 20 20
16 25 4 4
16 26 10 10
16 27 1 1
16 28 11 11
16 29 7 7
16 30 10 10
16 31 6 6
16 32 16 16
16 33 12 12
16 34 14 14
16 35 10 10
16 36 8 8
16 37 5 5
16 38 15 15
16 39 21 21
16 40 18 18
16 41 14 14
16 42 16 16
16 43 12 12
16 44 8 8
16 45 9 9
16 46 18 18
16 47 11 11
16 48 20 20
16 49 14 14
16 50 16 16
16 51 9 9
16 52 10 10
16 53 19 19
16 54 7 7
16 55 13 13
16 56 12 12
16 57 15 15
16 58 21 21
16 59 15 15
16 60 11 11
16 61 7 7
16 62 2 2
16 63 7 7
16 64 14 14
16 65 8 8
16 66 10 10
16 67 8 8
16 68 9 9
16 69 22 22
16 70 12 12
16 71 17 17
16 72 19 19
CARE_WORKER_AVAILABILITY_DAYS_SECTION
1 1
2 1
3 1
4 1
5 1
6 1
7 1
8 1
9 1
10 1
11 1
12 1
13 1
14 1
15 1
16 1
CARE_WORKER_TIME_WINDOWS_SECTION
1 1 0 643
2 1 0 643
3 1 0 643
4 1 0 643
5 1 0 643
6 1 0 643
7 1 0 643
8 1 0 643
9 1 0 643
10 1 0 643
11 1 0 643
12 1 0 643
13 1 0 643
14 1 0 643
15 1 0 643
16 1 0 643
CARE_WORKER_SERVICE_AUTHORIZED_TO_CARE_SECTION
1 1 2 3 4 5 6 7 8 9 10 11 12 13 14 15 16 17 18 19 20 21 22 23 24 25 26 27 28 29 30 31 32 33 34 35 36 37 38 39 40 41 42 43 44 45 46 47 48 49 50 51 52 53 54 55 56 57 58 59 60 61 62 63 64 65 66 67 68 69 70 71 72 73 74 75 76 77 78 79 80
2 1 2 3 4 5 6 7 8 9 10 11 12 13 14 15 16 17 18 19 20 21 22 23 24 25 26 27 28 29 30 31 32 33 34 35 36 37 38 39 40 41 42 43 44 45 46 47 48 49 50 51 52 53 54 55 56 57 58 59 60 61 62 63 64 65 66 67 68 69 70 71 72 73 74 75 76 77 78 79 80
3 1 2 3 4 5 6 7 8 9 10 11 12 13 14 15 16 17 18 19 20 21 22 23 24 25 26 27 28 29 30 31 32 33 34 35 36 37 38 39 40 41 42 43 44 45 46 47 48 49 50 51 52 53 54 55 56 57 58 59 60 61 62 63 64 65 66 67 68 69 70 71 72 73 74 75 76 77 78 79 80
4 1 2 3 4 5 6 7 8 9 10 11 12 13 14 15 16 17 18 19 20 21 22 23 24 25 26 27 28 29 30 31 32 33 34 35 36 37 38 39 40 41 42 43 44 45 46 47 48 49 50 51 52 53 54 55 56 57 58 59 60 61 62 63 64 65 66 67 68 69 70 71 72 73 74 75 76 77 78 79 80
5 1 2 3 4 5 6 7 8 9 10 11 12 13 14 15 16 17 18 19 20 21 22 23 24 25 26 27 28 29 30 31 32 33 34 35 36 37 38 39 40 41 42 43 44 45 46 47 48 49 50 51 52 53 54 55 56 57 58 59 60 61 62 63 64 65 66 67 68 69 70 71 72 73 74 75 76 77 78 79 80
6 1 2 3 4 5 6 7 8 9 10 11 12 13 14 15 16 17 18 19 20 21 22 23 24 25 26 27 28 29 30 31 32 33 34 35 36 37 38 39 40 41 42 43 44 45 46 47 48 49 50 51 52 53 54 55 56 57 58 59 60 61 62 63 64 65 66 67 68 69 70 71 72 73 74 75 76 77 78 79 80
7 1 2 3 4 5 6 7 8 9 10 11 12 13 14 15 16 17 18 19 20 21 22 23 24 25 26 27 28 29 30 31 32 33 34 35 36 37 38 39 40 41 42 43 44 45 46 47 48 49 50 51 52 53 54 55 56 57 58 59 60 61 62 63 64 65 66 67 68 69 70 71 72 73 74 75 76 77 78 79 80
8 1 2 3 4 5 6 7 8 9 10 11 12 13 14 15 16 17 18 19 20 21 22 23 24 25 26 27 28 29 30 31 32 33 34 35 36 37 38 39 40 41 42 43 44 45 46 47 48 49 50 51 52 53 54 55 56 57 58 59 60 61 62 63 64 65 66 67 68 69 70 71 72 73 74 75 76 77 78 79 80
9 1 2 3 4 5 6 7 8 9 10 11 12 13 14 15 16 17 18 19 20 21 22 23 24 25 26 27 28 29 30 31 32 33 34 35 36 37 38 39 40 41 42 43 44 45 46 47 48 49 50 51 52 53 54 55 56 57 58 59 60 61 62 63 64 65 66 67 68 69 70 71 72 73 74 75 76 77 78 79 80
10 1 2 3 4 5 6 7 8 9 10 11 12 13 14 15 16 17 18 19 20 21 22 23 24 25 26 27 28 29 30 31 32 33 34 35 36 37 38 39 40 41 42 43 44 45 46 47 48 49 50 51 52 53 54 55 56 57 58 59 60 61 62 63 64 65 66 67 68 69 70 71 72 73 74 75 76 77 78 79 80
11 1 2 3 4 5 6 7 8 9 10 11 12 13 14 15 16 17 18 19 20 21 22 23 24 25 26 27 28 29 30 31 32 33 34 35 36 37 38 39 40 41 42 43 44 45 46 47 48 49 50 51 52 53 54 55 56 57 58 59 60 61 62 63 64 65 66 67 68 69 70 71 72 73 74 75 76 77 78 79 80
12 1 2 3 4 5 6 7 8 9 10 11 12 13 14 15 16 17 18 19 20 21 22 23 24 25 26 27 28 29 30 31 32 33 34 35 36 37 38 39 40 41 42 43 44 45 46 47 48 49 50 51 52 53 54 55 56 57 58 59 60 61 62 63 64 65 66 67 68 69 70 71 72 73 74 75 76 77 78 79 80
13 1 2 3 4 5 6 7 8 9 10 11 12 13 14 15 16 17 18 19 20 21 22 23 24 25 26 27 28 29 30 31 32 33 34 35 36 37 38 39 40 41 42 43 44 45 46 47 48 49 50 51 52 53 54 55 56 57 58 59 60 61 62 63 64 65 66 67 68 69 70 71 72 73 74 75 76 77 78 79 80
14 1 2 3 4 5 6 7 8 9 10 11 12 13 14 15 16 17 18 19 20 21 22 23 24 25 26 27 28 29 30 31 32 33 34 35 36 37 38 39 40 41 42 43 44 45 46 47 48 49 50 51 52 53 54 55 56 57 58 59 60 61 62 63 64 65 66 67 68 69 70 71 72 73 74 75 76 77 78 79 80
15 1 2 3 4 5 6 7 8 9 10 11 12 13 14 15 16 17 18 19 20 21 22 23 24 25 26 27 28 29 30 31 32 33 34 35 36 37 38 39 40 41 42 43 44 45 46 47 48 49 50 51 52 53 54 55 56 57 58 59 60 61 62 63 64 65 66 67 68 69 70 71 72 73 74 75 76 77 78 79 80
16 1 2 3 4 5 6 7 8 9 10 11 12 13 14 15 16 17 18 19 20 21 22 23 24 25 26 27 28 29 30 31 32 33 34 35 36 37 38 39 40 41 42 43 44 45 46 47 48 49 50 51 52 53 54 55 56 57 58 59 60 61 62 63 64 65 66 67 68 69 70 71 72 73 74 75 76 77 78 79 80
CARE_WORKER_MAX_DAILY_WORKING_TIME_SECTION
1 1 643
2 1 643
3 1 643
4 1 643
5 1 643
6 1 643
7 1 643
8 1 643
9 1 643
10 1 643
11 1 643
12 1 643
13 1 643
14 1 643
15 1 643
16 1 643
COST_SERVICE_CARE_WORKER_DAY_SECTION
1 1 1 7.83817
1 2 1 -5.24585
1 3 1 -3.37946
1 4 1 4.87508
1 5 1 7.09921
1 6 1 -0.356906
1 7 1 8.33378
1 8 1 -1.17684
1 9 1 -5.9672
1 10 1 0.297408
1 11 1 -4.71256
1 12 1 5.68797
1 13 1 -4.65343
1 14 1 2.63271
1 15 1 -4.24213
1 16 1 0.774647
2 1 1 -2.25683
2 2 1 -6.76109
2 3 1 4.08178
2 4 1 -7.2323
2 5 1 9.96118
2 6 1 7.56074
2 7 1 6.01483
2 8 1 -5.44971
2 9 1 6.71487
2 10 1 3.29725
2 11 1 -2.04516
2 12 1 9.14028
2 13 1 8.8297
2 14 1 4.75626
2 15 1 7.37629
2 16 1 8.57971
3 1 1 1.73721
3 2 1 -6.6586
3 3 1 0.765702
3 4 1 3.74219
3 5 1 9.93918
3 6 1 -9.02074
3 7 1 7.42849
3 8 1 9.80193
3 9 1 4.60006
3 10 1 -1.40383
3 11 1 -6.2596
3 12 1 3.29584
3 13 1 -7.99251
3 14 1 -4.74038
3 15 1 -0.473441
3 16 1 7.62066
4 1 1 -3.71533
4 2 1 5.06957
4 3 1 5.52596
4 4 1 5.71382
4 5 1 -8.10968
4 6 1 2.26315
4 7 1 1.57846
4 8 1 -4.74813
4 9 1 9.18861
4 10 1 -6.08357
4 11 1 -5.4433
4 12 1 -2.15012
4 13 1 -4.6954
4 14 1 -0.66036
4 15 1 -0.829331
4 16 1 -1.74294
5 1 1 -0.851128
5 2 1 3.29253
5 3 1 -2.39948
5 4 1 4.32578
5 5 1 -6.1841
5 6 1 5.97647
5 7 1 6.74891
5 8 1 -7.82052
5 9 1 -7.98602
5 10 1 0.141513
5 11 1 -9.89647
5 12 1 -5.17061
5 13 1 -4.30172
5 14 1 7.12951
5 15 1 -8.87928
5 16 1 9.05667
6 1 1 -3.56232
6 2 1 2.48443
6 3 1 0.521048
6 4 1 1.12938
6 5 1 9.81983
6 6 1 3.38157
6 7 1 9.65735
6 8 1 9.91708
6 9 1 9.90519
6 10 1 6.40081
6 11 1 4.43899
6 12 1 5.53448
6 13 1 7.40105
6 14 1 4.08172
6 15 1 8.05497
6 16 1 4.43966
7 1 1 6.07298
7 2 1 -3.26548
7 3 1 -4.76487
7 4 1 0.618057
7 5 1 1.20934
7 6 1 -9.98116
7 7 1 3.09353
7 8 1 8.44174
7 9 1 8.61633
7 10 1 8.86468
7 11 1 -9.53815
7 12 1 8.26483
7 13 1 0.974534
7 14 1 2.91951
7 15 1 -3.77905
7 16 1 7.20061
8 1 1 -5.35858
8 2 1 -8.8949
8 3 1 7.8153
8 4 1 -3.44642
8 5 1 5.14997
8 6 1 -7.18545
8 7 1 9.57255
8 8 1 0.378038
8 9 1 8.07985
8 10 1 -6.08946
8 11 1 1.32068
8 12 1 -7.06702
8 13 1 1.26117
8 14 1 7.2989
8 15 1 2.75956
8 16 1 7.5739
9 1 1 -2.6405
9 2 1 -4.58282
9 3 1 -2.81954
9 4 1 -5.65928
9 5 1 -2.37418
9 6 1 6.97953
9 7 1 -0.876658
9 8 1 9.02393
9 9 1 1.30125
9 10 1 -1.21314
9 11 1 -1.46681
9 12 1 -6.34313
9 13 1 3.64805
9 14 1 6.56063
9 15 1 8.05784
9 16 1 -8.85296
10 1 1 1.17256
10 2 1 4.05899
10 3 1 9.46832
10 4 1 -9.69962
10 5 1 -6.91491
10 6 1 7.97997
10 7 1 0.815107
10 8 1 -1.54623
10 9 1 -5.75119
10 10 1 3.60626
10 11 1 5.15262
10 12 1 0.0747475
10 13 1 -5.8258
10 14 1 -1.67707
10 15 1 -9.19811
10 16 1 3.09526
11 1 1 -4.94555
11 2 1 -1.13053
11 3 1 -6.20905
11 4 1 7.54292
11 5 1 0.388499
11 6 1 6.31896
11 7 1 1.27107
11 8 1 -0.997716
11 9 1 -2.51723
11 10 1 -6.78526
11 11 1 -0.73026
11 12 1 5.43431
11 13 1 -3.72054
11 14 1 -1.8402
11 15 1 -7.11227
11 16 1 9.63863
12 1 1 -8.79261
12 2 1 2.83935
12 3 1 5.077
12 4 1 -9.18644
12 5 1 7.32791
12 6 1 -2.42702
12 7 1 -9.87788
12 8 1 -6.80112
12 9 1 5.35717
12 10 1 9.67171
12 11 1 9.99706
12 12 1 -4.67584
12 13 1 5.75365
12 14 1 -9.57932
12 15 1 -4.62579
12 16 1 -9.95272
13 1 1 8.63898
13 2 1 -2.15622
13 3 1 -3.54673
13 4 1 8.05448
13 5 1 6.88286
13 6 1 8.61578
13 7 1 -2.31626
13 8 1 8.1808
13 9 1 0.718632
13 10 1 9.09087
13 11 1 -0.0797208
13 12 1 -9.70444
13 13 1 -1.41059
13 14 1 -2.74707
13 15 1 4.14986
13 16 1 3.5258
14 1 1 6.57961
14 2 1 3.6418
14 3 1 -9.27113
14 4 1 -2.61607
14 5 1 9.36288
14 6 1 3.98344
14 7 1 -4.48686
14 8 1 6.17448
14 9 1 -9.07663
14 10 1 -8.05226
14 11 1 2.22883
14 12 1 -6.50081
14 13 1 5.85392
14 14 1 6.67468
14 15 1 2.99919
14 16 1 -1.47047
15 1 1 9.208
15 2 1 -5.25884
15 3 1 3.03412
15 4 1 9.46496
15 5 1 3.54113
15 6 1 -1.42938
15 7 1 -5.36921
15 8 1 7.67668
15 9 1 8.24512
15 10 1 -4.31552
15 11 1 -3.40496
15 12 1 -2.78383
15 13 1 -5.67972
15 14 1 9.26746
15 15 1 -6.67165
15 16 1 -1.25712
16 1 1 -1.49027
16 2 1 -1.2164
16 3 1 -8.6335
16 4 1 -4.21642
16 5 1 -6.7174
16 6 1 -1.63115
16 7 1 -0.274775
16 8 1 5.90487
16 9 1 -4.05753
16 10 1 3.56681
16 11 1 4.48488
16 12 1 -5.06837
16 13 1 4.04682
16 14 1 -2.25717
16 15 1 4.79909
16 16 1 -2.69798
17 1 1 1.03875
17 2 1 8.79645
17 3 1 -7.21082
17 4 1 -9.66127
17 5 1 5.45802
17 6 1 -4.7382
17 7 1 -4.76576
17 8 1 3.80423
17 9 1 -6.95907
17 10 1 -9.73666
17 11 1 -5.84293
17 12 1 2.72325
17 13 1 -2.64666
17 14 1 -7.65299
17 15 1 9.19387
17 16 1 0.231408
18 1 1 -5.28811
18 2 1 8.34603
18 3 1 9.17971
18 4 1 -2.65543
18 5 1 -3.83906
18 6 1 -8.94992
18 7 1 1.45953
18 8 1 -1.85278
18 9 1 3.30118
18 10 1 6.76231
18 11 1 1.39893
18 12 1 6.0664
18 13 1 -8.36056
18 14 1 2.00371
18 15 1 7.30235
18 16 1 -8.7682
19 1 1 9.80985
19 2 1 -0.503733
19 3 1 -5.30546
19 4 1 -3.98741
19 5 1 9.18018
19 6 1 6.5978
19 7 1 -0.110094
19 8 1 -5.98936
19 9 1 -3.35132
19 10 1 -2.96515
19 11 1 5.43113
19 12 1 -9.93951
19 13 1 7.11827
19 14 1 5.54066
19 15 1 -5.06027
19 16 1 -6.17433
20 1 1 -0.881986
20 2 1 9.93365
20 3 1 1.87606
20 4 1 3.38992
20 5 1 0.989584
20 6 1 -6.1947
20 7 1 0.398977
20 8 1 3.28186
20 9 1 -6.74779
20 10 1 1.17264
20 11 1 2.00028
20 12 1 0.0414798
20 13 1 -6.43416
20 14 1 0.478999
20 15 1 -9.05161
20 16 1 -9.18849
21 1 1 7.46209
21 2 1 0.468872
21 3 1 1.76671
21 4 1 4.23069
21 5 1 -2.2258
21 6 1 -0.657294
21 7 1 4.53439
21 8 1 6.9908
21 9 1 2.92894
21 10 1 8.36405
21 11 1 3.95178
21 12 1 -0.463328
21 13 1 -6.71862
21 14 1 1.98068
21 15 1 -2.03304
21 16 1 -2.16024
22 1 1 -9.61928
22 2 1 6.70569
22 3 1 -3.26245
22 4 1 6.5299
22 5 1 0.650013
22 6 1 3.88673
22 7 1 -4.57599
22 8 1 -4.98618
22 9 1 -9.9969
22 10 1 8.03511
22 11 1 9.07574
22 12 1 0.150728
22 13 1 4.21403
22 14 1 8.42075
22 15 1 0.46047
22 16 1 4.21114
23 1 1 -1.27394
23 2 1 -3.53336
23 3 1 4.07009
23 4 1 -0.751937
23 5 1 8.01741
23 6 1 4.76532
23 7 1 -6.74056
23 8 1 -1.19671
23 9 1 5.07286
23 10 1 0.379613
23 11 1 -3.9987
23 12 1 6.81816
23 13 1 -6.61587
23 14 1 -5.69248
23 15 1 -9.12365
23 16 1 -7.8563
24 1 1 -8.96817
24 2 1 -3.37193
24 3 1 -4.07686
24 4 1 -8.47714
24 5 1 -2.84098
24 6 1 -5.62366
24 7 1 7.92112
24 8 1 6.01479
24 9 1 9.31317
24 10 1 4.51545
24 11 1 8.01511
24 12 1 6.76156
24 13 1 -9.76194
24 14 1 -8.95731
24 15 1 -5.34954
24 16 1 3.41289
25 1 1 3.50749
25 2 1 4.67433
25 3 1 -2.97535
25 4 1 -9.22056
25 5 1 3.2271
25 6 1 -8.01091
25 7 1 -2.74389
25 8 1 -2.15616
25 9 1 6.47465
25 10 1 -5.03122
25 11 1 5.05921
25 12 1 1.98668
25 13 1 0.343293
25 14 1 5.00028
25 15 1 -2.06233
25 16 1 -1.56159
26 1 1 -3.58989
26 2 1 -9.29615
26 3 1 3.72369
26 4 1 2.25728
26 5 1 8.19603
26 6 1 -5.50061
26 7 1 -1.95046
26 8 1 -6.55416
26 9 1 -3.08305
26 10 1 -9.07614
26 11 1 -9.80238
26 12 1 8.19835
26 13 1 -1.20689
26 14 1 4.18621
26 15 1 -8.77607
26 16 1 -5.56827
27 1 1 -1.49027
27 2 1 -1.2164
27 3 1 -8.6335
27 4 1 -4.21642
27 5 1 -6.7174
27 6 1 -1.63115
27 7 1 -0.274775
27 8 1 5.90487
27 9 1 -4.05753
27 10 1 3.56681
27 11 1 4.48488
27 12 1 -5.06837
27 13 1 4.04682
27 14 1 -2.25717
27 15 1 4.79909
27 16 1 -2.69798
28 1 1 4.90737
28 2 1 9.18221
28 3 1 7.31112
28 4 1 7.04002
28 5 1 5.47458
28 6 1 -8.14006
28 7 1 -3.38432
28 8 1 -8.1101
28 9 1 -6.53631
28 10 1 3.84991
28 11 1 -6.67414
28 12 1 4.21208
28 13 1 1.08966
28 14 1 -5.33017
28 15 1 3.35392
28 16 1 -9.04907
29 1 1 3.43395
29 2 1 -3.92224
29 3 1 -6.73258
29 4 1 -8.77282
29 5 1 -2.36734
29 6 1 -2.62832
29 7 1 3.90548
29 8 1 -6.60747
29 9 1 3.53865
29 10 1 -0.116234
29 11 1 5.64776
29 12 1 -6.98174
29 13 1 4.48851
29 14 1 -1.25191
29 15 1 4.56124
29 16 1 -3.96763
30 1 1 7.69836
30 2 1 7.47406
30 3 1 5.03231
30 4 1 -1.47711
30 5 1 -2.33953
30 6 1 2.1632
30 7 1 -9.16729
30 8 1 -5.07973
30 9 1 2.8436
30 10 1 -0.444221
30 11 1 8.78174
30 12 1 9.65633
30 13 1 -1.85722
30 14 1 -4.69581
30 15 1 6.40574
30 16 1 -9.89188
31 1 1 3.71704
31 2 1 4.6537
31 3 1 1.04881
31 4 1 -7.09868
31 5 1 -3.91003
31 6 1 2.97242
31 7 1 -9.03581
31 8 1 -8.51717
31 9 1 6.04019
31 10 1 -0.325827
31 11 1 -2.60662
31 12 1 -6.33283
31 13 1 2.68135
31 14 1 8.65141
31 15 1 1.92187
31 16 1 4.23904
32 1 1 -8.36679
32 2 1 -5.69844
32 3 1 -3.59951
32 4 1 9.56637
32 5 1 6.16002
32 6 1 7.10601
32 7 1 5.68528
32 8 1 -6.68447
32 9 1 -9.61086
32 10 1 5.63963
32 11 1 3.17431
32 12 1 -7.86299
32 13 1 -1.12989
32 14 1 9.40007
32 15 1 -1.94511
32 16 1 -8.97315
33 1 1 -8.17654
33 2 1 2.06045
33 3 1 -0.309801
33 4 1 -2.01902
33 5 1 -3.52451
33 6 1 0.283656
33 7 1 -6.06048
33 8 1 -1.85249
33 9 1 2.88155
33 10 1 1.39606
33 11 1 -8.97415
33 12 1 -2.18272
33 13 1 -9.45588
33 14 1 -5.37572
33 15 1 1.34769
33 16 1 -4.32845
34 1 1 -8.96817
34 2 1 -3.37193
34 3 1 -4.07686
34 4 1 -8.47714
34 5 1 -2.84098
34 6 1 -5.62366
34 7 1 7.92112
34 8 1 6.01479
34 9 1 9.31317
34 10 1 4.51545
34 11 1 8.01511
34 12 1 6.76156
34 13 1 -9.76194
34 14 1 -8.95731
34 15 1 -5.34954
34 16 1 3.41289
35 1 1 1.05139
35 2 1 3.00246
35 3 1 5.51659
35 4 1 6.50342
35 5 1 4.81268
35 6 1 7.13426
35 7 1 -7.22937
35 8 1 -9.07454
35 9 1 -8.58509
35 10 1 -6.11353
35 11 1 3.47332
35 12 1 7.64099
35 13 1 -9.61551
35 14 1 -8.1247
35 15 1 0.520537
35 16 1 0.416685
36 1 1 -7.34989
36 2 1 8.85407
36 3 1 0.783549
36 4 1 1.44489
36 5 1 7.97186
36 6 1 -1.26919
36 7 1 -8.1457
36 8 1 7.40669
36 9 1 -8.88655
36 10 1 -0.647165
36 11 1 -8.95557
36 12 1 5.08597
36 13 1 -9.20352
36 14 1 -0.842715
36 15 1 -6.94703
36 16 1 5.41915
37 1 1 5.66915
37 2 1 8.77415
37 3 1 -5.91061
37 4 1 0.520198
37 5 1 9.36829
37 6 1 6.40958
37 7 1 -5.29194
37 8 1 -5.87454
37 9 1 0.0939201
37 10 1 -7.89385
37 11 1 4.50263
37 12 1 -3.99074
37 13 1 -4.97374
37 14 1 7.24455
37 15 1 6.83569
37 16 1 -3.22135
38 1 1 -7.11072
38 2 1 2.02579
38 3 1 -2.54982
38 4 1 0.00560037
38 5 1 -8.33617
38 6 1 -0.860123
38 7 1 -6.70128
38 8 1 6.97511
38 9 1 -1.85234
38 10 1 8.78309
38 11 1 5.37349
38 12 1 5.72945
38 13 1 1.20363
38 14 1 3.41194
38 15 1 9.94
38 16 1 -6.60495
39 1 1 4.601
39 2 1 -1.1696
39 3 1 -1.78468
39 4 1 2.48011
39 5 1 4.09384
39 6 1 -0.877345
39 7 1 3.97602
39 8 1 3.522
39 9 1 -6.79037
39 10 1 0.881457
39 11 1 9.29527
39 12 1 -7.86787
39 13 1 7.66821
39 14 1 -3.30991
39 15 1 -8.58369
39 16 1 -9.73767
40 1 1 -5.64197
40 2 1 -2.89874
40 3 1 0.715912
40 4 1 -5.42849
40 5 1 -0.029706
40 6 1 9.93875
40 7 1 1.42853
40 8 1 4.17252
40 9 1 -7.74714
40 10 1 -4.7943
40 11 1 0.406368
40 12 1 -3.12951
40 13 1 4.50441
40 14 1 4.77989
40 15 1 9.41148
40 16 1 -9.62146
41 1 1 6.94268
41 2 1 6.91108
41 3 1 7.56396
41 4 1 -1.8679
41 5 1 2.97093
41 6 1 -7.21506
41 7 1 9.27505
41 8 1 2.00608
41 9 1 4.32715
41 10 1 -4.77235
41 11 1 -8.79957
41 12 1 -7.31731
41 13 1 -4.0016
41 14 1 -2.95292
41 15 1 5.23351
41 16 1 -2.4108
42 1 1 7.95356
42 2 1 3.81492
42 3 1 -6.927
42 4 1 -6.26446
42 5 1 9.85318
42 6 1 4.28139
42 7 1 -0.919859
42 8 1 0.531918
42 9 1 3.83771
42 10 1 -3.00161
42 11 1 8.26565
42 12 1 -5.44522
42 13 1 1.6985
42 14 1 -0.607848
42 15 1 -9.40756
42 16 1 3.90482
43 1 1 -0.330556
43 2 1 4.96573
43 3 1 8.12675
43 4 1 -0.0698205
43 5 1 -1.72731
43 6 1 -8.56651
43 7 1 1.34778
43 8 1 8.06037
43 9 1 -1.02463
43 10 1 5.32272
43 11 1 3.69314
43 12 1 -7.5073
43 13 1 0.934388
43 14 1 0.642545
43 15 1 -1.14263
43 16 1 0.00957082
44 1 1 1.84163
44 2 1 -7.11763
44 3 1 6.41639
44 4 1 -4.19085
44 5 1 -1.91607
44 6 1 -9.7758
44 7 1 3.11487
44 8 1 6.93998
44 9 1 -2.21188
44 10 1 8.86735
44 11 1 4.8806
44 12 1 -6.31177
44 13 1 -8.48554
44 14 1 -0.66918
44 15 1 -7.86909
44 16 1 9.46234
45 1 1 -8.32757
45 2 1 -8.76426
45 3 1 -1.01821
45 4 1 -2.44341
45 5 1 -7.14506
45 6 1 -2.50651
45 7 1 7.21797
45 8 1 8.2853
45 9 1 -0.111565
45 10 1 -1.06191
45 11 1 -0.157595
45 12 1 -7.97259
45 13 1 -1.01038
45 14 1 9.35464
45 15 1 4.39697
45 16 1 -9.61129
46 1 1 3.38345
46 2 1 -0.744416
46 3 1 -1.86281
46 4 1 -6.34974
46 5 1 2.80941
46 6 1 8.31808
46 7 1 -9.98833
46 8 1 -9.45646
46 9 1 6.63649
46 10 1 -0.880796
46 11 1 -1.19831
46 12 1 2.27376
46 13 1 7.86065
46 14 1 -8.64243
46 15 1 -5.662
46 16 1 -2.5513
47 1 1 9.73625
47 2 1 6.91358
47 3 1 4.39162
47 4 1 8.04333
47 5 1 -8.79004
47 6 1 -3.52154
47 7 1 7.90571
47 8 1 9.37343
47 9 1 2.21774
47 10 1 1.55978
47 11 1 -3.02303
47 12 1 3.90451
47 13 1 2.79673
47 14 1 5.35319
47 15 1 -0.348135
47 16 1 2.27498
48 1 1 -8.32757
48 2 1 -8.76426
48 3 1 -1.01821
48 4 1 -2.44341
48 5 1 -7.14506
48 6 1 -2.50651
48 7 1 7.21797
48 8 1 8.2853
48 9 1 -0.111565
48 10 1 -1.06191
48 11 1 -0.157595
48 12 1 -7.97259
48 13 1 -1.01038
48 14 1 9.35464
48 15 1 4.39697
48 16 1 -9.61129
49 1 1 1.84163
49 2 1 -7.11763
49 3 1 6.41639
49 4 1 -4.19085
49 5 1 -1.91607
49 6 1 -9.7758
49 7 1 3.11487
49 8 1 6.93998
49 9 1 -2.21188
49 10 1 8.86735
49 11 1 4.8806
49 12 1 -6.31177
49 13 1 -8.48554
49 14 1 -0.66918
49 15 1 -7.86909
49 16 1 9.46234
50 1 1 -2.70394
50 2 1 -5.16735
50 3 1 -3.75963
50 4 1 -8.41386
50 5 1 7.03772
50 6 1 -9.30956
50 7 1 3.94204
50 8 1 -1.90932
50 9 1 -2.97862
50 10 1 5.51993
50 11 1 2.78151
50 12 1 7.81665
50 13 1 0.883537
50 14 1 8.64475
50 15 1 7.45956
50 16 1 9.9812
51 1 1 -7.62782
51 2 1 -6.56728
51 3 1 5.84567
51 4 1 4.28835
51 5 1 -0.68234
51 6 1 5.75044
51 7 1 -8.47192
51 8 1 3.03809
51 9 1 -0.276517
51 10 1 -0.731153
51 11 1 -6.15366
51 12 1 6.70712
51 13 1 0.4214
51 14 1 8.15961
51 15 1 -8.35786
51 16 1 4.56202
52 1 1 -0.330556
52 2 1 4.96573
52 3 1 8.12675
52 4 1 -0.0698205
52 5 1 -1.72731
52 6 1 -8.56651
52 7 1 1.34778
52 8 1 8.06037
52 9 1 -1.02463
52 10 1 5.32272
52 11 1 3.69314
52 12 1 -7.5073
52 13 1 0.934388
52 14 1 0.642545
52 15 1 -1.14263
52 16 1 0.00957082
53 1 1 -5.3959
53 2 1 -5.60143
53 3 1 2.96007
53 4 1 0.0771658
53 5 1 -8.62914
53 6 1 5.76141
53 7 1 6.75728
53 8 1 9.84223
53 9 1 -5.71529
53 10 1 7.28054
53 11 1 8.00635
53 12 1 6.11164
53 13 1 -3.88083
53 14 1 -4.18751
53 15 1 4.39077
53 16 1 4.70306
54 1 1 3.17986
54 2 1 -3.97747
54 3 1 -7.20794
54 4 1 8.10843
54 5 1 -3.46554
54 6 1 8.82723
54 7 1 -2.34512
54 8 1 -6.25122
54 9 1 3.04665
54 10 1 -8.47418
54 11 1 -0.55125
54 12 1 -5.06218
54 13 1 9.07177
54 14 1 9.81202
54 15 1 -9.6451
54 16 1 9.78724
55 1 1 -9.14382
55 2 1 -8.6314
55 3 1 9.62531
55 4 1 -8.2481
55 5 1 0.648323
55 6 1 -2.60931
55 7 1 7.68852
55 8 1 -7.15401
55 9 1 -1.24185
55 10 1 -0.336445
55 11 1 -6.23269
55 12 1 -4.87167
55 13 1 2.22081
55 14 1 9.18877
55 15 1 -0.532737
55 16 1 -7.56103
56 1 1 -4.37312
56 2 1 -2.78937
56 3 1 -9.65672
56 4 1 9.9962
56 5 1 -0.200856
56 6 1 2.81082
56 7 1 -5.95026
56 8 1 5.76229
56 9 1 1.66564
56 10 1 2.25953
56 11 1 -1.15458
56 12 1 0.66031
56 13 1 -4.56407
56 14 1 4.3986
56 15 1 -6.88283
56 16 1 7.50671
57 1 1 -9.97179
57 2 1 -8.86272
57 3 1 5.18816
57 4 1 1.28493
57 5 1 7.99874
57 6 1 4.45271
57 7 1 -4.06861
57 8 1 5.41151
57 9 1 -3.89703
57 10 1 5.83231
57 11 1 6.25324
57 12 1 0.723947
57 13 1 -6.80758
57 14 1 -1.77103
57 15 1 3.7553
57 16 1 6.91766
58 1 1 4.31391
58 2 1 2.87606
58 3 1 -9.44142
58 4 1 9.79309
58 5 1 -5.96341
58 6 1 -4.88962
58 7 1 2.77336
58 8 1 3.06257
58 9 1 -1.89154
58 10 1 -9.64457
58 11 1 -8.18797
58 12 1 2.17168
58 13 1 -8.80115
58 14 1 8.2845
58 15 1 0.897685
58 16 1 1.55031
59 1 1 -9.14208
59 2 1 -4.79469
59 3 1 8.90796
59 4 1 -4.99888
59 5 1 2.73835
59 6 1 -5.97097
59 7 1 -2.6713
59 8 1 -5.49874
59 9 1 -0.796272
59 10 1 -1.92612
59 11 1 3.12972
59 12 1 -3.18247
59 13 1 -5.54951
59 14 1 8.17986
59 15 1 5.10894
59 16 1 4.30754
60 1 1 1.22046
60 2 1 -7.53043
60 3 1 5.11587
60 4 1 -3.03068
60 5 1 0.953365
60 6 1 6.21605
60 7 1 -1.36029
60 8 1 5.1088
60 9 1 0.520693
60 10 1 2.28023
60 11 1 -1.56845
60 12 1 -4.81669
60 13 1 -6.78123
60 14 1 -2.95856
60 15 1 6.16379
60 16 1 1.42534
61 1 1 -6.85195
61 2 1 3.39641
61 3 1 -8.96374
61 4 1 1.56348
61 5 1 7.69056
61 6 1 -9.73309
61 7 1 -2.16792
61 8 1 -0.501282
61 9 1 -8.93274
61 10 1 3.93485
61 11 1 -4.52333
61 12 1 -3.67011
61 13 1 8.90102
61 14 1 0.393951
61 15 1 2.29623
61 16 1 -3.13029
62 1 1 2.53895
62 2 1 2.5512
62 3 1 -7.98057
62 4 1 -6.47809
62 5 1 9.97798
62 6 1 -0.789389
62 7 1 -2.74448
62 8 1 -9.83467
62 9 1 -8.13449
62 10 1 6.15771
62 11 1 5.35622
62 12 1 -1.60089
62 13 1 -2.94849
62 14 1 -2.83682
62 15 1 -8.27165
62 16 1 5.32167
63 1 1 -2.72155
63 2 1 6.98402
63 3 1 1.60247
63 4 1 9.88287
63 5 1 4.98718
63 6 1 -0.652273
63 7 1 -2.34724
63 8 1 5.2168
63 9 1 -5.68116
63 10 1 8.60611
63 11 1 8.61941
63 12 1 4.46846
63 13 1 -4.74996
63 14 1 0.790204
63 15 1 -7.72377
63 16 1 5.1263
64 1 1 -8.79261
64 2 1 2.83935
64 3 1 5.077
64 4 1 -9.18644
64 5 1 7.32791
64 6 1 -2.42702
64 7 1 -9.87788
64 8 1 -6.80112
64 9 1 5.35717
64 10 1 9.67171
64 11 1 9.99706
64 12 1 -4.67584
64 13 1 5.75365
64 14 1 -9.57932
64 15 1 -4.62579
64 16 1 -9.95272
65 1 1 -8.51702
65 2 1 -6.39676
65 3 1 1.00712
65 4 1 -7.10643
65 5 1 -0.918028
65 6 1 3.46214
65 7 1 3.78386
65 8 1 8.68905
65 9 1 1.85857
65 10 1 -4.25226
65 11 1 -1.97769
65 12 1 -5.55706
65 13 1 -7.86513
65 14 1 -6.21221
65 15 1 3.80513
65 16 1 -9.44679
66 1 1 5.68131
66 2 1 8.78638
66 3 1 -3.80966
66 4 1 -5.22803
66 5 1 9.66212
66 6 1 2.71315
66 7 1 -5.36999
66 8 1 2.34609
66 9 1 -8.25882
66 10 1 9.03286
66 11 1 -1.57918
66 12 1 5.76626
66 13 1 -2.10343
66 14 1 7.7393
66 15 1 3.92648
66 16 1 2.86378
67 1 1 -5.72433
67 2 1 5.04353
67 3 1 -6.92839
67 4 1 7.11094
67 5 1 8.13798
67 6 1 -1.63557
67 7 1 -3.5415
67 8 1 7.75907
67 9 1 0.11726
67 10 1 6.6323
67 11 1 -9.21187
67 12 1 -7.64083
67 13 1 4.08734
67 14 1 -5.76228
67 15 1 0.325254
67 16 1 -9.82539
68 1 1 7.46209
68 2 1 0.468872
68 3 1 1.76671
68 4 1 4.23069
68 5 1 -2.2258
68 6 1 -0.657294
68 7 1 4.53439
68 8 1 6.9908
68 9 1 2.92894
68 10 1 8.36405
68 11 1 3.95178
68 12 1 -0.463328
68 13 1 -6.71862
68 14 1 1.98068
68 15 1 -2.03304
68 16 1 -2.16024
69 1 1 4.44541
69 2 1 -6.0543
69 3 1 8.34936
69 4 1 -9.23814
69 5 1 2.62102
69 6 1 -1.48244
69 7 1 1.58062
69 8 1 -0.874872
69 9 1 -4.96376
69 10 1 -2.72152
69 11 1 -2.79169
69 12 1 0.621582
69 13 1 4.2242
69 14 1 6.55221
69 15 1 3.07134
69 16 1 -0.654946
70 1 1 -6.10791
70 2 1 -6.36917
70 3 1 6.90968
70 4 1 5.07731
70 5 1 -2.75079
70 6 1 0.317416
70 7 1 -1.20443
70 8 1 6.27575
70 9 1 -4.57665
70 10 1 -1.84538
70 11 1 5.40974
70 12 1 -0.461731
70 13 1 -6.77515
70 14 1 7.74639
70 15 1 -8.98107
70 16 1 -2.44395
71 1 1 9.88636
71 2 1 -4.49666
71 3 1 -8.67074
71 4 1 7.45564
71 5 1 3.84554
71 6 1 1.07529
71 7 1 1.42643
71 8 1 1.54438
71 9 1 -9.09152
71 10 1 -5.22745
71 11 1 5.97381
71 12 1 0.00845628
71 13 1 1.71239
71 14 1 -6.61194
71 15 1 -3.82693
71 16 1 4.75694
72 1 1 7.83817
72 2 1 -5.24585
72 3 1 -3.37946
72 4 1 4.87508
72 5 1 7.09921
72 6 1 -0.356906
72 7 1 8.33378
72 8 1 -1.17684
72 9 1 -5.9672
72 10 1 0.297408
72 11 1 -4.71256
72 12 1 5.68797
72 13 1 -4.65343
72 14 1 2.63271
72 15 1 -4.24213
72 16 1 0.774647
73 1 1 1.3522
73 2 1 9.03224
73 3 1 1.15977
73 4 1 -3.66597
73 5 1 9.24886
73 6 1 4.43458
73 7 1 -0.227925
73 8 1 7.41795
73 9 1 3.10098
73 10 1 2.83
73 11 1 -1.01609
73 12 1 -5.71101
73 13 1 -4.34797
73 14 1 8.18548
73 15 1 2.02719
73 16 1 1.19188
74 1 1 0.985708
74 2 1 7.59043
74 3 1 3.882
74 4 1 -7.82793
74 5 1 8.70496
74 6 1 1.05602
74 7 1 -3.9752
74 8 1 6.26166
74 9 1 -2.65652
74 10 1 -4.11106
74 11 1 8.81293
74 12 1 -8.64358
74 13 1 -3.6049
74 14 1 -0.478104
74 15 1 -8.42817
74 16 1 -7.96624
75 1 1 2.91423
75 2 1 2.64855
75 3 1 9.21519
75 4 1 -8.35124
75 5 1 0.045238
75 6 1 9.55708
75 7 1 8.47003
75 8 1 -9.72634
75 9 1 3.47381
75 10 1 9.63414
75 11 1 -1.89266
75 12 1 8.94548
75 13 1 5.53353
75 14 1 9.29892
75 15 1 -4.14785
75 16 1 1.19288
76 1 1 0.320737
76 2 1 -4.03694
76 3 1 -4.01016
76 4 1 -3.00668
76 5 1 -8.89119
76 6 1 0.953004
76 7 1 2.01915
76 8 1 5.92854
76 9 1 3.15002
76 10 1 -6.83205
76 11 1 2.15233
76 12 1 4.80425
76 13 1 -1.947
76 14 1 -4.02761
76 15 1 1.84771
76 16 1 -1.19462
77 1 1 -0.624418
77 2 1 -0.741354
77 3 1 -6.70003
77 4 1 -8.26407
77 5 1 -2.23635
77 6 1 -6.42395
77 7 1 -6.84826
77 8 1 -2.38241
77 9 1 -2.97848
77 10 1 3.05884
77 11 1 9.46037
77 12 1 -3.45227
77 13 1 8.8146
77 14 1 -6.28882
77 15 1 -0.488481
77 16 1 -1.79861
78 1 1 5.43185
78 2 1 2.45793
78 3 1 -8.81853
78 4 1 -0.258552
78 5 1 2.17901
78 6 1 -7.17057
78 7 1 4.77609
78 8 1 -7.60867
78 9 1 -0.728356
78 10 1 4.8124
78 11 1 -4.46606
78 12 1 -7.59787
78 13 1 2.95994
78 14 1 0.671673
78 15 1 8.80719
78 16 1 -3.28177
79 1 1 -2.48448
79 2 1 -6.194
79 3 1 3.45698
79 4 1 8.19628
79 5 1 -2.87961
79 6 1 -7.74134
79 7 1 -2.31766
79 8 1 7.97672
79 9 1 4.02624
79 10 1 1.2469
79 11 1 0.389238
79 12 1 2.74673
79 13 1 -5.21446
79 14 1 9.95089
79 15 1 -5.19571
79 16 1 -8.65436
80 1 1 -9.62148
80 2 1 -9.43772
80 3 1 -8.43211
80 4 1 6.39366
80 5 1 -4.76066
80 6 1 5.2397
80 7 1 -7.59004
80 8 1 -2.76632
80 9 1 -5.04681
80 10 1 -2.83533
80 11 1 -8.11492
80 12 1 3.80897
80 13 1 -1.13817
80 14 1 7.23429
80 15 1 3.57168
80 16 1 -5.96724
EOF
