  1        20        20     25.00
  2        20        30     25.00
  3        20        40     25.00
  4        20        50     25.00
  5        20        60     25.00
  6        20        70     25.00
  7        30        20     25.00
  8        30        30     25.00
  9        30        40     25.00
 10        30        50     25.00
 11        30        60     25.00
 12        30        70     25.00
 13        40        20     25.00
 14        40        30     25.00
 15        40        40     25.00
 16        40        50     25.00
 17        40        60     25.00
 18        40        70     25.00
 19        50        20     25.00
 20        50        30     25.00
 21        50        40     25.00
 22        50        50     25.00
 23        50        60     25.00
 24        50        70     25.00
 25        60        20     25.00
 26        60        30     25.00
 27        60        40     25.00
 28        60        50     25.00
 29        60        60     25.00
 30        60        70     25.00
 31        70        20     25.00
 32        70        30     25.00
 33        70        40     25.00
 34        70        50     25.00
 35        70        60     25.00
 36        70        70     25.00
