15

6350	3650

20	90

0	90940	65960	92061	68130	46470	89960	88650	81490	87490	81220	37470	79710	41330	89360	54620	
91020	0	155350	6920	65500	47680	81520	49960	155260	102610	170610	126420	12810	127440	179580	39730	
65830	157100	0	158221	118271	110120	133250	146560	71580	117760	22120	30920	145870	36670	30260	118270	
92140	6510	156470	0	62400	47920	77550	56020	156670	99510	171730	127540	14880	127920	180700	39970	
68060	66010	118451	62100	0	44180	24690	98250	147240	40130	138971	99342	55980	83741	147111	44020	
46670	47820	110560	47661	44090	0	67810	58700	116230	78130	125820	82070	36590	83090	133960	8760	
90840	81920	133750	77060	24260	67500	0	118020	169602	32820	154270	116450	75750	99040	162480	67340	
89060	49700	146340	56170	97580	58640	117590	0	139740	133320	161650	116250	49050	129480	169790	55340	
81350	155420	71690	156940	147290	116390	169933	139860	0	158770	50620	54040	144190	81710	56910	124070	
87810	102260	117930	98350	40410	78740	32680	133720	159110	0	136910	105610	92230	85660	143120	78740	
81060	173740	21960	174861	138761	125350	153910	161790	50300	136450	0	46150	162510	58200	8980	133500	
37290	126050	30670	127171	98932	81580	115830	116510	54360	105200	45930	0	114820	28660	54070	89730	
79720	12740	143780	14910	55650	36530	75660	49180	143960	92210	159040	115120	0	116140	168010	28580	
41370	127450	36750	126490	83421	82980	98230	129050	81570	85490	58450	28660	116220	0	66590	90520	
89240	182070	30090	183191	146941	133530	162160	169970	56780	142630	9020	54330	170840	66330	0	141830	
54540	39870	118430	39711	44360	9000	68080	55890	123850	78900	133690	89940	28640	90490	142660	0	

0	                                           Evesham	0	0	32400	0

1	                                     Wigston_Magna	698	6495	21095	1396
2	                                          Coleford	711	7072	19321	1422
3	                                         Leicester	287	11724	22961	574
4	                                        Brownhills	617	11746	15953	1234
5	                                        Kenilworth	303	2909	10358	606
6	                                          Stafford	815	9347	20702	1630
7	                                      Hardingstone	414	12901	26281	828
8	                                        Chippenham	183	17581	24200	366
9	                                           Telford	669	10948	21899	1338
10	                                          Chepstow	680	12731	26804	1360
11	                                        Gloucester	381	18216	27558	762
12	                                  Broughton_Astley	381	22759	26874	762
13	                                           Ledbury	122	8291	12632	244
14	                                          Caldicot	140	14011	16052	280
15	                                          Coventry	675	12351	25845	1350
