15

6350	3650

20	90

0	11640	20250	12010	12440	45840	46600	61901	30750	99311	43930	11340	19450	15940	9930	92821	
11580	0	28280	23040	9110	49750	50510	61350	26110	109251	47840	19370	16920	6960	17960	102911	
19800	27960	0	18450	31070	48620	53390	70410	43080	94991	46400	9680	38080	30650	11370	78600	
12010	23090	18450	0	19290	56340	57100	72401	41410	87301	54430	12090	22440	27250	13270	86601	
12550	9230	31480	19470	0	58080	58840	70030	34790	104271	56170	22570	9600	15640	21160	103511	
45610	49200	48670	56060	57660	0	7190	30770	37420	135051	2730	46320	64890	45660	45290	105011	
46490	50080	53460	56940	58540	7390	0	25290	36240	141621	9300	47200	65770	46540	46170	111581	
61811	61490	70340	72261	70050	30790	25070	0	39690	158721	32620	63440	77860	57970	62410	133931	
30780	26070	43740	41270	34630	37880	36710	39380	0	128571	36060	34830	42440	21270	33800	118560	
99321	109071	94871	87301	104251	135131	141541	158711	128721	0	132911	98541	102712	114051	99721	71241	
43700	47290	46430	54150	55750	2730	9270	32800	35840	132811	0	44360	62980	43750	43380	102771	
10910	19070	9780	12130	22180	46540	47320	63630	34190	98581	44320	0	29190	21760	2480	85640	
19320	16920	38250	22560	9510	64900	65660	77720	42480	102762	62990	29340	0	23330	27930	109161	
15930	6960	30910	27340	15520	46010	46770	57620	21700	113981	44100	22000	23330	0	20590	105961	
8570	16730	13000	13400	19840	45450	46210	62520	32010	100151	43540	4090	26850	19420	0	88860	
93151	102961	78760	86821	103731	105051	111591	134341	118870	71371	102831	85700	109271	105821	87390	0	

0	                                          Gosforth	0	0	32400	0

1	                                     North_Shields	694	9942	24542	1388
2	                                           Prudhoe	593	4488	16737	1186
3	                                         Ponteland	214	8592	19829	428
4	                                    Seaton_Delaval	595	9239	13446	1190
5	                                           Shildon	297	17140	24589	594
6	                                   Newton_Aycliffe	182	14128	25483	364
7	                                  Thornaby_on_Tees	799	7281	20661	1598
8	                                            Seaham	654	6710	13329	1308
9	                                            Hawick	581	16296	27247	1162
10	                                   Bishop_Auckland	288	12263	26336	576
11	                                           Newburn	299	16541	25883	598
12	                                             Blyth	535	22973	27088	1070
13	                                            Jarrow	150	24084	28425	300
14	                                           Blaydon	823	24489	26530	1646
15	                                          Carlisle	682	8319	21813	1364
