75

6350	3650

20	90

0	95820	77190	91110	71650	94320	28570	93650	82380	41370	78690	52060	62390	18660	85630	52250	89390	94660	64270	98110	62530	88780	59170	92300	49870	76690	86460	23090	80750	92710	97000	50580	73130	95640	95610	92150	47280	8480	64560	55570	44350	84370	91970	94360	76700	80230	40890	70360	40890	83350	93250	99260	84380	86570	88090	61040	56870	56960	62020	94320	52830	75240	44670	25300	64070	9570	32280	73140	70880	13890	63350	39310	33950	28890	78700	24800	
95480	0	135690	19440	49672	189760	113210	100342	174350	131351	58092	130632	83260	105850	181070	77952	106320	22350	88880	183710	136340	154550	77240	187740	131620	85350	14180	73180	176190	9360	185390	46960	151682	181425	24940	173600	141760	102960	56331	147650	102231	182140	149724	50360	114333	17620	121042	157683	121042	161902	188690	194700	51600	57430	130763	91960	46380	114841	91872	18500	137130	24800	102610	79930	161270	98170	73100	160463	155620	87340	144702	129511	65710	68320	25720	107450	
77040	134800	0	142930	88350	103900	95680	63000	122910	53950	80480	29490	54320	63190	114290	116211	52080	146610	46780	141070	137810	20260	58420	111680	118380	61520	121420	77290	104860	141290	137530	100130	25290	63430	149320	39970	83830	76770	88870	95980	118790	90770	168670	148820	149660	128810	43100	52400	43100	33040	103140	114210	83880	86070	165860	47450	106500	131400	129820	145790	119940	129700	40520	95160	77440	85590	96060	54640	133410	88330	34560	52260	90610	88370	133160	100080	
91160	19500	143811	0	56370	185440	108890	112452	170030	127031	64490	126312	91751	101530	176750	71762	118640	4330	97371	179390	131521	162671	85731	183420	127300	97171	32580	71830	171870	12150	181070	46940	147362	175625	7840	169832	137440	98640	58600	143330	96051	177820	143544	31480	108153	14650	116722	153363	116722	157582	184370	190380	63241	69540	124583	100451	41830	108661	85692	3760	132810	21680	105240	75610	156950	93850	68281	156143	151300	83020	140382	125191	61390	64000	13060	103130	
71470	48680	88420	56130	0	164440	89200	63420	149690	101620	9050	83840	36940	81570	155760	60031	65830	59810	42560	158400	112330	107280	30920	162430	107610	46220	36860	49170	150880	54490	160080	22120	104180	141962	62520	125370	117750	78950	11480	122990	79220	153720	131813	70350	96422	42010	87880	119250	87880	115870	163380	169390	17700	24850	112852	45640	30260	91830	73961	58990	113120	43240	56290	55920	132850	74160	49090	122030	131170	63330	104350	99930	41700	44310	53220	83440	
94880	187730	104291	183020	162520	0	73370	161651	37520	69880	159450	91500	135370	86660	15620	135700	150731	186570	133210	54930	95400	95131	137390	10760	78010	147950	177880	116960	14210	184620	46270	141450	80381	67010	187520	83000	48150	86690	155430	39600	110370	13030	134040	186270	136470	171920	81170	52941	81170	79381	1850	12850	162850	165040	140750	130910	147740	116770	139720	186230	70510	166660	111390	109400	34530	92470	116380	55450	69240	100080	75871	67720	123450	118390	170610	84480	
28760	113640	95860	108930	89470	72860	0	118400	60810	51780	96510	69610	88820	35190	64170	62650	113470	112480	89490	69750	42910	105210	85640	70840	22910	103160	104280	47340	59290	110530	71430	68400	87540	100900	113430	105180	31060	21710	82380	34110	37700	68150	74790	112180	68300	98050	54960	76050	54960	97660	71790	77800	105860	113010	78230	86260	74690	47840	65830	112140	24470	93060	68750	36350	53150	19760	43330	79820	42520	27030	73760	49720	50400	45340	96520	11810	
93230	99701	62790	111481	63410	161420	118280	0	163870	95780	56740	73760	35151	89360	159680	104791	11900	115161	30470	183980	154030	77930	36120	163590	140980	18100	86361	80260	151410	107691	180440	79870	83370	123050	117871	99160	124790	97400	65130	136940	122100	148290	175390	128393	141182	97361	82040	109920	82040	94140	160650	170420	50621	45800	157612	34200	88010	134710	118721	114341	142540	100211	50450	97690	128280	101570	91970	112160	161230	98120	89770	94090	84580	86390	110191	116800	
82340	174570	123220	169860	149910	37370	60760	163880	0	72960	156950	97490	137340	79250	24740	116400	157740	173410	135180	19230	62480	122060	136630	31930	46490	149920	164720	104420	27360	171460	15320	128840	101180	99770	174360	112210	39030	74150	142820	27300	83570	45170	97680	173110	107220	158760	83850	81490	83850	107930	36300	38890	161840	164030	111500	132880	135130	87480	114690	173070	38990	153500	113360	96790	53810	79860	103770	85260	32270	87470	91540	70880	110840	105780	157450	69540	
41380	131020	54310	126310	101410	69850	51720	96000	73010	0	93540	28580	69460	23350	67870	88590	88830	129860	67300	91170	93850	56670	71480	71780	74420	82040	121660	55440	59600	127910	87630	83420	35760	56240	130810	54780	33930	36050	97400	46080	79460	57590	124660	129560	112070	115430	15370	30960	15370	45980	68840	78610	96940	99130	123200	65000	89710	90560	100540	129520	72710	110440	45480	64170	36420	45460	68040	33740	83510	53280	21980	2280	67560	63300	113900	56120	
78270	57040	80560	64490	8990	159640	96000	56710	156490	93760	0	75980	29080	81890	157660	66831	57970	68170	34700	165200	119130	99420	23060	161570	114410	38670	45220	55970	149390	62850	166880	28920	96320	134102	70880	117510	122010	85750	14180	129790	86020	147000	138613	78410	103222	50370	80020	111390	80020	108010	158630	168400	13480	19720	119652	37780	37060	98630	80761	67350	119920	51300	48430	62720	126260	80960	55890	114170	137970	70130	96490	92070	48500	51110	61280	90240	
52070	129940	29610	126351	83490	91820	69500	73850	97140	28180	75620	0	51540	37010	92080	94091	62930	129901	49380	115300	111630	40020	53560	95990	92200	64120	116560	57100	83810	127951	111760	83030	25320	63310	130851	45530	58060	50590	84010	70210	94001	78690	142440	129601	126641	115471	16920	41140	16920	36730	91060	101870	79020	81210	140040	47080	89320	106611	106951	129561	93760	110481	27560	71361	57950	60000	73831	43850	107640	63541	22970	26490	70461	66981	113941	73900	
62290	83450	54260	91620	37040	135370	88900	35230	137580	69490	29170	51710	0	62460	133390	75751	34180	95300	8630	155740	121730	73120	7320	137300	110660	17190	70110	50030	125120	89980	152200	52300	72050	109832	98010	92170	98500	68020	37560	110650	93060	122730	144750	102320	112142	77500	55750	87120	55750	83740	134360	144130	32570	34760	128572	10240	60440	105670	89681	94480	113160	79350	24160	68180	101990	70630	62930	89900	131210	65820	72220	67800	55540	57350	86660	85540	
18490	105860	63210	101200	81360	86190	35090	89530	79420	23370	81340	36960	62190	0	82260	65460	83730	104750	60830	97580	75450	73650	59530	86650	57790	75570	96170	32310	74470	102800	94040	60290	56710	77640	105700	75730	40340	13800	74270	52490	59510	74440	104890	104450	92120	90320	23400	52360	23400	66930	85180	93480	84740	86930	103250	58530	66580	72120	77410	104410	59350	85330	39010	41040	53570	23210	44910	55140	77400	30150	45350	21310	44430	40170	88790	37720	
86130	178980	113280	174270	153770	14660	64620	160150	24720	68120	157690	92730	133610	82320	0	126960	152980	177820	131450	40770	84980	105011	135630	7410	68440	146190	169130	108210	10120	175870	32110	132700	89370	77360	178770	93350	42020	77940	146680	30850	101620	22910	121850	177520	127550	163170	79410	62821	79410	89261	12710	14370	161090	163280	131830	129150	138990	107850	130970	177480	60940	157910	109630	100650	36170	83720	107630	65800	56440	91330	79970	65960	114700	109640	161860	75730	
52400	77132	115911	70762	58341	136000	62660	104463	115440	88600	65381	93792	75263	65450	127310	0	104913	74312	79743	122240	72060	130492	68903	133980	69200	86423	73151	39760	122430	72362	125830	37271	114842	142725	75262	137312	93400	58270	51251	96450	34230	131290	74622	74012	39231	59882	84202	118850	84202	125062	134930	140940	74731	81881	55661	80313	43561	42890	16770	73972	76560	54892	76961	28490	114130	50450	20900	121630	93100	39050	107862	86540	27690	28010	58352	52140	
89580	106810	51860	118760	65960	150490	113580	11900	157100	88140	58090	62830	34180	83660	152040	104921	0	122440	27290	176340	150880	67000	37470	155950	136280	22110	93470	80000	143770	114800	172800	81220	72440	112120	125150	88230	118020	92700	66480	130170	122230	137360	174720	131240	141312	104140	76130	98990	76130	83210	149730	160800	56990	54210	157742	31020	89360	134840	118851	121620	137840	106530	46180	97820	120060	97920	92100	101230	156530	95790	78840	86450	84710	86660	115580	113150	
94500	22350	147501	4340	60060	188780	112230	116142	173370	130371	68180	129652	95441	104870	180090	75102	122330	0	101061	182730	134861	166352	89421	186760	130640	100861	36100	75170	175210	15670	184410	50630	150702	178965	3970	181482	140780	101980	62290	146670	99391	181160	146884	30610	111493	18340	120062	156703	120062	160922	187710	193720	66931	73230	127923	104141	45170	112001	89032	4460	136150	25370	108580	78950	160290	97190	71621	159483	154640	86360	143722	128531	64730	67340	16400	106470	
63800	88910	47170	97080	42500	133480	89570	30160	135690	67600	34630	49820	8640	61180	131500	79701	26910	100760	0	153850	125100	66030	12780	135410	112270	15240	75570	53480	123230	95440	150310	57760	66570	106400	103470	85080	96610	68690	43020	108760	97010	120840	148200	107780	116092	82960	53860	85230	53860	77340	132470	142240	38030	40220	132522	4770	65900	109620	93631	99940	113830	84810	22270	71630	100100	72140	66880	88010	131880	69270	70330	65910	59490	61440	92120	87370	
98420	184070	141530	179360	158860	54410	69980	184250	19550	91270	165900	115800	155650	97560	39770	122790	177080	182910	153490	0	59980	140370	154940	47160	54680	168230	174220	116730	46330	180960	8720	137790	119490	117110	183860	130930	57340	91370	151770	45610	89960	62660	88880	182610	106080	168260	102160	100210	102160	126650	52460	54120	175250	182700	108310	151190	144080	88730	121080	182570	47180	163000	131670	105740	72540	89420	112720	103980	29910	96420	109850	89190	119790	114730	166950	78420	
62560	136951	137830	130581	111980	95320	42930	154040	62320	93750	119020	111580	121700	75270	85000	71930	150570	134131	125160	60360	0	146600	118480	92190	22000	136000	126790	77950	81750	132181	65450	90910	125720	133460	135081	139330	63620	61580	104890	57420	38700	94910	38470	133831	47420	119701	96930	108610	96930	133540	94250	99150	128370	135520	51340	122220	97200	30070	66570	133791	24950	114711	105850	59500	85130	53160	63430	112380	31220	56640	115730	91690	72940	69710	118171	38280	
88430	153650	20410	161780	107200	95840	104940	78410	122160	56950	99330	39780	73170	73330	106890	131891	67490	165460	65630	140320	147070	0	77270	103620	125870	79670	140270	94260	98500	160140	135430	120390	22700	45120	168170	21230	85010	86910	107720	95860	131801	82710	181391	167401	164441	147660	52360	44340	52360	20860	95080	106150	102730	104920	178581	66300	126680	144841	144751	164640	124090	148281	59440	109161	70990	96320	111631	46180	132660	99861	35750	59230	108261	104781	151741	109340	
59330	77080	58360	85250	30670	137440	85940	36030	136990	71560	22800	53780	7240	60280	135460	69731	37290	88930	12860	155150	118770	77220	0	139370	107700	17990	63740	45200	127190	83610	151610	45930	74120	111902	91640	94870	100400	65060	31190	110180	87040	124800	139980	95950	106122	71130	57820	89190	57820	85810	136430	146200	26200	28390	122552	15710	54070	99650	83661	88110	110200	72980	26230	62630	104060	67670	56910	91970	128250	62860	74290	69870	49520	51330	80290	82580	
92810	185660	112151	180950	160450	11090	71300	163940	31840	71910	161480	96360	137400	87410	8580	133630	156770	184500	135240	47890	92100	102991	139420	0	75560	149980	175810	114890	13910	182550	39230	139380	88241	75340	185450	91330	48300	84620	153360	37530	108300	20890	128970	184200	134400	169850	83200	60801	83200	87241	9140	7460	164880	167070	138680	132940	145670	114700	137650	184160	68060	164590	113420	107330	39690	90400	114310	63780	63560	98010	83490	69750	121380	116320	168540	82410	
49960	131770	118480	127051	107600	77950	22940	141020	46460	74400	114640	92230	110970	57810	68470	70130	136090	130601	112110	54690	22000	125260	107750	75660	0	125270	122410	67280	64380	128651	56850	86530	104380	112120	131560	117990	42280	44330	100510	39530	37300	77020	59150	130301	60950	116171	77580	87270	77580	112200	76880	82620	123990	131140	65230	108880	92820	41210	68420	130261	7580	111181	91370	53610	64370	40560	59760	91040	25950	46970	94740	72340	68530	63620	114641	25580	
76550	85640	61490	97090	46220	147850	103160	18110	150060	81970	38700	64190	17270	75550	145870	86751	21900	100770	15430	168220	135990	79050	18080	149780	124920	0	72300	62220	137600	93630	164680	61830	80940	120770	103480	99390	110980	82280	47090	123130	104060	135210	157340	111850	123142	82970	68230	99600	68230	91710	146840	156610	35820	33540	139572	19740	69970	116670	100681	99950	127420	85360	36640	79650	114470	84890	73930	102380	145470	80080	84700	80280	66540	68350	95340	99800	
86231	14540	121900	32660	38030	180071	103961	87502	164661	122102	46450	117320	70420	96331	171381	74242	93480	36170	76040	174021	127091	140760	64400	178051	122371	72510	0	63931	166501	22530	175701	37711	138960	170316	39160	159810	132511	93711	46151	137961	93981	172441	146014	55750	110623	19480	111793	148434	111793	151090	179001	185011	38760	44590	127053	79120	38710	106591	88162	32720	127881	23570	89770	70681	151571	88921	63851	151214	145931	78091	135453	120262	56461	59071	33790	98201	
23080	73340	77420	71590	49170	115850	47490	80390	104460	55670	56210	56250	49840	32520	107710	39940	79510	75140	53300	116690	77920	93540	44830	114380	66850	62350	63980	0	102830	71780	118370	28100	78531	106414	76090	101001	69360	30560	42080	77650	49090	105130	100570	74840	72070	59300	47901	84532	47901	88751	114840	121340	65560	70910	88500	50570	34390	61700	52380	74800	71410	55720	40820	20640	84260	28420	19680	87312	89460	22010	71551	53610	14370	12130	59180	41730	
81090	173940	104940	169230	148730	13990	59580	151520	27470	59490	149060	84100	124980	74990	10760	121920	144350	172780	122820	46150	81610	97860	127000	13870	64220	137560	164090	103170	0	170830	37790	127660	81030	72830	173730	86390	35500	72900	141640	25810	96580	18230	119060	172480	122510	158130	70780	55670	70780	82110	12920	20830	152460	154650	126790	120520	133950	102810	125930	172440	56720	152870	101000	95610	27990	78680	102590	59440	58530	86290	71550	57330	109660	104600	156820	70690	
92560	9350	141611	12220	54720	186840	110290	108472	171430	128431	62840	127712	90101	102930	178150	73162	114450	15730	95721	180790	132921	160471	84081	184820	128700	93480	22310	71510	173270	0	182470	45290	148762	176645	19240	171232	138840	100040	56950	144730	97451	179220	144944	43360	109553	12560	118122	154763	118122	158982	185770	191780	59730	65560	125983	98801	43220	110061	87092	14910	134210	20030	104920	77010	158350	95250	69681	157543	152700	84420	141782	126591	62790	65400	17150	104530	
96910	185510	137790	180800	160300	45910	71420	180510	15310	87530	167340	112060	151910	93820	31270	126730	173340	184350	149750	8700	65270	134920	151200	38660	56810	164490	175660	118170	37830	182400	0	139230	115750	108610	185300	123450	53600	88720	153210	41870	93890	54160	97510	184050	111370	169700	98420	92730	98420	119170	43960	45620	176690	179530	115140	147450	145520	94020	125010	184010	49310	164440	127930	107180	65050	90860	114160	96500	34850	97860	106110	85450	121230	116170	168390	79860	
50190	46940	99940	47060	21960	140460	67920	79800	128410	83440	28950	82020	52170	60290	131770	38751	81060	50740	57790	137120	91050	120230	46150	138440	86330	61760	37580	27890	126890	45420	138800	0	106301	134184	52110	128771	96470	57670	14820	101710	57940	132900	110533	50860	75142	32940	75671	112302	75671	116521	139390	145400	38350	45500	91572	60870	8980	70550	52681	49920	91840	31220	61300	34640	112030	52880	27810	115082	109890	42050	99321	81380	20420	23030	35200	62160	
72820	151771	25280	147061	104430	79990	87350	83400	100840	35630	96560	25310	72480	56520	90380	114801	72480	150611	66150	119000	125890	22250	74500	87770	104550	80890	138870	78931	80950	148661	115460	106531	0	42950	151561	24690	63690	70100	104950	74540	114711	66860	160630	150311	147351	136181	33850	28490	33850	15630	79230	90300	99960	102150	159620	66820	112821	126500	127661	150271	102770	131191	48500	92071	53530	79510	94541	30730	111340	84251	14430	37910	91171	87691	134651	91750	
95360	181624	63160	175914	142322	67090	101480	122990	99790	55960	134452	63300	110372	77330	79070	142994	112070	179464	106020	118380	133680	44930	112392	75670	112340	120760	170604	107124	72740	176854	109720	134724	42970	0	180414	25820	71480	90030	142842	77840	135030	54760	168440	178504	169290	164374	62533	26650	62533	30750	67130	77400	137852	140042	181890	105912	141014	145950	155854	179124	109600	159384	86392	118150	50010	99440	122734	23040	114640	107260	49790	56210	119364	115884	162844	108930	
95420	24930	150091	7890	62650	189700	113150	118732	174290	131291	70770	130572	98031	105790	181010	76022	124920	4010	103651	183650	135781	167272	92011	187680	131560	103451	38790	76090	176130	19220	185330	51960	151622	179885	0	182402	141700	102900	64880	147590	100311	182080	147804	30950	112413	20930	120982	157623	120982	161842	188630	202520	69521	75820	128843	106731	46090	112921	89952	8010	137070	27960	109500	79870	161210	98110	72541	160403	155560	87280	144642	129451	65650	68260	17320	107390	
91950	172390	39660	170521	125210	83070	105000	99240	111790	54760	117340	45510	91910	75650	94270	138261	88320	181781	84370	130080	138890	21180	95280	91000	117550	99110	159010	101770	85880	172121	122810	129991	24740	25940	182731	0	76690	89230	125730	85620	136020	70090	173650	173771	170811	159641	52980	31720	52980	9820	82460	93380	120740	122930	178780	85040	136281	146940	151121	173731	115770	154651	69280	115531	58370	98640	118001	30790	122420	104381	33560	56790	114631	111151	158111	109920	
47130	141940	84190	137230	117770	47950	30820	124850	39080	33930	121420	58460	98310	40300	41920	93150	118710	140780	96150	57240	63020	84320	99610	48190	41680	110890	132580	69210	35480	138830	53700	96700	63440	71180	141730	77050	0	38940	110680	12150	67820	38430	97780	140480	98500	126350	44820	46330	44820	71260	46880	55040	124820	127010	102910	93850	102990	77960	96080	140440	39900	121360	74330	66850	23430	45560	73830	50100	49580	56670	53800	31850	79170	74110	124820	41930	
8500	103310	76770	98600	79140	86150	21580	97510	74210	36050	86180	50520	67930	13780	77460	58130	92580	102150	68600	91120	61730	87210	64750	84130	44280	82270	93950	30580	72580	100200	88830	58070	70270	90320	103100	89290	39110	0	72050	47400	45760	76200	91170	101850	78370	87720	36960	65040	36960	80490	85080	91090	89960	92150	89500	65370	64360	58370	67770	101810	45840	82730	47860	31180	55900	9460	38160	67820	63890	19770	58030	33990	40540	35480	86190	24000	
64200	56270	88950	58750	11450	154470	81930	65100	142420	97450	14250	84370	37470	74300	145780	52761	66360	62430	43090	151130	105060	107810	31450	152450	100340	47060	45100	41900	140900	57110	152810	14850	104710	142492	65140	125900	110480	71680	0	115720	71950	146450	124543	64870	89152	44630	88410	119780	88410	116400	153400	159410	27190	33390	105582	46170	22990	84560	66691	61610	105850	45220	56820	48650	125580	66890	41820	122560	123900	56060	104880	95390	34430	37040	49210	76170	
56310	148610	96390	143900	123950	38930	34800	137050	27110	46130	130990	70660	110510	52500	30240	97140	130910	147450	108350	45270	57990	95440	110600	36910	40120	123090	138760	78390	25360	145500	41730	102880	74560	77610	148400	86000	12200	48120	116860	0	71800	38150	95140	147150	97730	132800	57020	55280	57020	81720	37860	43870	135810	138000	102010	106050	109170	78030	100060	147110	33100	127540	86530	70830	28370	53900	77810	59050	37610	61510	64920	44050	84880	79820	131490	45910	
44760	101631	119220	95261	79260	110570	38200	122622	83490	80140	86300	94151	93422	60050	101880	34390	123072	98811	97902	90290	38680	130841	87062	108550	37250	104582	94070	49460	97000	96861	93880	58190	115191	135950	99761	136760	68770	46510	72170	71820	0	105860	53280	98511	32610	84381	83230	109270	83230	125411	109500	115510	95650	102800	43900	96340	64480	12770	31560	98471	44610	79391	85110	29210	90860	37090	31080	113040	61150	31090	102120	78080	40360	38850	82851	26710	
84490	181950	91601	177240	153560	13130	68180	148961	45030	57300	146870	78810	122790	74080	24310	130520	138041	180790	120630	63620	94850	82441	124810	20910	76950	135370	172590	104590	17980	178840	54960	132570	67691	54910	181740	70900	38180	76300	146470	38200	105180	0	132300	180490	134730	166360	68590	40251	68590	66691	12370	23440	150270	152460	139010	118330	138940	115030	134530	180450	69960	161370	98810	104210	21840	82920	111190	43350	75000	94030	63181	55140	116250	111470	164830	79290	
92360	149033	168440	142663	130242	133540	75150	176364	97640	124340	137282	142170	144510	105080	121910	74031	174180	146213	147970	88880	38220	180021	139862	129100	59090	157472	145052	100450	119120	144263	97490	109172	160510	168250	147163	174120	98410	91390	123152	94510	53150	132280	0	145913	35830	131783	126740	143400	126740	168330	132470	136060	146632	153782	22790	145240	115462	40650	63120	145873	62040	126793	133720	80200	120500	82960	83880	147170	67610	79450	146960	122280	93160	91300	130253	68090	
94280	50430	153170	31490	70340	188560	112010	129375	173150	130151	78460	129432	102150	104650	179870	74892	131040	30370	107770	182510	134641	166132	96130	186540	130420	111740	55470	74950	174990	43300	184190	50820	150482	178365	30820	172952	140560	101760	64800	146450	99171	180940	146664	0	111273	39650	119842	156483	119842	160702	187490	193500	79713	86463	127703	110850	44950	111781	88812	32690	135930	32840	108360	78730	160070	96970	71401	159263	154420	86140	143502	128311	64510	67120	27440	106250	
76800	113533	149440	107163	94742	135880	68010	140864	106740	112180	101782	125652	111664	92090	127020	38541	141314	110713	116144	106510	47280	162352	105304	133860	60500	122824	109552	71750	122140	108763	111600	73672	146702	167130	111663	167940	98550	78550	87652	96960	32540	134620	36390	110413	0	96283	115270	140450	115270	156922	134810	140820	111132	118282	17070	116714	79962	20960	27620	110373	67860	91293	111650	56880	120860	69130	52100	144220	77370	63130	136000	110120	61380	59870	94753	56520	
80120	17640	129151	14670	42280	174210	97850	98362	158800	115991	50400	115272	77661	90490	165520	60732	104051	18350	83281	168160	120481	148011	71641	172190	116260	83081	19200	59070	160640	12600	169840	32850	136322	164205	21060	158792	126400	87600	44510	132100	85011	166590	132504	39840	97113	0	105682	142323	105682	146542	173140	179150	49151	55450	113543	86361	30780	97621	74652	17530	121770	7590	92480	64570	145720	82810	57241	145103	140070	71980	129342	114151	50350	52960	16260	92090	
40800	120961	43110	116251	87280	81140	54930	81870	83910	15370	79410	16860	55330	23380	79160	83991	75990	119801	53170	102070	97060	52460	57350	83070	77630	67910	111601	48121	70890	117851	98530	75721	33980	62593	120751	53000	44830	36960	87800	56980	82670	68970	126500	119501	115280	105371	0	39970	0	44200	80130	89900	82810	85000	126410	50870	82011	93770	96431	119461	79190	100381	31350	61261	48100	46370	63731	42750	94410	52460	25070	13530	60361	56881	103841	59330	
70240	158002	52430	153292	118990	52800	76270	109790	81370	30840	111120	40970	87040	52210	63850	121032	98870	156842	84880	99660	108470	43270	89060	60580	87130	99620	148642	84300	55460	154892	92390	112762	28520	27770	157792	31800	46270	64910	119510	55200	108170	39670	143230	156542	143140	142412	39900	0	39900	27520	52040	63110	114520	116710	148360	82580	119052	119090	133892	156502	85350	137422	63060	93030	27950	74320	100772	5270	92000	82140	24670	31090	96420	92160	140882	82480	
40800	120961	43110	116251	87280	81140	54930	81870	83910	15370	79410	16860	55330	23380	79160	83991	75990	119801	53170	102070	97060	52460	57350	83070	77630	67910	111601	48121	70890	117851	98530	75721	33980	62593	120751	53000	44830	36960	87800	56980	82670	68970	126500	119501	115280	105371	0	39970	0	44200	80130	89900	82810	85000	126410	50870	82011	93770	96431	119461	79190	100381	31350	61261	48100	46370	63731	42750	94410	52460	25070	13530	60361	56881	103841	59330	
83630	162831	33190	158121	116290	79780	97900	94380	108350	46440	108420	37190	84340	67330	90830	125861	83460	161671	77130	126640	134260	21110	86360	87560	112920	91870	150880	89991	82440	159721	119370	117591	15820	30740	162621	9420	72060	80910	116810	82180	125771	66650	169020	161371	158411	147241	44660	28280	44660	0	79020	90090	111820	114010	172551	77800	123881	138811	138721	161331	111140	142251	60360	103131	54930	90320	105601	30120	118980	95061	25240	48720	102231	98751	145711	102560	
93670	186520	103681	181810	161310	2210	72160	160790	36400	68760	158330	90890	134250	85540	13890	134500	150121	185360	132090	53200	94190	94521	136270	9030	76800	146830	176670	115750	13000	183410	44540	140240	79771	66870	186310	82860	46940	85480	154220	38390	109160	12420	132830	185060	135260	170710	80050	52331	80050	78771	0	12130	161730	163920	139540	129790	146530	115560	138510	185020	69300	165450	110270	108190	33920	91260	115170	55310	68120	98870	75261	66600	122240	117180	169400	83270	
99770	192620	114701	187910	167410	12950	78260	170660	38800	78630	168200	101820	144120	94130	15540	140600	161141	191460	141960	54850	99060	105541	146140	7130	82520	156700	182770	121850	20880	189510	46190	146340	90791	77420	202370	93410	55040	91580	160320	44490	115260	23440	135930	191160	141360	176810	89920	63351	89920	89791	12330	0	171600	173790	145640	139660	152630	121660	144610	191120	75020	171550	120140	114290	44940	97360	121270	65860	70520	104970	86281	76470	128340	123280	175500	89370	
84200	51560	83820	63180	17690	162900	105580	51322	161860	97020	13350	79240	32340	85150	160920	76411	56800	66860	37960	174780	128710	102680	26320	164830	123990	35830	38220	65550	152650	59550	176460	38500	99580	137362	69570	120770	125270	89930	27180	135050	95600	150260	148193	79632	112802	49060	83280	114650	83280	111270	161890	171660	0	8910	129232	41040	46640	108210	90341	66040	129500	51450	51690	72300	129520	90540	65470	117430	147550	79710	99750	95330	58080	60690	61430	99820	
86410	57970	86030	69750	25090	165110	112980	45390	164070	99230	19590	81450	34550	87360	163130	83821	53800	73430	40170	182560	136110	104890	28530	167040	131390	33550	44630	71030	154860	65960	179630	45900	101790	139572	76140	122980	127480	92140	33370	137260	103000	152470	155593	86662	120202	55630	85490	116860	85490	113480	164100	173870	8890	0	136632	43250	54040	115610	97741	72610	136900	58480	53900	79700	131730	94750	72870	119640	154950	87110	101960	97540	65480	68090	68460	107220	
88430	130113	165380	123743	111322	140170	77920	157444	111030	123810	118362	139701	128244	103160	131310	55121	157894	127293	132724	108390	50940	176961	121884	138150	64790	139404	126132	88330	126430	125343	115110	90252	160660	181710	128243	178770	103060	89470	104232	101250	43820	138910	22710	126993	16910	112863	126660	148050	126660	170890	139100	145110	127712	134862	0	133294	96542	31840	44200	126953	72150	107873	128230	72880	125150	80570	68680	151820	80880	74760	146880	121750	77960	76450	111333	67400	
60640	92170	47390	100340	45760	130720	86410	34220	132930	64840	37890	47060	10230	58420	128740	80711	30970	104020	4840	151090	121940	66250	15890	132650	109110	19710	78830	50700	120470	98700	147550	61020	66790	105182	106730	85300	93850	65530	46280	106000	95930	118080	145420	111040	117092	86220	51100	82470	51100	77560	129710	139480	41290	43480	133522	0	69160	108540	94631	103200	110670	88070	19510	68850	97340	68980	67880	85250	128720	66490	67570	63150	60490	61700	95380	84210	
56670	46470	106720	41540	30090	149650	74400	87980	134890	89920	37130	88500	60350	66770	140960	45231	89240	45090	65970	143600	97530	127010	54330	147630	92810	69940	38830	34370	136080	43140	145280	9020	112781	140664	46040	135251	102950	64150	23000	108190	64420	140640	117013	44790	81622	30660	82151	118782	82151	123001	148580	154590	46480	53630	98052	69050	0	77030	59161	44750	98320	25670	67780	41120	119770	59360	34290	121562	116370	48530	105801	87860	26900	29510	29130	68640	
57240	114111	131700	107741	91740	116490	47700	135102	87260	90450	98780	106631	105902	71970	107630	42990	135552	111291	110382	89110	29880	143731	99542	114470	41020	117062	106550	61940	102750	109341	94200	70670	126610	146160	112241	146970	78270	58280	84650	77570	12630	115230	40650	110991	21030	96861	93630	119480	93630	138301	115420	121430	108130	115280	31700	108820	76960	0	37390	110951	48380	91871	97590	41690	100360	49380	43560	123250	59970	43570	112830	88390	52840	51330	95331	36210	
61990	91002	129700	84632	72211	139140	66210	118333	114790	100890	79251	106192	89133	77740	130450	16000	118783	88182	93613	121590	66050	142892	82773	137120	68550	100293	87021	52160	125570	86232	125180	51141	127242	155125	89132	149712	96780	67860	65121	99830	31930	134430	63791	87882	28320	73752	96602	131140	96602	137462	138070	144080	88601	95751	44750	94183	57431	37020	0	87842	75910	68762	90831	39570	119430	58910	32840	133920	92450	48640	120262	98830	40620	40410	72222	54720	
94280	18480	146731	3760	59290	188560	112010	115372	173150	130151	67410	129432	94671	104650	179870	74892	121560	4450	100291	182510	134641	165591	88651	186540	130420	100091	32340	74950	174990	14900	184190	49860	150482	178745	7960	172952	140560	101760	61520	146450	99171	180940	146664	32720	111273	17570	119842	156483	119842	160702	187490	193500	66161	72460	127703	103371	44950	111781	88812	0	135930	24600	108360	78730	160070	96970	71401	159263	154420	86140	143502	128311	64510	67120	16180	106250	
52940	137550	120040	132840	113380	70430	24500	142580	38940	72950	120420	93790	113000	59370	60950	77480	137650	136390	113670	47170	24950	123620	109820	68140	7560	127340	128190	71250	56860	134440	49330	92310	102740	109480	137340	116350	40640	45890	106290	32530	44640	70020	62100	136090	68290	121960	79140	85630	79140	110560	69360	75100	129770	136920	72570	110440	98600	48550	75760	136060	0	116970	92930	60260	60240	43940	66870	89400	18430	50940	93100	70870	74310	69250	120430	32690	
75930	24220	130620	20990	43130	169770	93660	101343	154360	111801	51250	111082	79140	86300	161080	56532	106581	24670	84760	163720	116291	147782	73120	167750	112070	85611	22790	56600	156200	19450	165400	31250	132132	160015	27380	154602	122210	83410	45230	127660	80821	162140	128314	33760	92923	6970	101492	138133	101492	142352	168700	174710	51681	58431	109353	87840	26590	93431	70462	23850	117580	0	90010	60380	141270	78620	53051	140913	135630	67790	125152	109961	46160	48770	11740	87900	
44830	102340	40500	105140	55930	111280	68830	50520	113420	45400	48060	27620	23980	38910	109300	77611	46110	108690	21820	131580	106130	59430	26000	113210	91530	36560	89000	41070	101030	105330	128040	61650	48450	85742	109640	69200	74340	47950	56450	86490	84940	98640	133940	108390	112230	92850	31660	63030	31660	60140	110270	120040	51460	53650	128660	19520	67940	97550	91541	108350	93090	89270	0	59220	77900	53170	59840	65810	111140	54480	48130	43710	54390	52150	92730	68400	
25400	79920	95350	75210	55750	108840	36300	97810	96790	64520	62790	71031	68140	41370	100150	28240	97810	78760	71600	105500	59700	107721	62250	106820	53530	79770	70560	20780	95270	76810	107180	34680	92071	118790	79710	114541	67040	31270	48660	70090	28970	104130	80450	78460	57440	64330	61441	93510	61441	102291	107770	113780	72140	79290	72710	68870	40970	41580	39620	78420	60220	59340	59120	0	86860	23450	8270	96290	78270	12050	85091	62460	16680	11620	62800	29550	
64760	161910	78050	157200	133520	34850	53880	128820	54030	36710	126360	58240	102280	54040	37460	116220	120460	160750	100120	72380	85140	70810	104300	39610	64740	114860	152550	84550	28120	158800	65050	112530	54140	50240	161700	59340	23880	56570	126430	28490	90880	21720	120840	160450	121690	146320	48550	28620	48550	55060	34090	44910	129760	131950	125970	97820	118900	101020	120230	160410	60250	141330	78300	87440	0	65470	94420	32390	65290	76030	45080	35100	96210	91740	144790	64990	
9580	98320	85530	93610	74150	91910	19640	101850	79860	45370	81190	59840	70590	23100	83220	50390	97590	97160	72470	89180	53130	96530	67370	89890	40470	84890	88960	28430	78340	95210	90860	53080	79590	99640	98110	98610	45570	9560	67060	53160	36430	82660	82570	96860	69040	82730	46280	74360	46280	89810	90840	96850	90540	94770	80170	69240	59370	49040	58440	96820	43900	77740	52870	23440	64960	0	30420	77140	61950	11920	67350	43310	35080	30020	81200	15400	
32290	73220	96650	67791	49050	115730	43190	92272	103680	68350	56090	74052	63072	45200	107040	21310	92722	71341	67552	112390	63540	110742	56722	113710	59590	74232	63860	20150	102160	69391	114070	27980	95092	122620	72291	117562	73930	38160	41960	76980	30990	111020	83930	71041	52850	56911	64462	97340	64462	105312	114660	120670	65440	72590	69280	68122	34270	43600	33260	71001	66710	51921	60050	8380	93750	30340	0	100120	84580	18940	88112	66290	10010	8270	55381	35610	
72950	160712	54820	156002	121700	55790	80310	112180	85410	33550	113830	43680	89750	54920	67770	123742	101260	159552	87590	103700	112510	45500	91770	64370	91170	102330	151352	87010	59500	157602	96430	115472	30910	23070	160502	30660	50310	67620	122220	59240	112210	43460	147270	159252	147180	145122	42610	4240	42610	29750	55830	66100	117230	119420	152400	85290	121762	123130	136602	159212	89390	140132	65770	95740	31990	77030	103482	0	96040	84850	27380	33800	99130	94870	143592	86520	
71150	156250	133560	151540	131590	69120	42710	161240	32220	83300	138630	107830	131210	77580	56490	94030	156310	155090	131880	30280	31210	132400	128030	63680	25940	145550	146400	89460	58530	153140	35350	110520	111520	114570	156040	122960	49370	64100	124500	37640	61190	75110	67720	154790	77310	140440	94190	92240	94190	118680	68050	70640	147980	155130	81080	128650	116810	59960	92310	154750	18440	135180	111140	78470	65330	62150	85250	96010	0	69150	101880	81220	92520	87460	139130	51070	
14000	87500	88460	82790	63330	99690	27150	97940	87640	53530	70370	63391	65600	30380	91000	38950	95270	86340	69060	96350	57040	100081	62380	97670	46510	79900	78140	21850	86120	84390	98030	42260	84431	107800	87290	106660	57120	19870	56240	60940	30790	94210	80060	86040	63140	71910	52610	82520	52610	94651	98620	104630	79720	86870	74530	66330	48550	43400	48720	86000	51070	66920	54350	12000	75460	12050	18980	85300	69120	0	75510	51470	24260	19200	70380	21390	
63360	144522	34520	139812	104170	76220	73700	89800	91370	21980	96300	22970	72220	45330	81340	107552	78880	143362	70060	109530	115830	35460	74240	83490	95080	84800	135162	71682	71670	141412	105990	99282	14550	49312	144312	33570	54220	58030	104690	65070	101440	63090	146980	143062	134840	128932	25080	24840	25080	24770	75460	86530	99700	101890	145970	67760	105572	112850	120412	143022	93300	123942	48240	84822	44660	67440	87292	27550	101870	75260	0	24260	83922	80442	127402	78100	
39320	128960	52620	124250	99720	67690	49660	94310	70950	2280	91850	26890	67770	21290	65710	86530	87140	127800	65610	89110	91790	58950	69790	69620	72360	80350	119600	53380	57440	125850	85570	81360	38040	56510	128750	56880	31860	33990	95340	44020	77400	55520	122600	127500	110010	113370	13530	31230	13530	48260	66680	76450	95250	97440	121140	63310	87650	88500	98480	127460	70640	108380	43790	62110	34650	43400	65980	34010	81440	51220	24260	0	65500	61240	111840	54060	
33970	66190	90790	61480	42020	122640	50100	84840	110590	67770	49060	69872	55640	44620	113950	28101	85321	65030	60151	119300	73380	106562	49280	120620	68510	66800	56830	14290	109070	63080	120980	20950	90912	118795	65980	113382	79350	40550	34930	83890	40300	116440	93240	64730	62160	50600	60282	96760	60282	101132	121570	127580	58410	65560	78590	60721	27240	52910	41170	64690	74020	45610	54190	16820	95630	35060	10140	99540	92070	24230	83932	65710	0	5210	49070	44340	
28890	68430	88610	63720	44260	117560	45020	86320	105510	63600	51300	66482	57120	40450	108870	28170	86801	67270	61631	114220	69670	103172	50760	115540	63430	68280	59070	12110	103990	65320	115900	23190	87522	115405	68220	109992	74270	35470	37170	78810	38440	111360	91380	66970	60300	52840	56892	92590	56892	97742	116490	122500	60650	67800	76730	61650	29480	51050	40610	66930	68940	47850	52010	11740	91060	29980	7910	95370	86990	19150	80542	61540	5190	0	51310	39260	
78630	25810	137520	12940	53320	172910	96360	111533	157500	114501	61440	113782	86510	89000	164220	59242	115400	16490	92130	166860	118991	150482	80490	170890	114770	95801	33600	59300	159340	17330	168540	35180	134832	162715	17440	157302	124910	86110	49160	130800	83521	165290	131014	27460	95623	16400	104192	140833	104192	145052	171840	177850	61871	68621	112053	95210	29310	96131	73162	16150	120280	10970	92710	63080	144420	81320	55751	143613	138770	70490	127852	112661	48860	51470	0	90600	
25340	107770	100610	103051	83600	84080	11710	117610	69460	56530	90640	74360	85850	38050	75390	52190	113350	106601	88230	78170	38210	109960	82630	82060	25600	100150	98410	42100	70510	104651	79850	62530	92290	109270	107551	110080	42280	24360	76510	45330	26110	79370	67650	106301	56710	92171	59710	83000	59710	102510	83010	89020	99990	107140	67380	85000	68820	36250	54370	106261	32720	87181	68630	29610	64370	15940	35760	86770	50940	21790	78510	54470	44530	39620	90641	0	

0	                                            Neston	0	0	32400	0

1	                                          Brynmawr	223	4446	19046	446
2	                                            Witney	455	12376	24625	910
3	                                         Blackwood	483	16544	27781	966
4	                                          Coleford	427	14107	18314	854
5	                                       Bishopstoke	761	7957	15406	1522
6	                                        Warminster	670	8558	19913	1340
7	                                          Pershore	122	8950	22330	244
8	                                          Ringwood	138	13366	19985	276
9	                                        Mildenhall	584	4968	15919	1168
10	                                        Cinderford	780	6123	20196	1560
11	                                         Highworth	184	3058	12400	368
12	                                        Churchdown	383	13107	17222	766
13	                                             Calne	607	14220	18561	1214
14	                                            Totton	642	22787	24828	1284
15	                                          Clevedon	767	13387	26881	1534
16	                                           Evesham	279	6308	13760	558
17	                                         Gelligaer	441	10532	24174	882
18	                                        Cheltenham	185	5066	10750	370
19	                                       Bournemouth	479	6872	20478	958
20	                                         Sherborne	691	11351	21458	1382
21	                                            Oxford	580	10264	16847	1160
22	                                        Gloucester	471	3152	17141	942
23	                                       Southampton	587	5104	15570	1174
24	                                        Gillingham	815	11424	15036	1630
25	                                        Tewkesbury	766	10053	20973	1532
26	                                       Abergavenny	292	11895	21520	584
27	                                  Chipping_Sodbury	574	11732	26086	1148
28	                                            Romsey	492	5364	8383	984
29	                                       Abertillery	379	14160	21215	758
30	                                      Christchurch	116	7550	14022	232
31	                                          Chepstow	358	9418	14239	716
32	                                             Grove	384	14441	26612	768
33	                                           Reading	356	6880	21505	712
34	                                            Nelson	543	24126	26526	1086
35	                                       Wallingford	348	11715	24521	696
36	                                          Amesbury	741	7367	15712	1482
37	                                          Melksham	101	4884	19444	202
38	                                            Lydney	756	14588	25999	1512
39	                                         Salisbury	130	15433	17434	260
40	                                             Wells	283	15311	25283	566
41	                                        Winchester	743	9739	14506	1486
42	                                             Chard	249	9896	15139	498
43	                                           Penarth	543	4914	10312	1086
44	                                        Bridgwater	366	17447	27324	732
45	                                        Pont-y-pwl	682	5721	8574	1364
46	                                           Swindon	697	9171	18702	1394
47	                                           Newbury	592	9131	15934	1184
48	                                         Wroughton	821	6027	8693	1642
49	                                            Didcot	740	16714	19800	1480
50	                                         Eastleigh	306	12299	25486	612
51	                                         Bursledon	532	21280	23913	1064
52	                                       Ross_on_Wye	130	21401	28742	260
53	                                            Yatton	202	5431	8356	404
54	                                           Taunton	505	15715	21463	1010
55	                                    Charlton_Kings	715	13774	24079	1430
56	                                          Caldicot	770	20928	28305	1540
57	                                            Street	553	13775	21152	1106
58	                                 Weston-super-Mare	653	16179	22432	1306
59	                                           Bargoed	310	7994	22877	620
60	                                       Shaftesbury	226	2289	12577	452
61	                                           Cwmbran	109	8065	17074	218
62	                                       Cirencester	216	10059	24999	432
63	                                          Keynsham	524	23924	28974	1048
64	                                           Andover	559	7499	21268	1118
65	                                  Bradford-on-Avon	458	9741	17473	916
66	                                           Bristol	468	14275	23363	936
67	                                          Thatcham	192	19317	26864	384
68	                                   Blandford_Forum	785	15865	24423	1570
69	                                              Bath	711	5045	12286	1422
70	                                         Hartshill	424	23524	28452	848
71	                                       Marlborough	529	8929	11015	1058
72	                                     Stoke_Gifford	210	16965	21642	420
73	                                      Mangotsfield	459	13881	28337	918
74	                                             Risca	568	13637	20936	1136
75	                                             Frome	187	11434	15024	374
