75

6350	3650

20	90

0	9590	48430	69070	67790	70820	74840	23700	61351	67130	64060	72840	87590	49150	71820	47510	70530	46590	55550	91270	35530	92880	38700	34060	90730	79610	59690	54880	42900	67880	30840	84160	49070	79320	32660	77950	36050	19430	57270	34800	21220	99240	77691	79571	75330	25010	86480	11650	69080	20310	64210	72760	73561	95260	19420	78320	92781	44550	90940	80070	82470	76810	30120	24020	23390	61740	61680	9260	69780	37680	43590	32680	56440	88371	35510	51420	
9590	0	56040	67940	59140	73120	68550	18760	64721	64310	55410	70020	78940	47710	64990	48760	61880	45150	46900	91210	42290	100490	41000	41670	98340	70960	53400	48590	49660	60850	29400	77870	40420	76570	30110	75130	34850	15860	51780	28590	27980	106000	81061	87181	66680	23570	82650	7740	66330	12790	55560	66470	76660	102870	22040	79670	100391	43350	93550	73780	73820	77880	32420	22820	24460	53760	58860	7530	71840	39960	43830	31490	55000	91741	34070	45130	
48540	56150	0	93860	107920	87510	118940	69870	71050	75110	105670	80160	108790	87681	115250	72731	104170	90610	96820	63150	26260	48660	61510	19330	48260	118090	106250	101440	28320	87840	74860	128260	81370	71400	77590	85240	74241	65990	101290	81320	44160	74170	84190	32420	106840	66790	104810	53670	63120	65520	93130	119320	82390	59140	55620	100690	45630	77231	51911	126630	109440	48010	56491	64320	37760	104020	74080	55820	90380	66391	68811	63661	100460	92650	79530	97980	
68340	68070	94050	0	107751	24250	98590	59200	39550	130380	101751	137450	136750	27060	100770	23720	118641	54750	100310	151270	69660	129980	33450	90430	114860	118611	84900	82490	71880	118660	44090	94960	98230	142640	52060	142560	33830	57380	58390	56960	53080	88900	35380	122621	124490	44980	140460	74460	132400	69130	113370	86710	28710	110000	49550	14370	133700	25340	144851	86140	131630	135590	41430	47120	88110	96690	124930	60970	14600	33780	27110	43150	45210	63670	44930	81400	
67790	59140	107440	106090	0	117481	31970	52510	117311	61120	6400	66570	36640	82790	19790	89071	14020	60700	13470	101890	100490	153500	91080	89910	153640	12140	33330	26820	107860	32500	64951	40030	27440	79080	55211	68010	74941	55640	57500	50070	85940	162260	128501	137260	19370	67270	49370	59970	74960	49160	22180	38440	121831	161210	74770	119760	150470	81630	117320	44210	27740	96180	83870	69610	70670	10230	53850	62320	112151	81681	84141	76470	70100	144331	62480	25120	
71110	73330	87960	24060	117221	0	115940	68140	18360	135830	111221	142900	145070	45970	114080	31290	128010	70440	109300	151150	64480	108850	33330	89780	93670	128081	98390	95800	62150	126980	56430	119430	106550	144690	65480	148010	46400	66040	81120	70450	52960	67710	13260	110430	132810	53530	148780	79340	134450	77450	121690	109010	6610	88810	52400	22890	112570	38390	139651	109230	139950	135470	41310	54980	88760	107541	130380	66230	10980	39760	33670	47500	68010	42480	58890	93410	
75000	68620	119160	99170	31960	116700	0	54530	118390	89820	27720	95530	68340	79080	14450	85790	45720	50200	38850	130800	106160	165220	90700	101630	163750	37750	20760	21750	112840	62130	62650	12750	53110	107780	51860	97640	73550	60080	42710	46360	88300	164150	127720	148980	51070	68430	81070	69790	103870	58980	51810	12270	120670	165140	76790	112240	162190	77920	146230	17550	59440	125090	85890	71630	82390	24400	82550	68640	110730	80900	83360	76400	54690	145430	58770	25510	
23710	18600	69850	58960	53000	68420	54830	0	65351	79440	48090	85150	80710	38230	52360	40060	61950	28470	42950	106340	52150	113220	39470	55790	111070	65010	38290	34580	59210	64030	16860	64150	43600	91700	12360	89820	25930	6500	35520	12330	34670	110300	78630	99911	66750	15660	85830	23970	81460	14500	58350	51330	71960	111290	23160	70970	113121	34430	110390	58640	75590	94720	32260	18000	41310	44410	73470	15020	63140	32670	35130	24860	38360	92371	19620	31410	
61421	64911	71660	39830	118441	18650	118230	66211	0	126670	113401	133510	139101	57660	116260	42580	122041	76120	107051	135110	47600	93160	29850	72900	77980	130261	100950	97980	45270	121011	59690	125700	100571	133270	67660	138620	49910	63631	86800	72650	42620	54530	17400	94130	126841	51480	142811	70051	123030	71471	115721	111570	13530	73690	44501	38660	96880	47210	122981	116880	133981	119300	34660	49240	77340	109721	121220	57811	26750	39030	38780	43480	80370	31480	64300	95590	
67090	64260	74760	130260	60900	136330	89700	79460	126490	0	61970	7230	45770	109940	79470	110750	50440	105910	56050	42590	87330	108970	102800	60270	116050	65910	85650	78330	93690	30100	91330	99020	40920	18150	90810	12340	96540	77640	107140	89060	84280	147830	142840	91950	50730	85500	33200	57070	19430	66590	39670	95580	138700	133700	83220	142060	104490	105040	62590	101940	47920	41340	93920	84510	49870	66110	9370	69750	134230	101480	105820	93180	115800	153561	96000	73960	
64050	55400	105600	100180	6350	111571	27850	47650	112411	62220	0	67930	42350	76880	17670	83161	19730	54790	11250	103200	96750	151660	85571	88070	151800	18360	27420	20910	104120	34530	59041	37170	28050	80180	49301	70040	69031	51610	51590	44160	81420	157360	122591	135420	25080	62410	53730	56230	76270	45420	24210	34320	115921	157470	69910	113850	148630	75720	118630	40090	33450	97490	79010	64750	68830	4320	54950	58580	106241	75771	78231	71271	64190	139431	56570	19210	
72790	69960	79680	137350	65850	143420	95400	85160	133130	7070	67670	0	47500	117030	85170	117840	54830	111610	61750	41710	92280	113060	109890	65190	122040	70300	91350	84030	98640	34490	97030	104720	46620	17270	96510	6170	103630	83340	112840	94760	89980	153430	149480	96870	54490	91200	31610	62770	20040	72290	44060	101280	145340	138620	88920	149150	108340	112130	62750	107640	51150	41500	101010	90210	55570	71810	15070	75450	141320	108570	112910	98880	121500	160651	101700	79660	
87690	79040	108790	136780	36680	145140	68600	80450	139031	45870	42540	47700	0	116150	56420	117690	25000	96840	42130	85020	113560	150340	115310	91260	155490	34710	69470	62960	120930	22890	94440	75200	40330	62630	88090	46520	103560	81120	93640	84020	105840	177540	155350	133320	18960	92370	19790	78410	62550	69060	24440	75070	148680	164310	96350	148630	145860	112060	105730	80840	12970	84480	106730	94290	74770	46370	41580	82220	140800	110300	112760	101630	106390	169041	95850	61260	
49170	47800	87371	27150	82820	46950	78900	38550	57880	110000	76820	117070	116330	0	77220	18200	95061	31660	76861	136900	63851	127420	29670	79600	116180	94090	61350	58940	67130	98280	23170	75880	77860	122260	28510	122180	16850	37000	39310	33410	45880	104480	58080	115942	101101	25880	120080	54220	112020	48750	92990	67630	51410	112280	37440	40080	129152	10610	136480	67060	110640	122820	35710	28020	68770	73140	104550	40730	39620	23940	18840	29630	26130	84920	21370	57850	
71580	64770	114970	100540	19870	114501	14890	52110	116191	79740	17640	85450	56250	77250	0	83960	33630	52560	28770	120720	103600	161030	88501	97440	160330	24300	21360	19710	110420	52050	60820	22100	45570	97700	50030	87560	71720	57660	49020	44530	85880	161820	125521	144790	38980	66600	68980	65600	93790	54790	41730	21930	118840	162810	74370	114210	158000	76090	136150	28060	46870	115010	83470	69210	78200	15260	72470	65220	108900	78701	81161	74201	61000	143231	56940	22090	
46510	48380	72491	23440	88821	31510	85630	39740	42840	110440	82821	117510	117290	18050	83950	0	99711	40130	80500	127510	48971	112380	14630	68610	101140	99681	68080	65670	52090	99200	27270	89710	78770	122700	35240	122620	16220	37920	50810	40140	31260	89440	42530	101062	104710	25290	121000	54660	112460	49670	93910	78700	35860	97240	27720	34010	114272	8080	123292	80890	112170	111830	21130	27430	66280	79141	104990	41280	26180	11940	5270	21310	42700	69880	28580	64580	
70750	62100	104150	117641	13900	128181	45820	61860	122091	50640	19760	55170	24850	94341	33640	99771	0	74060	21620	91651	103450	147530	98370	86620	150350	15570	46690	40180	110820	21100	75651	53880	27280	68160	65911	56610	85641	63570	70860	61251	88900	167680	138410	131170	6440	75430	36850	62930	66720	52120	13580	52290	131740	159420	79410	130681	143710	93181	109080	58060	15950	87940	89790	77350	69290	23590	43370	65280	122851	92381	94841	84690	83460	149111	74031	38480	
46400	44930	90520	54670	60760	70360	50240	28250	76180	105700	54760	111410	96760	31420	52430	39830	74140	0	58310	132600	71321	133890	47970	78480	129680	70520	34520	35000	76480	86540	20100	50650	66820	117960	15900	115390	28790	32040	11750	17080	51940	122780	81380	120581	79490	28950	106380	50300	107720	40760	76860	40830	74710	128560	40430	67710	133791	31960	135090	41830	87860	119420	46230	33620	66000	51160	99140	37960	64770	37810	39130	36390	12670	103220	13430	37820	
55570	46920	96790	99220	13740	109390	38920	42580	106161	55100	11250	60810	41970	76191	28800	80820	21600	58580	0	94280	88270	142850	80390	79260	142990	24930	32970	25350	95640	29930	56540	48240	18500	73060	47761	64080	66690	44290	55380	43101	73720	151110	119600	126610	26400	56570	49130	47750	67350	36940	19610	43620	112930	148850	63750	112260	139820	74240	109710	50340	35910	88570	72850	58590	60020	15390	47830	50100	104430	73430	75890	65830	67980	133181	55881	21520	
91320	91210	62760	150850	101670	150620	130480	106410	134750	42570	102750	41700	84760	136890	120250	127950	90961	132860	94260	0	88680	86770	115940	59380	100830	106431	123860	116540	90900	70621	118280	139800	79070	26540	117760	40460	123250	104590	139200	116010	95770	138470	150050	71310	90841	112450	67350	84020	27620	93540	80191	135680	147190	118020	104140	158200	82050	131750	28450	142720	88101	16380	109280	111110	68630	106890	48101	96700	149580	119900	123410	116270	142750	158510	122950	112170	
35570	42380	26210	69320	100580	64410	106410	52120	47080	87350	96850	92450	113540	64071	103940	49121	103320	71761	88340	88250	0	66980	36970	30580	60270	112400	89870	86160	7370	92590	56011	115730	81860	89990	58841	98170	50631	48470	82441	63570	21710	63710	62950	54781	108120	44531	111530	44980	79750	53060	96450	102530	59290	61320	32701	75750	67991	53621	77011	109840	113820	73110	32881	41751	39810	94100	82880	39410	65440	42781	45201	40051	80641	71410	60681	82990	
92930	100540	48630	129550	153860	108720	164940	113160	93050	109010	151670	112520	150710	127290	161250	112210	147230	133900	142820	86790	66940	0	99480	65330	20730	162700	150640	145830	61630	130900	118150	174260	127370	100170	120880	115850	116011	109510	144580	124610	85930	63841	104150	18850	149900	109911	141090	99670	93870	111260	136190	163710	103600	38840	97920	128730	5190	116840	60100	171020	152500	72960	98261	107131	83760	150020	109830	100210	116820	108161	108410	105431	143750	109890	122820	142370	
38810	41360	61630	33330	91450	33100	90530	39370	30210	103150	85701	110220	115550	29580	88560	14500	98490	48040	80440	116370	37240	99750	0	58010	88510	102561	73250	70280	39460	97460	31990	97620	77020	111680	39960	115330	22140	37180	58720	44950	20660	76810	43310	90201	103290	23780	119260	47370	101440	47920	92170	83870	36640	84610	20260	40680	103280	19130	112431	88800	110430	101230	9010	23260	56460	82021	97700	34260	32060	11330	10700	15780	52290	57250	36440	67890	
33870	41480	19250	89960	90310	89440	101330	55590	72560	61310	88060	66360	91180	78960	97640	69000	86560	78480	79210	59410	30500	65310	57610	0	65450	100480	91580	84780	35710	70230	62730	110650	63760	62710	64550	72110	64920	51320	89160	66690	37440	87500	88660	49070	89230	55250	87200	36060	52470	47910	75520	104290	84770	74310	45810	97310	62280	73420	57930	111850	91830	44270	50950	52780	20150	86410	57340	41150	88690	61570	65080	57940	88330	97170	67400	80630	
90670	98280	48190	114580	153950	93400	163530	110900	77730	116060	151700	122140	155320	115830	160510	100750	150060	129740	142850	100530	60040	20740	88020	65360	0	164120	148380	143570	54730	133730	113990	172850	127400	112350	116820	127220	108080	107250	140420	121600	80480	45060	88830	31280	152730	102510	149170	98840	104070	109000	139020	160560	88280	19640	90680	113410	25460	105380	74640	167870	155980	86310	89770	99730	83790	150050	116880	97950	101500	97200	96950	97680	138540	92860	118660	140110	
79630	70980	117940	117250	12200	128341	37390	64580	130031	66210	18470	70740	34100	93920	24140	99931	15670	70150	24990	107221	112330	163100	102341	100410	164140	0	42730	36270	119700	36670	75811	41020	37940	83730	66071	70820	85801	67710	66950	60790	97780	175400	139361	146740	18650	79340	46300	71810	82290	61000	29150	44800	132691	172960	86840	130841	159280	92760	124650	50210	23090	103510	95940	81680	81170	21510	58940	74160	123011	92541	95001	88041	79550	157071	73200	35980	
59630	53250	106080	84750	33460	99690	20690	38070	101380	84600	27460	90310	69460	61460	21310	68170	46840	34540	32930	123780	89700	150530	73690	91710	148380	43220	0	8530	96380	60980	45030	30010	45080	102560	34240	93580	55930	43620	31340	28740	71840	147470	110710	137221	52190	50810	80180	57840	96850	47060	50660	16350	103050	148460	60330	98050	150431	60300	139210	23910	60560	118070	69230	55170	72800	23860	77330	52500	93110	63890	66350	59390	43940	128420	41150	12760	
54970	48590	101420	82370	26930	96600	21730	34430	98290	77140	20930	82850	62930	59080	19760	65790	40310	35090	25340	116320	86060	145870	70600	84620	143720	36690	8550	0	92740	53390	42650	31050	37620	95100	31860	86120	53550	39980	31890	26360	68200	143830	107620	131970	45660	48430	72590	51900	89390	41120	43070	20740	100670	144820	56690	95670	145180	57920	131750	28300	54030	110610	65790	51530	65380	17330	69870	48610	90730	60800	63260	56300	44490	125330	38770	5300	
42880	49690	28280	71610	107890	62560	113410	59430	45230	93610	104160	98710	120850	67070	110940	51990	110630	76850	95650	90320	7300	61650	39260	35560	54880	119710	96870	93160	0	99900	61100	122730	89170	95770	63930	104430	55370	55780	87530	68710	26650	58170	59760	54660	115430	49620	118840	52290	86010	60370	103760	107670	57440	55780	37790	77260	64660	56620	79081	114980	121130	75180	37390	46840	47120	101410	89140	46720	66950	47910	48190	44790	85730	68220	65770	89990	
68030	61180	87840	118920	32260	127280	62450	64400	121171	29990	34720	34520	22610	98530	52000	99830	21240	87070	30030	71001	92610	131060	97450	70310	134040	36710	61130	53600	99980	0	79810	71770	21560	47510	74350	35510	85700	63260	83870	70290	86110	156340	137490	114040	20990	74510	22750	57460	46070	51200	10470	68330	130820	143110	78490	130770	126580	94200	88430	74690	22850	67290	88870	76430	53820	38860	22720	64360	122940	92440	94900	83770	96470	148191	81660	49880	
30950	29580	75070	43620	65121	56670	62480	16850	59840	91480	59121	97190	94570	23030	60800	27040	75780	20310	56780	118380	55871	118440	32150	63030	114230	75981	44930	42520	61030	79390	0	69890	58960	103740	11570	102300	12090	17100	30990	16990	36490	106440	67690	105131	80580	12070	101190	36000	93500	29860	72180	55550	61020	113110	24980	56440	118341	19170	119640	61070	89420	103970	28820	16210	50550	55441	86030	22510	51340	20870	23330	18980	29660	86880	7910	41310	
84250	77870	128410	95470	40080	118420	12750	63780	125960	99070	36970	104780	74830	76330	22060	89610	53930	50540	48100	140050	115410	174470	97750	110880	173140	41250	30010	31000	122090	71380	69880	0	62360	117030	61110	106890	78570	69330	39010	55610	97550	172650	129550	158230	58800	77680	87030	79040	113120	68230	61060	16980	122850	174390	86040	108540	171440	81740	155890	12820	63820	134340	95140	80880	91640	33650	91800	77890	108740	87590	88910	85650	50990	153090	63210	34760	
49010	40360	81340	98100	27880	106460	53190	43580	100351	39920	27740	45630	40320	77710	45290	79010	27390	66990	18500	79100	81710	127400	76630	63810	127540	38050	45190	37870	89080	21250	58990	62510	0	57880	53760	48900	64880	42440	66680	49950	67160	145940	116670	111160	32190	53690	43050	41190	52170	30380	15960	57340	110000	136350	57670	109950	124370	73380	94530	64470	35200	73390	68050	55610	44570	31880	32650	43540	102120	71620	74080	62950	76880	127371	61070	33500	
79330	76500	71210	142500	78850	143270	107650	91700	132280	18150	79920	17280	62520	122180	97420	122500	67820	118150	74000	26560	88930	100590	110400	61660	112500	83290	103600	96280	95290	47480	103570	116970	58810	0	103050	18430	108780	89880	124490	101300	90230	145200	148630	85090	67480	97740	47620	69310	10680	78830	57050	113530	144490	130000	95460	150850	95870	117280	50280	119890	64670	29030	103740	96750	56920	84060	25880	81990	142230	113410	117870	105420	128040	159870	108240	91910	
32630	29990	77750	52180	55680	66130	51760	12390	68060	90830	49680	96540	88040	28890	50080	35600	66831	16150	48631	117730	58781	121120	40370	64710	117140	66540	34210	31800	63940	73830	11770	61080	53950	103090	0	101210	23160	16510	26830	5910	39400	114660	77150	107811	72871	17490	95200	35360	92850	25890	65680	44830	70480	116020	27890	65000	121021	27730	121320	52140	82381	105650	35910	22730	52230	46000	84860	24190	60540	30570	33030	26070	26040	95100	8580	30710	
77900	75070	84810	142460	67460	148530	97650	89830	138240	12330	69920	6170	46320	122140	87200	122950	56440	116280	64500	40430	98030	116200	115000	70940	127170	70590	94630	87310	104390	35580	102140	106970	49900	18240	101180	0	108740	88450	116120	99430	95090	158750	154590	100700	54980	96310	30430	67880	22710	76890	45670	103530	150450	143750	94030	154260	111480	117240	65890	109890	49970	44640	106120	95320	60680	74060	20180	80560	146430	113680	118020	103990	126170	165761	106810	82940	
35900	34560	74051	33910	74771	46910	73180	25690	50080	96430	68771	103500	103240	17190	71500	16560	85450	29020	66450	123330	50531	115931	22390	65190	108380	85631	55630	53220	55460	85150	11960	78600	64720	108690	22790	108610	0	23870	39700	27690	31510	96680	57930	102622	90250	11470	106950	40950	98450	35620	79860	66250	51260	104480	23030	46730	115832	9320	122070	69780	98120	108410	21340	13610	55500	65091	90980	27460	41580	11110	13570	13280	33490	77120	16570	50960	
19380	15890	65830	57280	55430	66140	60410	6480	62781	77710	51560	83420	80990	37020	57940	38320	63110	32340	44110	104610	48460	109530	37190	51460	107380	67440	43870	40160	55830	62900	17220	69730	42470	89970	16520	88530	24190	0	41240	18050	32090	107730	76350	96221	67910	13370	84700	21260	79730	13370	57610	56940	69680	108720	20590	69230	109431	32690	107690	64250	75870	92020	29690	15430	38600	47880	72260	10690	61400	30930	33390	22630	42200	89801	21890	36990	
57240	51410	101360	58180	57580	81100	42590	35670	87020	106270	51580	111980	93580	39040	48670	50670	70960	11600	55130	139020	82161	144730	58810	89320	140520	67340	31340	31820	87320	84000	30940	38960	66750	124230	26740	115250	39630	41410	0	23170	62780	133620	92220	131421	76310	39790	103200	56780	114140	47180	73680	30710	85550	139400	51270	71220	144631	42800	143070	30140	84680	127400	57070	44460	74120	47980	99000	48800	71450	48650	49970	47230	13490	114060	24270	34640	
34450	28240	80900	56750	50230	70700	46310	12500	73080	88950	44230	94660	83900	33460	44630	40170	61981	17300	43781	115850	63581	124760	45390	66530	121940	61090	28760	26350	68740	69690	17030	55630	49970	101210	5940	98540	27930	18240	23190	0	44200	119680	81720	111451	68021	22510	91060	33610	90970	24010	61540	39380	75050	120820	32690	69570	124661	32300	119900	46690	77330	104230	40930	27530	50950	40550	82290	26800	65110	35590	38050	31090	27230	100120	13150	25260	
21250	28060	44110	52650	85920	52420	88540	34630	42370	84290	81800	90000	105720	45590	86070	31690	88660	51980	73680	95850	21670	85990	20300	37490	80480	97740	72000	68290	26730	86110	36230	97860	67200	91160	39060	95110	31210	32050	62660	43840	0	80760	58710	72681	93460	24750	105550	31870	80920	38100	82340	82800	54580	79360	12250	60000	85891	36190	94370	90110	100600	80710	13640	21970	35940	78120	78840	24390	51380	24260	27770	20630	60860	69220	40900	65120	
99610	106420	74700	88710	162470	67530	164380	110240	54360	148140	157680	153890	177760	104810	161950	89730	166760	123270	151150	139040	64030	63981	77000	87840	44941	175440	147610	143900	58480	156560	106840	173100	145290	145610	114670	159280	97060	107660	133950	119450	80740	0	60920	75211	171560	98630	173530	109020	137330	116190	160440	158410	62130	26690	88530	87540	68701	94360	118400	164090	178150	122310	81680	96150	103850	154000	143670	102530	75630	86180	85930	90630	127520	57560	111450	140730	
77831	81321	84450	35270	128431	13150	127150	78290	17450	143491	122431	150561	155150	57180	125290	42500	138090	81650	119380	149190	62950	104190	43410	88460	89010	139291	109600	107010	59630	137060	67640	130640	116630	151540	76690	155671	57610	76120	92330	81660	59030	61060	0	106920	142890	63610	158860	86461	141300	87530	131770	120220	8370	83390	60911	34100	107910	49600	136141	120440	150030	132460	51070	65060	94940	118751	138041	74221	22190	49840	44880	57580	79220	35830	70100	104620	
79510	87120	32380	122331	137610	110260	148690	99861	93800	92000	135420	96830	133700	116152	145000	101202	130980	120601	126570	71100	54731	18860	89982	49080	31360	146450	137220	132140	54730	113900	104851	158010	111120	84480	107581	100160	102712	96211	131281	111311	72631	75391	106940	0	133650	96612	124080	83420	78180	95270	119940	150271	105140	49970	84621	129161	14380	105702	45800	157600	135510	57270	84962	93832	67510	133770	92820	86790	118360	94862	97282	92132	130451	113740	109521	127990	
75510	66860	106820	123601	19190	132960	51110	66620	126851	50640	25050	54410	18820	100301	38930	104890	6450	79350	26640	90581	108210	150200	103130	89290	153020	18540	51980	45470	115580	20840	80580	58500	32040	67400	71871	54910	90730	68330	76150	67211	93660	172440	143170	133680	0	80190	31550	67690	66910	56880	16250	57580	136500	162090	84170	136450	146220	98310	109270	63350	9920	88130	94550	82110	72230	28880	43560	70040	128620	97470	99960	89450	88900	153871	79991	43770	
25340	23970	67100	44990	67670	53250	68260	15590	51990	85870	62760	91580	92430	25940	66580	25810	75370	29130	56660	112770	44551	109951	24300	55820	102910	79680	50710	48300	49710	74340	12030	77580	53910	98130	17420	96690	11900	13400	39810	22410	25170	98590	63460	96642	80170	0	96140	30390	87890	24810	69050	61330	56790	101790	13660	56720	109852	20400	112700	68640	87310	98360	19260	5900	44940	59080	80420	16900	48890	18310	20880	9420	38580	79030	18050	46080	
86580	82330	104470	140070	48580	148430	80500	85550	142321	33170	54060	31590	19880	119680	68320	120980	36890	106410	49370	67710	111590	140680	118600	86940	149460	46100	80470	72940	118830	23000	100960	86590	42710	47470	95330	30410	106850	84410	103210	91260	105590	172970	158640	123660	30860	95660	0	76010	50360	72350	29810	86970	151970	159740	99640	151920	136200	115350	93070	92740	25440	71820	110020	97580	71860	58200	31190	85510	144090	113590	116050	104920	117420	172331	102860	69220	
11640	7720	53630	74180	59970	79170	69510	24130	69701	57100	56240	62810	78320	54190	65820	55000	62710	50650	47730	84000	44720	99690	47050	36100	98710	71790	57840	51890	52090	57370	35880	78830	41250	69360	35480	67920	41090	21230	57150	33960	31800	108430	86041	83450	67510	30050	75970	0	59120	13620	56390	70910	81911	103240	27770	85910	96660	49590	86880	78220	74650	71210	38470	29060	17790	54590	51650	14030	78080	46030	50070	37730	60540	96721	40550	48430	
69090	66260	62790	132260	74720	133030	103530	81460	122040	19300	75800	20090	62240	111940	93300	112260	66630	107910	67310	27640	78690	94440	100160	51420	104080	82100	96910	89590	85050	46290	93330	112850	52120	10670	92810	22550	98540	79640	114250	91060	79990	136780	138390	78940	67090	87500	50430	59070	0	68590	55860	108730	134250	121730	85220	140610	89720	107040	44130	115770	64390	22880	93500	86510	46680	79940	23600	71750	131990	103170	107630	95180	117800	149630	98000	85220	
20000	12760	65590	68940	49170	77430	58710	14550	71321	66740	45440	72450	68970	48680	55020	49980	51910	41000	36930	93640	52700	110900	47600	48060	108750	60990	47050	41100	60070	50880	29960	68030	30450	79000	25900	77050	35850	13410	47340	24150	38130	116280	87640	95410	56710	24660	72680	13750	68760	0	45590	60120	80970	113280	28640	80890	108620	44360	97690	67430	63850	82020	39020	26580	28820	43790	60700	14510	73060	42590	45050	33920	50890	98341	33210	37640	
64180	55530	93100	113270	21820	121630	52010	57910	115521	39980	24280	44510	24360	92880	41560	94180	13560	76630	19590	80991	96310	136480	91800	75570	139300	29030	50690	43160	103680	10440	71870	61330	15910	57500	65550	45950	80050	57610	73430	61480	82330	160020	131840	120120	16230	68860	29640	56360	56060	45550	0	57890	125170	148370	72840	125120	132660	88550	98420	64250	19240	77280	83220	70780	57710	28420	32710	58710	117290	86790	89250	78120	86030	142541	73280	39440	
72690	66310	119140	87140	38490	110090	12370	51130	111920	95740	34250	101450	74870	68000	21540	78710	52250	40820	42960	134920	102471	163590	84230	104200	160830	44950	16320	20680	107630	68460	55570	17100	56550	113700	44780	103970	66470	56680	30680	39280	83090	158520	121220	150281	57600	61350	87600	70900	107990	60120	58140	0	113590	159710	71580	100210	163491	70840	150350	7560	65970	129210	79770	66420	84960	30930	88470	65560	100410	74430	76890	69930	42660	138960	51690	24920	
73101	76591	82760	28710	121871	6590	120590	71730	13160	138350	115871	145190	148590	50620	118730	35940	131530	75090	112820	146820	59280	103650	36850	84580	88470	132731	103040	100450	56950	130500	61080	123850	110070	144950	70130	150300	51050	69560	85770	75100	54300	62110	8390	105230	136330	57050	152300	81731	134710	80970	125210	113660	0	83610	55920	27540	107370	43040	134451	113590	143470	130770	44830	58500	89020	112191	132900	69491	15630	43280	38320	51020	72660	36880	63540	98060	
95000	102610	59250	108960	160810	87780	165860	111720	72710	133430	157080	139150	164250	111420	163430	96340	159380	129070	148570	117570	61520	38340	83610	74380	19020	173050	149090	145380	55970	143050	113320	175180	136330	129280	116150	144230	103670	109140	139750	120930	79810	26800	82680	49290	162050	101840	160020	103170	121310	113330	148340	159890	82660	0	90010	107790	43060	100970	92650	167200	164910	102080	85360	99060	92720	154760	130160	100940	95880	92790	92540	95230	134130	80560	117990	142210	
19240	22140	55570	50260	75220	52010	77180	23270	43621	83350	70440	89060	96320	37100	74710	28700	79260	40620	63900	104220	32321	97721	19890	45860	90680	87230	60640	56930	37480	78230	24870	86500	57800	95400	27700	94170	23060	20690	51300	32480	12260	88570	59961	84412	84060	13390	100030	27870	85160	28700	72940	71440	55550	89560	0	59510	97622	30970	102740	78750	91200	89080	11310	10920	39470	66760	77900	15040	50970	18870	24780	15240	49780	70641	29540	53760	
77630	79510	101190	14290	119951	23210	113290	70870	38510	142050	113951	149120	148420	40010	113070	34020	130841	67780	112440	158500	76220	129000	40680	97660	113820	130811	97200	94790	77520	130330	56390	109660	109900	152040	64360	154230	46130	69050	71420	69260	60310	87860	34340	129761	136160	56420	152130	85780	141800	80800	125040	100030	27670	108960	58840	0	132720	37640	152111	99460	143300	142820	48660	58560	96110	108990	136600	72410	12130	43070	36400	52440	58240	62630	57700	93700	
92720	100330	45590	133310	150270	112480	161900	113071	96810	104540	148630	107840	146240	129362	158210	114412	143640	133811	139780	82110	67941	5200	103192	62290	25450	159110	150430	145350	64750	126440	118061	171220	124330	95490	120791	111170	115922	109421	144491	124521	85841	68561	107910	14380	146190	109822	136620	96630	89190	108480	132600	163500	107360	43560	97831	132490	0	118912	55420	170810	148050	68280	98172	107042	80720	146980	105360	100000	120580	108072	110492	105342	143661	113650	122731	141200	
44570	43230	76961	25090	81670	38600	77750	34360	47470	105100	75670	112170	111910	10650	76070	8070	93750	32250	74730	131440	53441	117010	19260	73080	105770	92940	60200	57790	56720	93820	19390	81830	73390	117360	27360	117280	8990	32540	42930	32260	35730	94070	49620	105532	98550	20140	115620	49620	107120	44290	88530	70820	42950	101870	30880	37910	118742	0	127762	73010	106790	116300	25760	22280	64170	71990	99650	36130	33270	13870	8430	21770	36040	74510	20700	56700	
90690	94010	51231	145261	117320	140051	146130	110980	122371	62660	118400	62840	105690	135780	135900	123782	109230	135300	109910	28540	77311	59810	112561	57870	74440	124700	139510	132190	79371	88890	119550	155450	94720	50490	121370	66170	121740	108080	143770	120580	94260	117280	136731	46000	109690	112070	93180	87310	44190	98110	98460	151330	134931	93050	102630	152381	55090	128472	0	158370	107840	22790	107542	109600	70340	122540	66200	97970	142071	117442	119862	114712	145150	145191	124220	127820	
80020	73640	126470	86630	44160	109580	17520	58460	117120	102020	39920	107730	80540	67490	27470	80770	57920	41700	50410	142370	109801	171060	88910	111650	168160	50530	23770	28130	114960	74330	61040	12820	64000	119980	52110	109840	69730	64010	30170	46610	90420	163770	120710	157660	63270	68680	93270	78230	115440	67450	64010	7440	114010	167040	78910	99700	170870	72900	158000	0	71640	136660	87100	73750	92410	36600	94750	72890	99900	78750	80070	77260	42150	144210	54370	32370	
82480	73830	109180	131570	27940	139930	59860	75240	133821	47890	33800	51160	12620	110850	47680	112480	16260	88100	36450	87961	113650	152360	110100	91650	156060	25050	60730	54220	121020	22720	89200	65540	35120	64650	81681	49980	98350	75910	84900	77021	100630	177650	150140	135340	10220	87160	25350	74660	64570	63850	19230	66330	143470	164880	91140	143420	147880	106850	107750	72100	0	86500	101520	89080	75050	37630	43600	77010	135590	105090	107550	96420	97650	160841	89880	52520	
76370	77350	47210	134680	96030	134450	124840	94320	118550	41220	97110	41400	84250	121740	114610	111780	87940	119090	88620	16630	73130	72840	100390	43830	86170	103410	118220	110900	75350	67600	103340	134160	73430	29050	105160	44730	107700	91420	127110	103920	80220	121330	132910	57330	88400	97510	71740	70650	22750	81450	77170	130040	131110	102310	88590	142030	68120	116200	22530	137080	86400	0	93730	95560	53680	101250	44910	81760	133410	104350	107860	100720	128940	141370	108010	106530	
29900	32450	56241	41020	84300	40790	86210	32300	34370	93940	79470	101010	106630	35660	83740	21400	89570	46060	72980	109440	32721	98121	8670	51080	89880	96310	69040	65960	37420	88540	28800	95530	68110	104750	35750	106120	21280	29720	56740	40740	13730	80970	50710	84812	94370	18700	110340	38460	94510	39010	83250	79660	44330	85980	11350	48370	98022	26030	107042	86820	101510	94300	0	14750	49370	75790	88490	25350	39750	14330	17600	10700	52020	61830	33610	62790	
24000	22660	64410	46480	70010	54460	71920	18010	49030	84530	65180	90240	94040	27430	69450	27300	76980	33720	58690	111430	41501	106901	23260	53130	99860	82020	55380	51670	46660	75950	16190	81240	55520	96790	22440	95350	13390	15430	44400	27220	22120	95630	64670	93592	81780	5410	97750	29050	86550	26420	70660	66180	58000	98740	10970	58210	106802	21890	110010	73490	88920	96350	14750	0	43600	61500	79080	15560	50380	18550	22370	9660	40110	76420	21700	48500	
23460	24440	37670	88320	71100	88090	82120	41410	77140	50050	68850	55760	74670	68740	78430	67330	69140	66180	60000	68590	39690	83730	55970	20140	83870	81270	72890	65570	47060	53720	50430	91440	44550	56990	52250	60870	55640	38510	74360	51170	35800	103380	93490	67490	72050	44600	71720	17740	46750	28700	57600	85080	89350	92680	39570	95670	80700	64140	69800	92640	74970	54130	49010	43610	0	67200	44690	28850	87050	57500	63410	52280	76030	104660	55100	61420	
61660	53660	103860	96480	10010	107881	24790	43960	108721	66050	4010	71760	46010	73190	15780	79471	23390	51490	15080	107030	93680	149920	81881	86330	150060	21710	24120	17610	101050	38360	55351	34110	31880	84010	45611	73870	65341	47920	48290	40470	77730	153670	118901	133680	28740	58720	57560	54490	80100	43680	28040	31260	112231	154660	66220	110150	146890	72030	122460	37030	37110	101320	75320	61060	67090	0	58780	55300	102551	72081	74541	67581	60890	135741	52880	15520	
61660	58830	73790	124830	53620	130900	82420	72620	121060	9420	54690	15130	41790	104510	72190	105320	43160	99070	48770	48481	82770	109490	97370	57240	116570	58630	78370	71050	89130	22820	85900	91740	33640	26440	83970	20240	91110	71480	99860	82220	78850	143270	137410	92470	43620	80070	31260	51640	23700	59680	32390	88300	133270	130040	77790	136630	105010	99610	66410	94660	43940	45160	88490	79080	44690	58830	0	64320	128800	96050	100390	87750	108960	148131	90570	66680	
9280	7470	55730	61000	62090	66430	68280	14880	58031	69810	58360	75520	81890	40740	65260	41950	64830	38180	49850	96710	39400	100180	34310	41360	98030	73910	52460	48320	46770	63800	22430	77600	43370	82070	24250	80630	27910	10610	48860	26450	24610	102960	74371	86871	69630	16600	85600	13980	71830	14270	58510	65450	69970	100720	15350	72860	100081	36410	97970	72760	76770	82300	25730	16010	28880	55180	64360	0	65030	33270	37020	24680	48030	85051	27100	44860	
69590	71650	91210	14770	112091	11200	110810	63010	26500	134190	106091	141260	140560	39440	108950	26160	122991	64990	104580	149630	66240	116990	31810	88790	101810	122951	93260	90670	67540	122470	51300	109910	102040	143170	60350	146370	41270	61190	71900	65320	51440	75850	22330	118570	128310	48560	144270	77820	132930	72940	117180	100220	15660	96950	50880	12280	120710	33260	142071	99650	135440	133950	39790	50700	87240	102411	128740	64550	0	35210	28540	44580	58720	50620	53760	88280	
37540	39680	67061	33820	81741	40100	80570	32660	39250	101170	75741	108240	110210	23910	78600	12160	92420	38010	73420	120230	43541	108790	11560	61870	97550	92601	63290	60320	48470	92120	20950	87590	71690	113240	30000	113350	11170	30840	48690	34990	24520	85850	50310	95632	97220	17800	113920	45690	103000	42590	86830	73910	43640	93650	18750	43070	108842	13880	117862	78770	105090	105090	14350	18850	57310	72061	95720	32580	35240	0	7230	10040	43480	66290	25560	57930	
42560	43740	68541	27070	84181	33820	83010	35100	39030	105910	78181	112980	112650	18880	81040	5500	94880	39260	75860	123020	45021	108570	10820	64660	97330	95041	65730	62760	48280	94560	23390	88840	74130	118170	32440	118090	13360	33280	49940	37430	27310	85630	44840	97112	99680	20650	116360	50130	107930	45030	89270	76350	38170	93430	23770	36320	110322	8430	119342	80020	107530	107880	17320	22790	62330	74501	100460	36640	28490	7300	0	16670	43510	66070	27660	60370	
32790	31450	63381	43240	76660	47270	76610	24580	43440	93320	71750	99030	101420	29170	74640	21580	84360	36350	65650	116550	39861	105261	15750	58190	97990	88641	59330	56360	44790	83330	19090	85930	62900	105580	26040	104140	13000	22390	47030	31030	20840	90040	57480	91952	89160	8990	105130	37840	95340	33800	78040	69950	50810	96130	15070	52490	105162	21190	114182	77110	96300	101410	10670	10040	52390	68070	87870	24350	44660	10090	16650	0	42310	70480	23900	53970	
56670	55200	100790	45320	70190	68240	54170	38520	80570	115970	64190	121680	106430	26180	60250	42700	83570	12830	67740	142870	81031	144160	52360	88750	138870	79950	43950	44430	86190	96610	29890	50540	77090	128230	26170	125660	33180	42310	13440	27350	61650	127170	79370	130851	89160	38580	116050	60570	117990	51030	86290	42290	72700	134970	50140	58360	144061	36110	145360	41720	97530	129690	52730	40720	76270	60590	109410	48230	58590	43520	43520	42890	0	107610	22840	47250	
88131	91621	92790	63170	145151	41990	146570	92921	31080	153791	140361	160861	168821	84370	144600	69290	148751	102830	133761	157530	71290	110310	56560	96800	92580	157831	129290	126320	67970	147721	86400	152660	127281	161230	94370	165971	76620	90341	113510	99360	69410	57690	35380	114110	153551	78190	172531	96761	150990	98181	142431	139910	36590	80840	71211	62000	114030	73920	144481	143650	160691	140800	61370	75950	104630	136681	148341	84521	50090	65740	65490	70190	107080	0	91010	123411	
35590	34220	79710	44990	62550	59210	58630	19560	64580	96120	56550	101830	95850	21370	56950	28680	74791	13670	56591	123020	60511	123080	36540	67670	118870	73410	41080	38670	65670	81130	7910	63250	61180	108380	8240	106940	16830	21740	24350	13140	41130	111180	70230	109771	80831	18140	103010	40640	98140	33120	73460	51700	63560	117750	29620	57920	122981	20810	124280	54430	89650	108610	34250	22240	55190	52870	90670	27150	53620	25610	27700	24410	22610	91620	0	37580	
51490	45110	96900	81190	25270	94130	25360	31170	95621	71890	19270	77600	61270	57900	22340	64610	38650	37480	20750	111070	82800	142390	68130	79370	140240	36130	12790	5300	89480	49720	41470	34680	32370	89850	30680	80870	51590	36720	34280	25180	64940	140570	105150	126720	44000	45930	68920	47530	84140	36720	39400	24980	98480	141560	53430	94860	139930	56740	126500	32540	52370	105360	62530	48270	60130	15590	64620	45130	88800	58330	60790	53830	46880	122641	37590	0	

0	                                           Poynton	0	0	32400	0

1	                                            Marple	540	3947	18547	1080
2	                                           Longton	436	3492	15741	872
3	                                          Ormskirk	281	7132	18369	562
4	                                         Wakefield	749	22696	26903	1498
5	                                        Birkenhead	561	11609	19058	1122
6	                                           Baildon	345	12648	24003	690
7	                                        Failsworth	287	12794	26174	574
8	                                    Ellesmere_Port	829	14647	21266	1658
9	                                          Bolsover	311	15126	26077	622
10	                                            Ossett	174	5538	19611	348
11	                                        Shirebrook	445	4737	14079	890
12	                                      Kirk_Sandall	378	5816	9931	756
13	                                         Adlington	792	16759	21100	1584
14	                                            Pudsey	356	21482	23523	712
15	                              Ashton_in_Makerfield	225	5128	18622	450
16	                                         Hemsworth	541	7159	14611	1082
17	                                       Rawtenstall	759	9417	23059	1518
18	                                      Clayton_West	611	23249	28933	1222
19	                                        Long_Eaton	794	6094	19700	1588
20	                                          Sandbach	119	16870	26977	238
21	                                        Albrighton	783	7254	13837	1566
22	                                        Warrington	263	9814	23803	526
23	                                              Leek	328	16925	27391	656
24	                                        Wellington	361	11871	15483	722
25	                                        Castleford	261	13096	24016	522
26	                                        Queensbury	159	18846	28471	318
27	                                           Halifax	816	2351	16705	1632
28	                                             Crewe	570	7090	10109	1140
29	                                          Rawmarsh	159	7435	14490	318
30	                                         Radcliffe	418	20224	26696	836
31	                                            Ilkley	519	22157	26978	1038
32	                                      Stocksbridge	595	4705	16876	1190
33	                                Kirkby_in_Ashfield	137	5057	19682	274
34	                                           Heywood	594	26652	29052	1188
35	                                            Warsop	732	8981	21787	1464
36	                                         Tyldesley	396	6180	14525	792
37	                                         Droylsden	140	4989	19549	280
38	                                           Burnley	265	4468	15879	530
39	                                          Rochdale	769	5226	7227	1538
40	                                         Knutsford	712	2284	12256	1424
41	                                          Oswestry	282	10611	15378	564
42	                                           Heswall	134	9117	14360	268
43	                                         Penkridge	350	22466	27864	700
44	                                     South_Elmsall	780	15770	25647	1560
45	                                            Eccles	642	4972	7825	1284
46	                                          Bircotes	790	13522	23053	1580
47	                                         New_Mills	628	7737	14540	1256
48	                                          Alfreton	393	12079	14745	786
49	                                       Longdendale	710	6260	9346	1420
50	                                          Wombwell	391	3955	17142	782
51	                                          Keighley	608	14751	17384	1216
52	                                         Bebington	584	17178	24519	1168
53	                                        Shrewsbury	175	13758	16683	350
54	                                        Altrincham	338	22908	28656	676
55	                                            Formby	606	6635	16940	1212
56	                                           Codsall	410	19068	26445	820
57	                                           Hindley	652	15057	22434	1304
58	                                       Swadlincote	166	3665	9918	332
59	                                           Silsden	268	4337	19220	536
60	                                          Carcroft	286	3534	13822	572
61	                                             Derby	231	14052	23061	462
62	                                              Lymm	214	4155	19095	428
63	                                           Urmston	731	24311	29361	1462
64	                                            Buxton	359	4840	18609	718
65	                                          Dewsbury	436	12590	20322	872
66	                                          Staveley	134	17737	26825	268
67	                                         Stockport	480	8214	15761	960
68	                                        Litherland	475	8213	16771	950
69	                                          Culcheth	708	9488	16729	1416
70	                                          Golborne	808	4540	9468	1616
71	                                             Irlam	545	13408	15494	1090
72	                                           Rishton	636	22204	26881	1272
73	                                          Holywell	693	7377	21833	1386
74	                                        Tottington	352	1896	9195	704
75	                                            Elland	178	17472	21062	356
