75

6350	3650

20	90

0	60540	76060	60860	90700	50920	52880	65320	30000	63790	80600	71790	90680	60110	79390	45300	36350	55420	21440	9630	90420	42080	94981	73620	85480	80700	61600	79240	70260	95160	26380	68640	95010	44970	19600	22820	37110	47580	51150	78380	80940	56640	26720	46180	84230	31540	91690	54100	59690	67790	56670	80770	60220	61530	59760	94760	59590	37310	87200	40550	97210	98570	83530	69730	47920	54560	59610	86980	62960	55750	47590	59120	14240	16320	34350	32140	
60160	0	109651	111630	117421	62590	22300	31440	77250	75860	116290	36270	147040	59860	135750	92550	65670	45260	63140	69320	145251	89701	86050	28780	46550	134201	36790	73150	58760	116950	58980	19550	79010	85020	58160	71740	76520	47640	109030	104560	20840	92960	75560	72400	45890	53750	67180	75000	106491	41840	8620	88460	111440	95690	118430	53430	31590	62430	113380	77630	153570	153751	29720	129420	42230	70000	72660	46320	122650	60050	84780	46850	64150	62650	87390	64740	
76300	110040	0	34950	21620	122310	111290	127270	50040	43420	154720	134220	113590	130240	98650	37710	110511	123100	96201	72330	132080	111510	87460	104901	147910	135210	86770	149940	73220	26880	100541	124560	162770	117830	93761	97581	42210	116740	51960	154581	130151	20020	99280	120341	146660	60250	158130	128261	129370	92960	108550	155001	38210	135710	52950	119930	84760	110900	164340	115311	120120	130780	117071	77010	115060	42710	132580	149410	73430	126450	121770	73300	64840	62310	103780	106301	
60660	111560	35160	0	51300	109610	105250	121230	36210	61710	124410	127830	79810	118110	64870	20110	95760	112960	80200	53660	98300	86830	108810	115561	141520	101430	97430	137240	89940	56560	85790	119660	152980	93860	79010	74020	38880	105360	18130	130830	131960	26930	75620	103690	140270	61000	149660	111610	100610	103620	107690	139830	3750	112050	18480	130590	95420	96720	138190	92510	86340	97000	127731	43230	105460	58210	119020	143020	39650	113750	98110	88800	51450	49780	79230	91550	
90370	117740	21510	50760	0	136380	118990	134970	64110	44420	170950	142570	129400	143670	114460	54000	124581	134400	110271	86400	147890	128240	83240	111871	156440	151020	93740	164670	69460	6610	114611	132260	175010	134060	107831	111651	56280	130170	67770	169550	137121	36550	113350	135371	155010	71530	169830	143291	145660	99930	116250	169630	54020	151130	68760	126900	91730	124970	179530	130150	135930	146590	124041	92820	127250	50410	147610	157940	89240	140520	137190	77310	78910	76380	120070	120371	
51370	62811	121410	109420	136050	0	41630	44690	76160	98670	57140	47140	107830	13130	98150	91460	17050	22270	31510	58400	98810	46540	117160	82810	60430	86500	75580	30890	88470	137590	25010	57620	50460	36030	31840	39020	82460	16530	96310	42800	74880	101990	37030	14730	55570	66790	55600	12990	57400	81720	55510	32310	108520	37230	103850	105340	70920	14360	51620	27610	114360	107310	92091	107410	22000	90370	11150	63180	101810	8220	30550	77560	60490	62070	44690	20560	
53400	22771	110720	105530	118851	41650	0	16140	71150	78970	95930	23740	136210	38610	125430	86450	48130	24010	48980	62460	131450	75900	93850	47491	37610	120400	47720	51840	66240	118380	44410	21800	57700	68340	44370	58310	71770	26710	102930	83010	39060	91300	61140	52730	36180	52830	52420	54060	91600	53910	15821	67190	105340	76020	112330	71140	43060	42760	91830	60950	142740	139950	52051	122560	20900	71430	51270	39110	115790	38660	66840	55330	58050	56550	72820	49010	
65530	31600	126320	121130	134681	44430	15980	0	86750	94800	100730	8170	146470	36190	136430	102050	55600	22450	59240	74590	141710	86160	109680	58480	22240	129761	62800	48920	82070	134210	54670	14170	50120	75760	54980	68570	87370	30720	116110	82030	31430	106900	71400	57530	20610	68660	40110	56690	100661	68990	26180	64270	120940	80820	124720	83120	58140	50230	90850	68370	153000	150210	57390	134690	25500	87260	50290	23740	127920	37810	73260	71160	72930	72150	83080	56680	
29410	77370	49370	36460	64010	75420	71060	87040	0	45720	104910	93640	94610	83920	79670	17380	63621	78770	49311	24800	103840	65560	91480	84971	107330	96920	66840	103050	68880	68470	53651	85470	118360	70300	46871	50150	12490	71170	35160	105791	97770	29950	51750	73451	106080	29570	115040	81371	82250	73030	73500	106850	36270	88180	47800	100000	64830	64010	114320	68421	101140	109090	97141	63190	71270	39780	85690	108830	56420	79560	74240	61530	17950	15590	57830	59411	
63100	75430	43020	61420	43980	98790	78540	94520	45990	0	141761	102120	135920	104930	120980	47620	92780	95060	80530	63440	147140	103760	48630	67761	115990	143640	49630	124350	30630	42040	82810	91820	134480	104081	77310	81931	34710	91430	71740	135050	93011	34830	85831	102270	114560	34030	129200	109640	121900	55820	75620	130450	64680	121071	79420	82790	47620	91040	144150	99661	142450	152210	79931	103400	87910	9370	109150	117490	97280	102930	106701	33200	52720	48940	95710	88570	
80290	118091	153670	123910	170900	57600	95820	101040	105130	142681	0	103520	73390	68910	77700	113210	52950	79070	61350	83650	55830	39680	166801	133561	114300	43460	125451	68400	138111	175480	59990	115200	92820	37600	65650	60040	115510	71820	106430	30660	134560	131980	55580	44940	109440	107260	104940	45560	24360	131591	111530	54620	120580	23070	111170	156151	120791	55350	29750	42260	79920	64370	143661	96550	78350	133451	53390	117050	95470	64500	36520	126681	92800	94880	48810	56380	
72360	36720	133150	127960	142671	46870	23970	8410	93580	102790	103170	0	149600	37740	139560	108880	58040	24830	65250	81420	144090	88710	117670	63600	16970	132201	70790	48120	90060	142200	59260	19290	45200	78200	61630	74230	94200	33160	122940	82010	32310	113730	75740	59970	13260	75700	32760	58480	103101	76980	33560	63880	127770	83260	131550	88240	66130	52680	90830	70810	156130	152590	62510	141520	27960	95250	51840	18470	134750	39530	75700	79150	79770	78980	86100	59120	
89680	145360	113240	79430	129380	106790	134970	145270	94320	135600	72850	148621	0	119040	15130	91370	92760	125021	87940	89470	23520	62600	181731	160030	164541	30820	150240	128600	159061	134640	91030	153240	153020	72950	92250	78660	102480	115780	68690	97700	166290	105010	74820	94310	159961	118060	161510	97510	53960	156430	141470	118070	76100	80270	64130	182430	147320	96330	97051	81810	8280	19220	169940	41020	122240	129770	105340	166161	42960	114130	77670	148730	98620	100700	64300	90590	
60130	59681	129340	118800	143380	13120	38500	36430	84510	105030	68410	37850	119960	0	110390	99810	29290	14600	43750	68710	110080	58670	122360	83680	49200	97770	80660	22430	93670	143870	37250	49630	39230	48160	43460	51260	90390	14910	108550	48640	66890	109920	49270	26860	44340	73150	44370	23540	68670	86800	52731	31000	118610	48500	116090	105980	76000	26560	57460	39740	126490	118580	88961	119650	18970	96730	16900	51950	114050	4910	42680	82760	68840	70420	56930	32800	
79920	135590	98550	64740	114690	97540	125330	136020	79630	120910	77560	139371	15420	109790	0	76680	83510	115771	78690	77900	33580	55700	169020	150260	155291	38390	140320	124700	145480	119950	81780	143480	147120	66840	83000	69410	87790	106530	54000	99170	156520	90320	65570	87510	150711	105550	152260	93610	56720	146660	131710	116000	61410	79190	49440	172660	137550	87080	104510	74620	21950	32710	160170	26330	112990	115080	101440	156911	28270	104880	73770	137980	84950	88350	55050	81340	
44780	92740	37110	19930	54000	90790	86430	102410	17390	47590	113110	109010	91510	99290	76570	0	78991	94140	64681	38480	105750	74950	94690	95731	122700	102170	77600	118420	74120	58460	69021	100840	133730	81790	62241	61870	19050	86540	26730	118680	113140	17690	63470	88821	121450	41170	130410	96741	89870	83790	88870	122220	21120	99900	34540	110760	75590	79380	126040	80360	98040	108700	107901	58390	86640	41760	101060	124200	53320	94930	85960	71910	33320	30960	67220	74781	
36520	65820	110541	95300	125181	16980	47730	55670	64511	92790	52530	58150	93840	29230	83800	79811	0	35730	16290	44280	88770	33340	114010	81050	74070	76920	73180	47200	85320	128880	9890	67240	66560	22880	16990	24070	71591	25110	81640	44130	84500	91121	22360	11790	69490	59160	71700	19710	48750	79320	59910	46800	94400	32620	89180	103630	68520	5540	52950	15490	100370	97270	90960	93060	32300	84490	25640	75690	87140	24320	21590	74410	48841	50431	30340	5340	
55550	45081	121680	114220	134141	22210	23900	22490	79930	95020	78610	24870	126571	14600	116531	95240	35700	0	43961	64610	120280	65890	111800	69801	40220	107970	69380	29650	83420	133670	37151	35650	39590	55380	42680	51371	82730	12730	106130	59710	52910	102260	52711	35410	35340	65020	39600	34240	78870	75570	38131	43200	114030	58700	114740	94290	64720	30330	68530	47990	133101	128780	74361	122231	9000	86720	27970	42410	115461	15360	51140	72510	64260	65840	63071	36780	
21340	62700	96140	79410	110780	31300	49010	59310	50080	80340	60730	65350	88540	43550	78500	65330	16260	43751	0	28390	85780	30230	107230	77590	79470	74730	69620	61520	79330	115240	6940	68520	80880	26610	5160	10090	57190	34250	68210	57820	83100	76720	13180	26090	76690	46710	83351	34010	46900	75760	58190	61150	78510	41150	75750	100070	64960	17690	66640	19990	95070	94280	87500	80950	38810	71991	39990	80970	74180	38640	27140	68420	34320	36400	25570	12050	
9670	69650	71720	53040	86360	59310	61740	74180	24750	63440	83150	80650	89010	68500	77720	38590	44570	64280	28670	0	92020	43800	96071	82730	94340	82300	68010	87630	73401	90820	34770	77750	103870	48540	27990	26880	33350	56270	42320	85200	90050	52300	29990	54400	93090	32600	100550	62320	61290	74200	65780	89160	52140	66420	50930	101170	66000	45700	92560	46880	95540	99220	92640	61900	56780	54210	68000	95840	55130	64140	52480	64870	12000	15400	36070	40360	
90970	145053	132200	98390	148340	99000	131282	141582	103610	146300	55310	144301	23570	110310	33840	105660	88961	120470	86332	92990	0	60500	192103	160183	159410	12420	151930	117680	162820	153600	87342	151053	142100	66231	90752	77660	113700	111341	87510	82860	165453	122140	73820	86340	151450	122240	151480	86960	41660	158120	140543	104130	94920	66870	82950	190643	147413	92642	78771	75411	29840	9030	170283	59840	118531	140110	94790	162131	61780	105900	70951	150420	102140	104220	63140	86902	
42200	89471	110990	86430	128340	46690	75610	85910	65700	103630	39670	88740	62870	58770	56140	75090	33400	65661	30550	44220	60310	0	136121	104601	104660	48330	96491	69670	107791	132800	31670	95120	94090	11350	34970	23850	75780	55780	69070	47730	109871	91570	20000	33220	100080	72590	101240	38580	21130	102631	84961	63340	83220	28230	74880	127191	91831	36970	54530	19850	69400	68680	114701	66220	62880	94200	46410	106280	63600	53860	18740	96511	53370	55450	9380	31230	
94962	86340	87260	107920	83240	117650	94950	110930	91490	48860	165910	118530	184492	122760	169330	94080	114060	112650	107370	96432	191961	135731	0	78671	131950	180911	60540	142440	28700	78790	107250	104950	152110	133370	102590	113640	80820	109070	118200	154700	103921	81290	117540	122390	130970	67780	146070	129760	152521	66730	87310	149310	111180	145210	125920	93700	58530	111160	163800	125980	188992	195002	90841	151410	105500	53730	128010	131720	145550	121790	133130	39610	85712	81932	128373	113080	
72780	28760	103131	114681	110051	82690	47441	58220	84031	66391	132520	63050	160620	83420	149330	95031	80240	70401	76880	81940	159411	103861	76581	0	72630	148361	20030	98291	49291	108111	73510	45630	104151	99980	71900	84880	77161	70700	116231	121310	40980	89521	88780	89000	71970	55401	93260	95020	120651	22660	33831	113601	115541	111820	128671	26410	20380	77340	130410	92590	167150	167911	16080	142120	65400	62701	93070	71740	135310	83310	99740	37381	74590	72763	101190	79270	
86050	46830	146840	141650	156361	59960	37660	22170	107270	116480	114190	17220	165790	48740	155750	122570	74230	40380	79760	95110	158850	104900	131360	72830	0	146540	82670	51340	103750	155890	75190	27470	43540	94390	75500	89090	107890	49350	136630	86650	34490	127420	91920	73700	5380	89390	26580	69380	114510	87810	45370	67230	141460	94340	145630	94300	78010	68860	95470	86580	173630	167350	66540	155600	44150	108940	62740	3900	148830	51750	89520	92730	93450	92670	102290	75310	
80590	133612	135570	101760	151710	87040	119841	130141	96890	142770	43350	132470	31820	98350	38740	102130	77130	108510	74891	82610	12370	48540	180662	148742	145480	0	140632	105720	151932	156970	75680	139612	130140	54400	79311	67280	106980	99510	84920	70900	154012	118610	63440	74380	139490	111860	139520	75000	29700	146772	129102	92170	98250	54910	86280	171332	135972	80880	66691	63580	38350	20910	158842	64110	106700	133720	82830	148230	65110	93940	59120	140040	91760	93840	52760	75240	
61460	36580	86090	97640	93010	75310	47720	63110	66990	49350	124710	70500	151370	80230	140080	77990	72860	69530	69500	67930	151110	96061	59540	21440	82720	140561	0	98980	32250	91070	66130	55720	105090	92170	64520	76110	60120	66730	99190	113500	52350	72480	80010	81190	82060	38360	99810	87620	112851	6810	38490	106840	98500	104010	111630	34590	5940	69960	122600	84780	157900	159260	36250	126722	62830	45660	85670	82490	119952	79450	91930	20340	59250	55722	92280	71890	
79070	73421	148700	137740	163361	30710	52200	48880	103450	123810	68550	47850	128980	22240	124450	118750	47060	29420	61520	87650	117710	69600	141330	98141	51320	105400	98290	0	112730	162890	55020	62080	25090	59240	61850	68710	109750	36260	125460	41010	79160	129280	66720	39530	46460	93810	37510	31170	76300	104480	66471	16560	137550	55480	133000	122771	93510	44370	46070	51820	135510	126210	102701	134070	37790	115510	24240	54070	130960	23280	52090	101300	87780	89360	71260	50570	
69290	58670	72900	89770	69220	89080	66430	82410	68570	30710	137340	90010	160692	94190	145450	73810	85490	84060	78850	73122	161750	107211	28530	51001	103880	151711	32870	113870	0	64770	78680	77280	123080	104800	74070	85120	60130	80500	98430	126130	76251	63140	89020	93820	102450	43890	117090	101190	124001	39060	59640	120740	93030	116640	106820	66030	30860	82590	135230	97410	165192	169900	63171	128440	76930	33980	99440	104050	121670	93220	104560	11940	62402	58622	102080	84510	
94870	117380	26920	56080	6640	137930	118840	134820	68610	42260	175570	142420	134720	143840	119780	58500	129081	134250	114771	90900	153210	132740	78720	109711	156290	156340	91580	164520	64940	0	119111	132110	174860	139150	112331	116151	60780	130220	73090	173720	134961	41050	120181	139951	154860	72730	169680	147871	150160	97770	116100	169600	59340	155710	74080	124740	89570	128250	182820	134730	141250	151910	121881	98140	127100	48260	148300	157790	94560	142070	141770	75150	83410	80880	124570	124871	
26620	58810	100641	85660	115281	24690	44200	54500	54611	82950	59390	59620	91800	36940	81760	69911	9970	36841	6810	34640	87040	31490	106690	74040	74660	75360	66170	54910	78310	118980	0	63710	74270	26040	7090	14970	61691	27520	73560	52140	79210	81221	16730	19800	70960	49320	76441	27720	47190	72310	53990	54540	84760	39810	81100	96620	61510	11080	60960	18650	98330	95540	83950	85830	33150	74650	33380	76160	79060	32030	25800	67400	38941	40531	28410	5760	
69110	19540	124761	120580	132531	57440	22000	14450	86200	92660	115000	19280	154830	49450	143540	101500	67320	35520	68170	78270	150800	95090	104640	45540	27320	139750	55380	62180	77350	132060	63600	0	63360	87530	63910	77500	86820	43730	117980	95230	17690	106350	80330	70540	26660	67610	47950	69760	110790	60520	18870	77530	120390	93830	127380	70180	50720	61950	104050	80140	161360	159300	44370	138370	38050	85110	63490	27090	131600	50880	86030	65440	73100	71600	92010	68200	
95080	79071	161510	154170	174101	50510	57850	50360	119460	134550	93130	45410	153560	39290	147780	134760	66680	39530	81140	104140	142290	94180	150860	103791	43770	129980	105150	25080	122390	173630	74640	63600	0	83820	80850	88650	122260	52260	145660	65210	75570	141930	86660	64110	38910	104550	20910	55750	100880	111340	72121	39950	153980	80060	153480	128421	100490	63950	69460	76400	161720	150790	107230	157620	48530	126250	48820	45860	151440	42300	76670	111280	103790	105370	94320	70190	
44730	84990	116960	92980	134190	36220	67930	75790	69990	104611	37650	78270	73640	48300	66950	81180	22930	55430	27250	48510	66480	11340	133530	100460	94190	54630	92350	59410	105010	138890	26170	87440	83830	0	31670	24480	80070	45310	76070	40260	104700	97540	20020	22750	89610	71700	90770	28320	26310	98490	80170	53080	90220	21070	83610	123050	87690	26680	47270	9380	80170	74980	110560	77350	52500	95381	36150	95810	74730	43390	8480	93580	57660	59740	14800	25190	
19870	57850	93891	79470	108531	31630	44780	55240	47861	77290	64790	61710	92980	43520	82940	63161	17060	42780	5180	28240	90220	34670	102460	72740	75400	79170	64850	61850	74560	112991	7090	64450	80850	31050	0	14510	54941	32350	68920	59230	78250	74471	17600	26890	73160	43660	80250	34810	51340	70990	53340	61480	78830	45210	77530	95050	60190	18020	68050	24050	99510	98720	82650	84960	35280	68990	40320	76900	78190	38970	31200	63650	32191	33781	30010	12850	
22710	71270	96800	73260	111440	38900	58370	68670	49830	82591	60000	74710	79240	51150	69200	61460	24130	51201	10230	27250	77180	23710	113240	85360	88830	67460	76230	68640	85630	115900	15160	77880	88480	24370	14520	0	58560	42690	58840	59710	91670	77380	4670	30460	86050	49680	90801	38380	42140	82420	67390	66600	72360	40930	66380	107760	72650	25560	67070	21390	85770	85330	95270	71110	48170	73361	46210	90330	64340	46240	26990	74720	35690	37770	16270	19820	
36550	76540	41570	38700	56210	82540	71740	87720	12550	34840	114950	94320	102820	90340	87880	19050	70741	83200	56431	33800	113880	75600	81110	78021	108010	106960	59890	110170	60540	60670	60771	86150	122790	79961	53991	57811	0	76840	40980	112911	96450	22150	61711	80571	106760	24430	118070	88491	92290	66080	74180	113970	39560	96521	52980	93050	57880	71130	122671	75541	109350	119130	90191	71400	75160	28900	92810	109510	64630	86680	82581	54320	25090	22490	67870	66531	
47910	48361	116110	106580	130150	15650	27180	31060	72290	91800	71490	33540	116740	14200	106700	87590	25180	12890	33840	56970	111280	55900	108820	71350	49460	99430	67430	35740	80440	130450	27410	43990	52100	45390	32890	42380	77160	0	98490	57870	61250	96690	43380	28290	44880	59920	51990	28060	70951	73570	40660	43500	106390	51580	107100	93650	62770	19810	66690	38000	123270	119780	77641	113240	7790	83500	26220	51080	106470	13970	43890	69530	56620	58200	53240	26260	
51130	109390	51670	17860	67810	96140	103040	115640	35170	71710	106620	122110	68980	108390	54040	26730	81810	105740	68290	42480	87200	69200	118810	117341	135800	85450	99210	125880	98810	73070	73590	117490	145330	76420	68600	58790	40980	97730	0	113710	129790	40380	59270	87700	134550	61940	142200	94910	82820	105400	105520	123130	14530	94930	13610	132370	97200	83270	121070	75390	75510	85900	129511	36400	98240	66450	102740	137300	30790	103480	80990	93900	46840	47900	61790	77530	
78220	105211	154550	130450	170240	42850	82860	82220	106831	134980	30790	82090	98240	48940	99000	118650	44010	59730	57840	84910	82460	47730	154610	121370	86890	70090	113260	40990	125920	174030	52210	95380	65030	39670	59310	59840	113911	58770	113730	0	112990	133840	55380	33550	82030	100880	77450	30260	45390	119400	97091	25590	127880	25940	121270	143960	108600	43960	9820	40130	104770	91000	131470	112980	63230	126510	32720	89640	110360	45060	34700	114490	91161	92751	53970	47660	
81540	21790	129541	133010	136461	75420	39980	32430	98630	92801	134780	32310	168420	67430	157130	113930	85300	53500	84520	90700	166631	111081	102991	41030	34440	155581	52330	79330	75701	134521	80330	18410	75550	105510	79540	93120	96930	61710	130410	114800	0	113370	96940	88530	38380	74160	55500	87740	127871	56010	29260	94690	132820	111810	139810	59810	48050	79930	123830	98120	174950	175131	32050	150800	56030	89111	81470	30760	144030	68860	104010	63791	85530	84030	108740	86090	
56280	92670	19420	26630	36530	102290	91620	107600	30020	34780	132410	114200	105270	110220	90330	17690	90491	103080	76181	52310	122290	91490	81880	90991	127890	118950	72860	129920	63010	40990	80521	106030	142700	97810	73741	77561	22190	96720	40340	134380	112580	0	79260	100321	126640	40260	137950	108241	106410	79050	90860	134141	29890	115690	44630	106020	70850	90880	143480	95291	111800	122460	103161	68690	95040	31310	112560	129390	65110	106430	101750	61900	44820	42290	83760	86281	
26430	74810	98660	75120	113300	36870	61090	71390	51690	86311	55550	75851	75470	49120	65430	63320	22540	52251	13140	30210	73410	19940	116960	88900	91550	63690	79950	66610	89350	119820	16880	80600	86450	19920	17430	4750	61770	43570	59280	55260	95210	79240	0	28430	87191	53400	91590	36350	38370	86140	70460	64570	73430	36480	66820	111300	76190	24000	62620	16940	82000	81560	98810	71360	49470	77081	44180	93050	64780	44210	22540	78440	39360	41440	12500	18260	
46520	72030	120541	103000	135571	14360	51780	57000	74511	101860	44900	59480	94740	26440	88230	89811	11690	35170	26290	54280	86360	33450	121910	88720	73740	74050	80610	39830	93220	140031	19890	69930	63770	22940	26990	30330	81591	27780	87620	33970	87190	101121	28340	0	68880	68230	68910	9270	44950	86750	64430	37490	101770	24990	95160	111310	75950	11310	42790	14520	101270	94860	98820	97410	34310	93560	17100	76490	93120	21530	17460	81840	58841	60431	34600	15340	
84690	46060	145480	140290	155001	55120	36300	20740	105910	115120	109350	13150	160970	43900	150930	121210	69410	35540	76620	93750	151080	100080	130000	72060	5450	138770	81900	46500	102390	154530	70630	26700	38700	89570	73000	85600	106530	44530	135270	81810	38530	126060	87110	68860	0	88030	22620	64540	109670	87040	44600	62390	140100	89500	144270	96700	77240	64040	90630	81740	168810	159580	69710	154240	39330	107580	57900	8200	147470	46910	84680	91480	92090	91310	97470	70490	
31250	53610	59680	61180	71240	67050	52900	68880	29580	33980	108900	76020	119890	73190	105630	41530	59110	65210	46860	32650	121440	72650	67530	56181	89710	111720	38050	94460	43990	72630	49140	66920	104800	71760	43640	49610	24170	59690	61780	100870	73520	40260	53510	68600	88460	0	100080	75970	90140	44240	51510	98570	62040	87640	74220	71210	36040	57370	109970	66480	124390	129590	68351	89150	58010	25680	77410	91210	82380	71190	73630	33050	21930	18150	64920	54900	
92340	67270	157040	151300	168891	55580	51850	40300	116720	128920	105160	32710	162420	44360	152850	132020	71750	39760	83721	101400	151410	101130	144660	93270	26750	139100	99150	37390	116190	168420	76911	47910	20950	90620	80160	91131	117930	52000	143210	77520	55520	137460	91730	69320	22780	100080	0	64870	110000	105340	64800	52260	151110	89830	151920	115470	94490	68840	81770	82200	170840	159910	87570	161890	46800	121350	57940	25810	155120	47370	85140	105280	101050	102140	99390	75260	
54480	75261	128400	110960	143531	13060	54080	56750	82471	109650	45330	58410	98270	23620	93740	97771	19650	34260	34250	62240	87000	38890	129750	95260	69620	74690	88030	31360	101060	147991	27850	69910	55780	28530	34950	38290	89450	28980	94750	30260	87170	108980	36300	8820	64760	76020	64790	0	45590	94170	67960	28220	108900	25420	102290	117790	83370	19100	39080	21110	104800	95500	104541	103360	34450	101350	8100	72370	100250	19590	21380	89630	66801	68391	40550	23300	
59790	106482	129500	99920	146400	57690	91830	100801	82820	122260	24350	103281	53480	69000	55580	90540	49170	79160	47680	61810	41760	21720	153132	121612	115000	29450	113502	76740	124802	150860	47890	111340	101160	26420	52100	42481	92910	71211	82440	45140	126882	107020	38631	45030	110140	90180	110170	45650	0	119642	101890	65280	96590	27480	87180	144202	108842	52920	48970	35620	60010	50260	131712	72540	78111	112830	53480	117750	71460	64590	30110	113522	70960	73040	29840	47450	
67340	41910	91970	103520	98890	80450	53140	68530	72870	55230	129850	75920	157250	85370	145960	83870	78000	74950	74640	73810	156751	101201	65420	24170	87740	145701	5970	104200	38130	96950	71270	60740	110510	97310	69660	81990	66000	71870	105070	118640	56090	78360	85890	86330	87080	44240	105230	92770	117991	0	44010	111990	104380	109150	117510	37320	11820	75100	127740	89920	163780	165140	38980	132602	68100	51540	90820	86850	125832	84590	97070	26220	65130	61602	98160	77030	
56620	8540	108251	108090	116021	55050	15280	26080	73710	76040	109270	32620	143150	52710	131860	89010	59260	38240	58420	65780	140531	84981	87110	33590	45110	129481	38370	66130	59820	115550	54180	18720	71990	80220	53440	67750	74330	40100	105490	96950	28940	91320	70840	65380	44450	51840	64560	67460	101370	44560	0	81440	107900	88670	114890	58220	33510	55410	105770	72830	149680	149031	37820	125880	34690	68600	65210	45240	119110	52600	79410	47910	60610	59110	82590	59940	
81190	88251	154400	139150	169780	32290	67070	64390	107580	130630	54700	63870	118310	31160	115840	122880	46870	43170	61330	88220	104540	63430	149320	112971	67340	92170	107100	16520	120630	169600	54830	77590	39820	53070	61660	66480	113880	44260	122940	25510	94740	133690	64490	37010	62480	98310	52240	28190	65180	113240	81301	0	137090	42780	130480	135660	102440	44180	29760	49300	124840	113080	117531	129190	48370	121890	21760	70090	126570	30370	45920	109200	91910	93490	66620	50380	
60170	111630	37880	3600	54020	109680	105320	121300	36280	64430	120810	127900	76210	118180	61270	21120	94890	113030	79050	52510	94430	83390	111530	116281	141590	97830	98150	137310	92660	59280	85270	119730	153050	90610	78490	72870	39600	105430	14530	127900	132030	29650	73460	101890	140340	61720	149730	109100	97010	104340	107760	137320	0	109120	14820	131310	96140	96200	135260	89580	82740	93130	128451	39630	105530	60930	116930	143090	36050	113820	95180	91520	51520	49850	75980	90580	
61920	96140	135880	112340	153110	37670	75890	81110	88910	121991	23040	83590	80600	48980	79040	100540	33020	59140	41650	67430	67130	28510	146070	112830	94980	54760	104720	55310	117380	158450	40290	94040	79730	21300	45950	41730	97770	51890	95620	25820	111300	116460	37270	25010	90120	88000	90150	25630	27470	110860	88540	42650	109770	0	101790	135420	100060	35420	30750	22560	87130	75670	122930	93020	58420	112761	33460	97730	90400	44570	16590	105950	74900	76980	35600	36450	
60130	118880	52540	18200	68680	103680	112200	124640	46130	79090	111440	131110	63900	115930	48960	34330	89350	114740	75830	51270	82120	74910	126190	128301	145080	85520	110170	133420	106960	73940	81130	126980	153260	83960	77390	66330	51940	106730	11300	121250	139280	44310	66810	95240	143830	72910	151290	102450	87640	116360	115010	130670	14830	101780	0	143330	108160	90810	128330	82930	70430	80820	140471	26200	107240	74600	110280	146580	22620	111020	88530	104860	56330	58860	69330	85070	
94360	53480	118990	130540	125910	104720	71010	83040	99890	82250	154790	87870	182710	106400	171420	110890	102270	94300	98910	100830	189591	126131	92440	26810	94470	170631	34090	122991	65150	123970	95540	70450	128851	122250	93920	106910	93020	92900	132090	143580	60030	105380	110810	111270	96790	71260	115930	117050	142921	36720	58531	136270	131400	134090	144530	0	37930	99370	152680	114860	189240	190181	29940	161082	87600	78560	115100	90790	154312	106290	122010	53240	92150	88622	123280	101300	
60000	31330	84630	96180	91550	70720	43000	58390	65530	47890	120120	65630	148420	75640	137130	76530	68270	64810	64910	66470	147021	91471	58080	21800	77470	135971	5750	94060	30790	89610	61540	50470	100370	87580	59930	72820	58660	62140	97730	108910	48020	71020	76720	76600	76810	36900	95090	83030	108261	11940	33240	102250	97040	99420	110170	37870	0	65370	118010	80190	154950	155521	34220	125262	58110	44200	81080	77240	118492	74860	87340	18880	57790	54270	88990	67300	
37450	62410	109870	95500	124510	14180	42460	50400	64620	91120	55000	52880	97120	26430	87080	79920	5560	30460	17590	44480	92410	36710	110700	77740	68800	80570	69870	44400	82010	127700	11090	61970	63760	26630	17920	25370	70920	19840	83040	44070	79230	90450	23760	11800	64220	57490	68900	19170	52400	76010	55110	44030	94600	35090	90580	100320	65210	0	52890	19240	103650	100920	87650	94720	27030	82820	22870	70420	88540	21520	25130	71100	48950	50530	33620	6640	
86620	113611	163850	138070	179790	51250	91260	90620	114640	144530	30120	90490	97880	57340	104420	126270	52410	68130	66240	93160	79020	54930	164120	130880	95290	66650	122770	45790	135430	183540	60610	103780	69090	47290	67710	67460	122950	67170	121350	9420	122690	143390	63000	41950	90430	110410	81510	38660	49190	128910	105491	29650	135500	30740	128450	153470	118110	52360	0	48290	104410	87560	140980	119680	71630	136060	41120	98040	117060	53460	42320	124000	99561	101151	61590	56060	
41280	78360	115330	91790	130990	28550	61300	69160	68360	101171	41890	71640	81970	40630	74450	79990	16300	48800	20900	46880	75050	19670	126900	93830	87560	63200	85720	52760	98380	135450	19540	80810	77180	9160	25200	21180	77130	38680	75070	40110	98070	95910	16720	15080	82980	67250	83100	21670	35030	91860	73540	49890	89220	22310	82610	116420	81060	20050	48450	0	88500	83550	103930	83630	45870	91931	29510	89180	80570	35720	8280	86950	54260	56340	20820	18560	
96720	152400	120280	86470	136420	113830	142010	152310	101360	142640	79890	155661	7790	126080	22170	98410	99800	132061	94980	96510	29810	69640	188551	167070	172180	37860	157280	135640	165881	141680	98070	160280	160720	79990	99290	85700	109520	122820	75730	104740	173330	112050	81860	101350	167600	124880	169030	104550	61000	163470	148510	125110	83140	87310	71170	189470	154360	103370	104091	88850	0	25390	176980	48060	129280	136810	112380	173800	50000	121170	84710	155770	105660	107740	71340	97630	
98680	153353	131030	97220	147170	107470	139582	149882	108640	151330	63780	152601	19680	118780	32780	109160	97261	128940	94632	100700	9140	68820	193871	168483	167880	20890	159640	126150	170530	152430	95642	159353	150570	74531	98960	85370	118730	119641	86340	91330	173753	122800	81530	94810	159920	129950	159950	95430	50130	165830	148843	112600	93750	75340	81780	191073	155713	100942	87241	83711	25950	0	178583	58670	126831	145140	103260	170601	60610	114370	79251	158130	109850	111930	70850	95202	
82280	29300	116111	127661	123031	91930	51190	56890	97011	79371	142260	61720	170180	88750	158890	108011	89740	74150	86380	91440	169151	113601	89561	16030	66290	158101	35960	102040	62271	121091	83010	44300	105840	109720	81400	94380	90141	76530	129211	131050	31850	102501	98280	98740	70230	68381	87350	104340	130391	38590	37510	117350	128521	121560	140550	29600	33570	86840	140150	102330	176710	177651	0	151620	71120	75681	101550	62610	144810	88940	109480	50361	84090	82590	110750	88770	
69720	129700	76810	43000	92950	107140	121790	134230	63240	103010	96890	140700	41210	119390	26270	58030	92840	120831	79860	61830	59430	66250	151900	142890	154670	63780	126430	134650	128840	98210	84790	137800	156750	77390	84150	69990	71400	112320	34300	113030	150100	68580	70470	97110	153420	89160	160880	103560	73720	132620	125830	129170	39670	93050	26080	160311	124420	94300	119600	84070	47740	58130	152800	0	116830	98280	111390	156170	10080	114480	84570	121430	68560	71960	63460	88560	
47710	42831	114150	106380	127761	21430	21650	25270	72090	88640	77510	27750	122810	18550	112770	87390	31890	8680	38460	56770	117990	62400	105420	66230	43670	106140	63620	37930	77040	127290	32470	38200	48270	52100	34840	47440	75200	7070	98290	62790	55460	94730	48950	34310	39090	57960	46200	33840	77441	69810	35540	47970	106190	57600	106900	88530	58960	26520	71610	44710	129340	126490	72111	116870	0	80340	31050	45290	110100	18440	50040	66130	56420	58000	59310	32970	
53910	70530	42340	57860	49210	90550	71780	87760	40000	9410	132571	95360	130040	96690	115100	41740	84540	87220	71361	54250	140700	94250	53830	64181	109230	134130	46050	116470	34220	47270	74570	85050	126810	94891	68921	72741	28720	83190	66360	126490	89431	31300	76641	94030	107800	25790	122090	101400	112390	52240	69040	122080	61120	111881	74750	79210	44040	82800	135590	90471	136570	145770	76351	98170	80070	0	100910	110730	91400	94690	97511	32580	43530	39750	86520	80330	
60200	72251	131840	118250	147650	11300	51070	50430	86590	109280	53070	51940	106010	17150	101480	101890	25880	27940	40340	67230	94740	46630	128240	93340	63150	82430	86110	24230	99550	148250	33840	63590	48650	36270	40680	46030	92890	27220	102490	32460	80850	112420	44040	16560	58290	77320	57860	8200	53330	92250	65301	21490	116640	33160	110030	115870	81450	23190	41280	28850	112540	103240	101531	111100	31440	100900	0	65900	107990	13270	29120	88120	70920	72500	48290	29390	
87100	46400	147890	142700	157411	62800	38710	23220	108320	117530	117030	17750	166930	51580	156890	123620	75370	42160	80810	96160	161690	106040	131500	71980	4040	149380	82240	54180	104210	156940	76240	27040	45960	95530	76550	90140	108940	50490	137680	89490	30950	128470	92970	76540	8220	90440	25910	72220	117350	86960	45440	70070	142510	97180	146680	90760	77580	70000	98310	88140	174770	170190	63000	156650	45290	109990	65580	0	149880	54590	92360	92300	94500	93720	103430	76450	
63430	123410	73370	39560	89510	101800	115500	127940	56950	97820	96350	134410	43110	114050	28170	54000	87470	115461	74490	55540	61330	63590	145720	136520	148380	64800	120140	131480	122550	94770	79420	131510	151380	74730	78710	64620	65110	106950	30860	110370	143810	65140	65100	93300	147130	82870	154590	100390	73180	126330	119540	126510	36230	90390	22640	154021	118130	88930	116940	80870	49640	60030	146430	10010	110540	91990	108220	149880	0	109140	81910	115140	62270	65670	60800	83190	
55790	59651	125420	114460	140060	8240	38470	37830	80170	102680	63660	39640	115080	4910	105510	95480	24410	15340	38870	64370	105330	53790	121170	83550	52210	93020	79590	23490	92480	141600	32370	50990	42240	43280	39120	46380	86470	14730	103670	44720	68250	106000	44390	21980	47350	70800	47380	19250	63920	85730	52701	30390	114270	43750	111210	105850	74930	21720	53540	34860	121610	113830	88931	114770	18840	94380	12980	54960	109170	0	37800	81570	64500	66080	52050	27920	
47310	84730	121270	97730	138500	30890	66300	73530	74300	107191	36070	76010	78110	42970	73190	85930	21650	51700	27270	52820	70710	18290	133270	100200	90270	58860	92090	52340	104750	143640	25910	85810	76760	7930	31570	27120	83160	43680	81010	34710	103070	101850	22660	17420	85410	73620	85440	21250	30210	98230	78950	46010	95160	16160	88550	122790	87430	25050	42300	8140	84640	79210	110300	84140	50840	97961	29080	93020	81520	38060	0	93320	60290	62370	21440	24210	
58830	46730	72890	88410	76870	78120	55580	71560	61590	33210	126410	79160	150260	83150	138390	71920	74560	73210	68730	65110	150000	96211	39200	39061	92340	140280	20930	102460	12320	74930	67830	65340	111520	93870	63950	75000	54180	69650	93790	115200	64311	61850	78900	82890	91600	33670	106240	90260	113001	27120	47700	109780	91670	105710	105300	54090	18920	71660	124300	86480	156790	158150	51231	121460	66080	32460	88480	92110	114690	82260	93630	0	54820	51040	91170	73590	
12990	64330	64030	51600	78670	60000	57980	72130	17970	53030	91680	78600	97540	68500	84980	33270	48201	63350	33300	12000	100550	52330	85661	74990	92290	90830	59460	87630	62991	83130	38231	72430	102940	56830	31451	34560	25080	55750	46800	90240	84740	44610	38260	58031	91040	22190	99620	65951	69820	65650	60460	91430	51410	73390	56200	92620	57450	48590	99060	52410	104070	107750	84900	68500	55850	43800	70270	93790	61730	64140	59450	54460	0	5050	44600	43991	
15800	62880	61400	49970	76040	60930	56570	72550	15590	48820	93981	79150	100350	69430	88120	30890	49131	64280	34821	15140	103370	55140	81451	73381	92840	93650	55250	88560	58781	80500	39161	70980	103870	58351	32381	36201	22450	56680	47590	91301	83280	41980	40101	58961	91590	17980	100550	66881	72630	61440	59010	92360	49780	74911	58920	88410	53240	49520	100121	53931	106880	110560	83280	71640	56780	39590	71200	94340	64870	65070	60971	50250	4420	0	47410	44921	
34290	87340	103080	78980	119970	44530	72710	83010	57790	95520	48600	86361	65290	56780	55250	67180	30500	62761	25650	36310	63230	9250	128282	101450	102281	53510	92400	72300	102990	124430	28650	92220	94110	15820	29960	16380	67870	53520	61870	55030	107740	83660	12530	34500	97701	64680	99250	41210	29170	98590	82650	67600	76020	35840	69410	123850	88720	34070	62040	21720	71820	71380	111360	63370	59980	86290	49040	103901	60750	51870	23000	90890	45460	47540	0	28330	
32300	64490	106321	91080	120961	20240	48760	56760	60291	88630	55510	59240	91500	32490	81460	75591	5200	36820	12070	40060	86800	31090	112680	79720	75160	74950	71850	50460	83990	124660	5670	68270	69820	24570	12770	19750	67371	26200	77420	47370	84890	86901	18140	15030	70580	55000	74960	22950	46780	77990	59670	50090	90180	35600	84960	102300	67190	6630	56190	17180	98030	95290	89630	89100	33330	80330	28930	76780	82920	27580	23550	73080	44621	46211	28000	0	

0	                                       Leatherhead	0	0	32400	0

1	                                            Epping	500	5586	20186	1000
2	                                          Hailsham	281	5641	17890	562
3	                                          Brighton	321	13290	24527	642
4	                                           Bexhill	413	14933	19140	826
5	                                      Beaconsfield	402	17263	24712	804
6	                                       Potters_Bar	186	6213	17568	372
7	                                Welwyn_Garden_City	325	8044	21424	650
8	                                       Maidenbower	793	7603	14222	1586
9	                                      Paddock_Wood	762	17071	28022	1524
10	                                          Thatcham	252	9269	23342	504
11	                                          Codicote	681	17503	26845	1362
12	                                           Fareham	606	17380	21495	1212
13	                                           Chesham	333	13085	17426	666
14	                                            Havant	216	5947	7988	432
15	                                    Haywards_Heath	551	14133	27627	1102
16	                                           Windsor	629	2958	10410	1258
17	                                     Kings_Langley	329	4310	17952	658
18	                                          Chertsey	559	5790	11474	1118
19	                                           Dorking	103	14145	27751	206
20	                                         Eastleigh	443	16494	26601	886
21	                                             Fleet	813	12525	19108	1626
22	                                         Sheerness	125	6305	20294	250
23	                                        Billericay	464	16469	26935	928
24	                                        Letchworth	811	10379	13991	1622
25	                                        Winchester	424	13344	24264	848
26	                                             Grays	611	5847	15472	1222
27	                                         Aylesbury	320	10632	24986	640
28	                                         Rochester	140	16860	19879	280
29	                                          Hastings	241	19992	27047	482
30	                                           Staines	681	18822	25294	1362
31	                                              Ware	499	21306	26127	998
32	                                         Bletchley	827	6543	18714	1654
33	                                        Crowthorne	806	7523	22148	1612
34	                                        Shepperton	659	13469	15869	1318
35	                                            Woking	811	3757	16563	1622
36	                                    East_Grinstead	414	18972	27317	828
37	                                     Rickmansworth	706	2188	16748	1412
38	                                          Steyning	567	14868	26279	1134
39	                                       Wallingford	267	7836	9837	534
40	                                 Bishops_Stortford	276	14318	24290	552
41	                                          Uckfield	632	6630	11397	1264
42	                                          Knaphill	570	7251	12494	1140
43	                                        Maidenhead	289	8153	13551	578
44	                                           Hitchin	329	4163	14040	658
45	                                       Biggin_Hill	498	8227	11080	996
46	                                          Ampthill	210	8858	18389	420
47	                                            Marlow	724	19421	26224	1448
48	                                       Basingstoke	810	5351	8017	1620
49	                                           Tilbury	618	21823	24909	1236
50	                                     Waltham_Abbey	573	6410	19597	1146
51	                                             Thame	289	7926	10559	578
52	                                              Hove	479	3289	10630	958
53	                                           Reading	552	25613	28538	1104
54	                                          Worthing	142	23321	29069	284
55	                                          Rochford	691	13125	23430	1382
56	                                    South_Ockendon	446	9025	16402	892
57	                                            Slough	650	20237	27614	1300
58	                                            Didcot	792	9181	15434	1584
59	                                         Bracknell	604	5410	20293	1208
60	                                           Gosport	229	16278	26566	458
61	                                       Southampton	246	9524	18533	492
62	                                        Chelmsford	748	3921	18861	1496
63	                                      Bognor_Regis	580	16685	21735	1160
64	                                           Watford	253	11980	25749	506
65	                                         Tonbridge	214	21948	29680	428
66	                                      High_Wycombe	249	20391	29479	498
67	                                           Baldock	559	15740	23287	1118
68	                                           Barnham	404	13272	21830	808
69	                                          Amersham	252	3148	10389	504
70	                                         Wokingham	692	12050	16978	1384
71	                                         Gravesend	441	22909	24995	882
72	                                           Reigate	452	21613	26290	904
73	                                           Redhill	467	4261	18717	934
74	                                       Farnborough	367	14613	21912	734
75	                                       Old_Windsor	802	19131	22721	1604
