75

6350	3650

20	90

0	60520	75030	79741	26330	66180	61240	60610	56880	15440	67910	69051	82870	37320	49220	51460	50910	94490	39690	41110	47930	43770	62810	91240	29760	67210	72890	50681	51320	87290	34910	48990	62650	21390	98060	29970	36010	23360	86630	69580	84670	23970	93791	38910	64790	78590	20240	71370	97011	30360	62710	71450	20840	25880	76111	82470	69480	99850	43120	59290	19980	77920	51860	79060	48280	50750	61410	47920	39160	36560	50010	66730	90261	63560	92940	46510	
57820	0	28350	135821	84140	13350	111850	21210	100001	67600	125720	125131	38120	44120	107030	107880	9950	34240	50630	78540	46730	101580	11140	148960	42020	76080	46840	106761	84031	45870	51350	106800	85370	68580	42550	82990	93820	81170	73180	21080	39920	78600	111570	94430	77730	109980	63980	129210	147310	88170	22630	129260	76930	70600	132191	72290	127420	111220	54630	64440	72820	81750	12800	51900	67840	108560	90860	43090	96970	94370	40250	124570	141480	56460	58130	99270	
72950	28380	0	140110	96540	15700	131960	19130	123331	85760	136330	127660	10620	67450	114130	114761	34670	31450	73960	73550	72590	114550	39370	162080	64010	101940	74650	113561	107361	18150	49870	119770	74760	89060	25030	100900	106490	93840	100990	9370	12420	94690	91950	95070	103590	102570	85970	142060	167851	100840	50440	138700	83220	93010	136630	99540	140320	91600	78330	90300	74330	61880	38850	28120	60270	118050	115400	68950	109940	106750	66110	137420	161101	83660	30790	117230	
80251	135921	140880	0	65980	137930	93550	128460	108160	81100	31490	14620	149850	113311	41300	37500	126301	170940	112771	67460	122261	77000	138211	112970	106481	133010	149561	32180	110460	147480	90880	73940	79040	88720	165560	85100	73120	71180	160160	135430	150040	81700	96470	45030	126610	59340	89710	51500	121380	66580	138111	26090	60571	92750	5530	156000	90620	104150	115680	131850	67940	100921	127251	130490	83050	46250	120280	123951	73730	53910	126041	42200	114630	137430	148480	92960	
26720	83990	96430	66310	0	89650	46260	83920	46550	21060	46910	55600	105630	52651	32630	35350	74380	117960	50960	54150	59931	22120	86280	70991	49390	69780	87231	37230	47290	108690	55500	27020	74051	27690	121530	21930	14620	7380	97700	90980	107430	17900	102622	34260	63440	81170	29010	46730	77292	7600	85450	51260	23030	31360	62680	93540	48691	109822	53220	68980	31290	94830	75330	99650	65190	29690	57110	62261	17190	14600	65091	44770	70542	74970	114340	31530	
63530	13370	15700	137460	89850	0	121890	12490	110041	74850	133660	125010	26130	54160	111460	112091	20740	32130	60670	75090	58530	110020	24360	157620	51090	87880	59640	110891	94071	33660	49050	115240	80860	77650	33850	90380	102260	86880	85980	8510	27930	85860	99930	93290	89530	105480	73050	137650	157350	93880	35430	136050	80550	80090	133980	85090	135860	99580	65040	76240	71680	69860	24790	39330	63340	115380	101810	54890	105410	102810	52050	133010	151520	69260	45760	108340	
61820	111950	131850	93290	45910	122070	0	117190	15520	48630	64680	87760	141050	68240	62620	65790	102150	146700	62560	93120	69220	26740	108430	35880	71830	52610	92070	74300	31590	144110	90920	25690	115440	45050	154540	34890	34350	40820	84250	126400	142850	39080	145501	75330	46270	120460	49580	52460	42090	39841	99590	69140	62870	48520	89660	80220	22760	152692	59740	58930	70770	133040	102160	135070	103400	54490	33800	71880	31150	50730	75900	57320	35340	74140	149760	15830	
57990	21110	19020	127720	84150	12540	117140	0	108771	69310	123940	115270	28130	52890	101740	102371	21340	40670	59400	62890	59620	101750	31760	149350	49390	89950	64670	101171	92801	32720	37860	106970	68670	72610	41040	84840	93990	81340	91700	10900	29930	80320	93570	82810	90230	93280	70020	129380	154550	88340	41330	126310	70830	77060	124240	87540	127590	93220	63770	78310	61960	63500	25940	33480	51140	105660	100840	56960	97140	94360	54120	124740	148371	71670	42790	102900	
56570	100351	122781	107900	46200	110471	15530	109201	0	42660	79290	99110	133831	56831	71490	74660	90741	135101	51151	89230	57811	32240	96831	48720	62001	38100	77090	80740	18200	138990	87030	36100	111550	38110	142941	27950	39080	41110	69610	115511	135631	35260	141611	78670	31760	123220	42640	67070	45930	43710	86920	83750	61460	41370	104270	65580	37090	148811	48331	44760	66880	129150	90751	131180	99510	63990	19030	60471	37640	57570	64491	71930	40100	59970	144640	16120	
14400	67710	85800	81430	21540	74890	48730	69320	42720	0	64080	70720	93640	34281	47770	50490	58100	101880	32590	50030	41561	36080	67840	81700	28740	55760	68861	52350	38830	98060	46750	41670	72350	9490	106770	15940	28320	16090	79460	79830	95440	11420	102411	41160	53340	85350	10640	66360	86441	24150	64800	68430	23590	13560	77800	75300	59940	109611	34980	51150	27680	88870	59030	90280	59230	46860	48920	43891	32810	31770	46721	61940	79691	56730	103710	34000	
68550	125820	135830	31670	46400	132790	64940	123320	79550	63510	0	26140	145030	95101	26190	28730	116210	159790	93410	74190	102381	48390	128110	84360	91840	109230	129681	30620	87920	144690	88760	45330	87960	70450	161550	63350	45660	51850	140280	130380	146830	60660	110430	48560	102600	74420	71460	22890	92770	43720	128010	6610	52400	74120	28040	136120	62010	118150	95800	111740	63841	109841	117160	131060	89780	18770	95440	104711	45970	35670	107541	13710	86020	117550	147020	64350	
70351	126021	127750	14620	56030	124800	88120	115330	99550	71150	26060	0	136720	103401	31620	27840	116401	155720	101710	55190	110681	68270	128311	107540	96581	123000	137981	20160	100510	134350	78420	68510	66770	78770	152430	75150	63170	61230	148580	122300	136910	71750	89240	32760	116660	52080	79760	46070	115950	56630	128211	20660	50671	82800	10990	144420	85190	96960	104100	120270	55670	88651	117351	117550	70780	40820	110330	113011	63780	43960	115841	36770	109200	125850	135790	84530	
80850	38140	10750	148950	105830	26250	141250	28400	134511	93660	145620	136500	0	78000	123420	124051	45220	30260	84510	79110	83140	123840	49130	171370	74560	112490	84300	122851	117911	13180	57770	129060	79100	96960	17790	108800	115780	101740	109990	19920	4540	102590	94990	104060	114140	107590	94370	151350	177141	110130	60200	147540	91120	101410	145470	109860	149610	89910	88880	100850	82230	65360	49400	27340	65620	127340	125950	79500	119230	116040	76660	146710	170391	94030	25930	126520	
35580	44040	66470	112771	52901	54160	68480	52890	56821	33881	95441	102081	76900	0	79701	82421	34430	76520	6940	74500	10950	64601	40140	103770	9400	37900	35910	83491	40851	84430	55870	70191	92640	28511	85850	43071	56841	47451	50140	59200	78700	39941	122460	71720	37820	111980	26181	97941	102051	55501	33010	99791	54150	28420	109141	45980	85080	128470	11820	26260	54840	102960	33920	86190	75110	78221	48580	10940	61601	63131	13590	93301	96221	27070	95500	57380	
50350	107470	114440	42370	32490	111400	62950	101930	71590	47940	25960	32110	123640	80111	0	5230	97850	141440	78420	51050	87391	39330	109760	84820	74620	99150	114691	13740	76660	123890	67960	39670	68630	55480	140160	51300	35050	37930	125290	108990	125440	48450	97201	25230	92810	64620	56470	35560	92670	32000	109660	29500	31600	59510	38740	121130	62520	104401	80810	96980	43041	90511	98800	110260	66640	11780	86480	89721	35360	20110	92551	28190	85920	102560	126220	56350	
51680	107920	114861	37970	35320	111821	66050	102351	74690	50770	28700	27710	124061	82941	5060	0	98300	141890	81250	48190	90221	42430	110210	87920	76960	101980	117521	9340	79490	122750	66820	42770	65770	58310	140581	54130	38150	40760	128120	109411	125310	51280	93370	22370	95640	60220	59300	38300	95770	35100	110110	32240	31880	62340	34340	123960	65620	101090	83640	99810	41821	87651	99250	109120	63780	14520	89310	92551	38460	22940	95381	30930	89020	105390	125080	59450	
48190	9930	34360	126191	74510	20800	102030	21440	90371	57970	116090	115501	44790	34490	97400	98250	0	43900	41000	75870	40660	91950	14390	139140	32390	70010	44430	97131	74401	52320	48680	97170	84010	58950	52210	73360	84190	71540	71460	27090	46590	68970	111030	85370	71660	108620	54350	119580	137490	78540	22570	119630	67300	60970	122561	67300	117550	110680	45370	58370	64780	81210	5540	54740	66480	98930	82440	37020	87340	84740	34180	114940	131660	51470	64050	89640	
91670	34390	31310	170870	117990	32150	146670	40780	134151	101650	159570	155500	30260	77050	140880	141730	43800	0	82900	100520	77790	135430	39540	218610	75870	105000	66550	140611	117881	41810	76110	140650	105290	102430	17520	117170	127670	115020	92240	31420	33170	112650	124280	123060	106650	131160	97830	164600	182130	122020	49150	163110	110780	104450	164470	93050	161270	119190	86620	93360	101730	92440	45880	56620	88660	142410	120810	74150	130820	128220	70530	158420	174910	81680	54260	134860	
37480	49460	71890	111831	51590	59580	62130	58310	50471	32570	94130	101141	82320	5940	78390	81110	39850	82420	0	76400	11070	60900	46040	97420	13260	32540	37730	82771	34501	89850	60130	66490	96900	25180	91270	38920	53140	45150	48880	64620	84120	36240	126720	71000	31930	113880	24500	94860	95701	51800	38650	98480	53430	23450	108201	44720	78730	132730	5300	22890	55830	107220	39860	91610	79370	76910	42540	12760	57900	61820	15590	91990	89871	25810	100920	51030	
40710	78450	73560	67570	53940	75190	92970	62940	88930	49880	73860	55420	80160	73960	50220	47940	75090	100700	76330	0	84570	72910	88190	121321	66400	104980	108960	45740	86360	76200	28100	75820	22900	58800	96840	61910	65410	53060	123270	69090	78730	55700	53900	26940	102510	39030	57790	83250	127121	59180	95440	69190	33150	62870	64090	119110	99021	60830	79790	97060	23150	44300	80230	59960	16790	58480	96180	84560	67980	50080	86650	76090	120371	100200	77950	78240	
45880	46950	73160	121181	60721	59140	69150	59660	57491	41701	103261	110471	83590	10780	87521	90241	41200	78170	11040	84800	0	70860	41790	104440	19690	31000	28590	92101	41521	91120	66020	76450	102790	35140	88560	48880	63100	55110	42080	65890	85390	46200	132610	80670	32630	122280	34001	104820	102340	61760	30950	107611	63100	33410	117551	37920	85750	138620	10620	19360	65140	113110	37000	92960	85260	86041	45550	3950	67860	70951	7970	101121	96510	18220	102270	58050	
44220	101490	114370	77200	21780	109500	26860	101580	32300	36110	48590	67970	123570	65051	39300	42470	91880	135460	60850	73490	70840	0	103390	50020	62650	61650	98610	49600	40630	126630	73140	6440	91941	36410	140090	27570	7970	21260	99480	108920	125370	26620	120512	50480	55310	95610	40730	39240	56580	14940	98061	53050	42370	40080	73570	95090	27720	127712	61940	67970	50630	113822	92830	118570	84530	32140	48150	73310	5450	25430	76140	41760	49830	83180	132280	17060	
60190	11150	39320	138191	86510	24320	108260	31620	96411	67720	128090	127501	49090	40380	109400	110250	14350	39030	46230	88440	41690	103410	0	145370	41710	71000	38160	109131	80441	56840	61250	109100	95430	68270	51860	82680	95650	83360	64500	32050	50890	78720	121810	97370	72650	120040	63670	131580	143720	90540	13950	131630	79300	68510	134561	64660	126680	121460	49950	59360	76780	91990	11020	62870	77900	110930	85820	38050	99340	96740	35210	126940	137890	49650	69100	97160	
91690	149240	163440	113310	70800	157730	35880	149980	48700	81470	84700	107780	172640	103730	84860	88030	138850	197172	98050	121140	104710	50060	145740	0	106100	86050	129660	96540	66280	175700	120610	47930	139161	78800	206062	68200	57670	68730	119700	157990	174440	71920	167732	97570	79710	142700	83330	72480	33280	63960	136900	89160	90780	82270	109680	115670	24410	174932	95130	95680	99040	161042	139470	167640	132940	76730	66980	107370	54470	72970	112120	77340	26530	111730	181350	49020	
27570	41980	63010	105701	49700	50700	71660	49430	61601	28610	92240	95011	73440	9110	74200	76900	32370	75950	14440	66490	19760	62570	41630	106260	0	45660	44350	76641	45631	80970	47810	68160	84580	26940	82580	41350	54810	44250	59180	55740	75240	37910	114400	64870	45050	103970	22340	94740	106831	52310	38590	96430	47300	29380	102071	55020	84760	120410	18590	35300	46830	94900	33190	82730	67050	75020	54201	19750	59570	59930	21370	90100	101001	36110	92040	57630	
65240	75810	102020	133400	69730	88000	52860	89610	38220	55910	109580	122640	112450	37410	99140	101860	70130	105970	32370	104930	31050	62090	70500	86160	45540	0	46380	104270	23740	119980	92410	65950	126470	46610	117420	47960	67600	62750	42370	94750	114250	55300	157660	96480	6610	140670	47520	99700	79270	67960	57920	114010	78910	44880	129720	37440	72170	163670	28130	12480	83000	139500	65860	122910	111650	93840	22750	33310	67490	81100	36600	102220	73440	26990	132000	45980	
70600	46910	74970	147941	87481	59970	93150	64470	78020	68461	130021	137231	84550	35720	114281	117001	44060	66940	37670	108740	28520	98610	37790	129910	44220	46420	0	118861	63200	92490	86710	104230	123480	62480	80050	76220	90850	82031	29630	67700	86540	73540	153300	106740	48500	146810	60761	132521	120790	89100	24430	134371	89170	60750	144311	29560	112560	153080	36730	34870	89860	123610	39370	97770	105950	112801	64580	25280	95610	97711	23190	127881	115720	20060	104750	84160	
52021	107691	114541	32150	37700	111501	74280	102031	81220	52820	31160	20200	123741	84851	13290	9510	98071	141661	83380	45930	92351	49940	109981	96150	78251	104670	119651	0	82180	121690	65760	51000	61360	60440	139770	56820	44840	42900	130250	109091	124250	53420	87090	20110	98330	53940	61430	46530	104000	38300	109881	26040	32341	64470	28520	126090	73850	94810	85770	101940	41501	83241	99021	108060	61520	22750	92000	94681	45450	25630	97511	39160	97250	107520	124020	66200	
49410	84061	106491	110800	47180	94181	31430	92911	17890	39060	87940	100090	116921	40541	76590	79310	74451	118031	34861	86590	41521	40480	80541	65990	45711	23670	62320	81720	0	124451	80890	44340	108910	29940	125871	25410	45050	40200	61500	99221	118721	32750	138971	76390	17330	120580	34580	78060	63120	45410	71181	92400	58820	32710	107170	57110	50740	146171	32041	29990	64240	126110	74461	123370	96470	71530	12270	44181	45880	58550	48201	80580	57290	45200	135521	24370	
85190	45760	18150	145900	108780	33650	144200	32820	139030	98000	143270	133450	13390	85400	122380	121850	52620	41990	91910	75150	90540	126790	56750	174320	81900	119890	92030	120210	125311	0	56920	132010	71210	101300	28470	113140	118730	106080	118040	25880	9000	106930	85090	100950	121540	99700	98710	150850	180091	113080	67820	144490	95460	105750	142420	117480	152560	80010	96280	108250	84400	57470	56800	19450	61660	126040	133350	86900	122180	116930	84060	145170	173341	101610	14760	129470	
33820	51290	50050	90690	55640	49100	91060	37850	87020	46820	88090	78310	57890	55570	67240	66710	47930	76080	61420	28090	66220	73350	61030	120820	47800	92640	87140	65070	81100	56990	0	78570	37670	51170	73560	60000	65590	52940	105640	44690	58080	53790	67490	46590	92030	62280	48580	95670	126591	59940	69140	89350	39570	55620	87210	101480	99060	73500	65570	81760	28490	48020	53070	44860	20140	70900	91190	66210	68740	62470	67200	89990	119841	82570	60110	76330	
49670	106940	119820	74060	26670	114950	25750	107030	36110	41680	45450	68530	129020	70621	39480	42650	97330	140910	66420	75380	76410	6410	109230	47900	68220	65460	104210	51060	44440	132080	78590	0	93401	41980	145540	33140	13540	26830	103340	114370	130820	32190	121972	51940	59120	97070	46300	35570	55470	19830	103631	49910	47260	45650	70430	98900	25600	129172	67510	71780	55520	115282	98280	124020	89420	31350	51960	78880	10340	26890	81710	38090	48720	86990	137730	20870	
62360	85410	75110	78680	74241	81050	115490	68800	111450	72400	87510	66530	79610	92390	67450	65170	84000	105570	97980	23080	103040	92171	95790	139131	84620	126630	123960	60780	108880	71400	37760	93611	0	81320	96290	84430	86051	75580	142460	74080	77590	78220	32420	44440	124210	28740	80200	100690	146981	78971	104170	82390	55620	85390	75200	138300	116831	38800	101440	118580	45670	22991	88600	52760	19330	76440	118700	103030	87681	67871	104020	93320	140231	119390	68940	100760	
19470	68530	88950	89310	27930	77250	45020	72470	38220	9690	70700	78600	96790	28971	55650	58370	58920	102500	25260	59070	35250	36460	68180	79150	27010	46690	62610	60230	29930	101210	50950	42050	80900	0	109130	14710	28700	20710	70830	82290	98590	11800	111451	50260	44270	94450	4650	69570	82350	27360	61981	75050	32690	4490	85680	66670	58120	118100	26350	42110	36720	96170	59740	93430	66530	53480	40020	37720	33460	39080	40550	68130	76520	48100	106860	30990	
95490	42710	25110	164680	121810	33930	154940	41130	143071	106810	162050	152230	17870	86150	139900	140531	52040	17360	92660	95940	88700	140320	52100	227840	83670	117560	79110	138990	126061	28510	73460	145540	95930	110110	0	122340	132260	118220	104800	31450	20070	117820	111820	119790	119210	124420	105630	167830	190400	125840	61710	163270	107600	112630	161200	105610	166090	106740	96720	105920	97920	82190	54890	44170	82450	143820	133000	85060	135710	132520	82220	163190	184570	94240	40630	140400	
29780	82900	100990	85570	21950	90080	34760	84510	27960	15830	63520	74860	108830	43561	51360	54080	73290	117070	38950	62290	48940	27580	82660	68580	41490	48070	76300	56490	25580	113250	60090	33170	84610	14710	121960	0	19820	14970	84380	95020	110630	8250	114671	52090	41730	96280	19240	61130	72090	20180	76571	67870	34520	18180	81940	80220	47550	121871	40040	51210	39940	102210	74220	104240	72570	46300	35400	51410	24580	33320	54240	60950	66260	61790	118900	20420	
36490	93760	106340	73490	14190	101770	34450	93830	38880	28380	46700	62780	115540	57321	35280	38450	84150	127730	53120	65900	63110	7950	95660	57610	54920	67680	90880	44410	45200	118600	65410	13540	85761	28680	132060	19840	0	13530	98690	100890	117340	18890	114332	45290	61340	90420	33000	41690	64170	7350	90331	51160	34780	32350	69860	94530	35310	121532	54210	69970	43040	106580	85100	109560	76940	29980	54180	65580	4950	20240	68410	42390	57420	75960	124250	23860	
23790	81060	93640	71480	7500	86720	40720	81130	41010	16110	52010	60770	101480	47701	37800	40520	71450	115030	45100	53450	54981	21170	83350	68640	44440	62750	82281	42400	40260	105900	52710	26760	75770	20660	118000	14900	13410	0	90670	88190	103280	10870	105312	37840	56410	84090	24060	50880	74411	8670	80500	56360	22330	24330	67850	86510	46880	112512	46190	61950	30590	94130	72400	96860	64490	34790	50080	57311	17470	19770	60141	49440	67661	67940	111550	25990	
84460	73350	101410	158950	97980	86410	84290	91300	69700	79470	141030	148240	110110	50310	125290	128010	70890	92500	48980	123380	42040	99810	64230	119770	59390	42300	29810	129870	61460	118460	105860	103720	142630	70790	105610	84330	98750	90760	0	94140	112510	81850	172890	118690	44930	161020	71330	135780	107840	97410	50870	145140	101120	69060	155320	5170	105850	178900	46080	34830	103520	150440	66200	124600	125100	123570	53000	42340	103510	108720	42500	138890	102850	26060	130540	83700	
67520	21100	9420	134680	91110	8560	126530	10890	116051	78920	130900	122230	19850	60170	108700	109331	27390	31390	66680	68990	65310	109120	32090	156650	56730	94660	67370	108131	100081	26440	44690	114340	73790	82220	31400	94450	101060	88410	93710	0	21650	89260	92470	89640	96310	99380	78690	136630	162421	95410	43160	133270	77790	85730	131200	92260	134890	92120	71050	83020	68900	62400	31570	31590	57240	112620	108120	61670	104510	101320	58830	131990	155671	76380	37250	111800	
82570	39860	12470	149200	107550	27970	142970	30120	136231	95380	146570	136750	4800	79720	125140	125150	46940	33340	86230	77660	84860	125560	50850	173090	76280	114210	86130	123510	119631	8990	58020	130780	77030	98680	20020	110520	117500	103460	112140	21640	0	104310	92530	104310	115860	105520	96090	153070	178861	111850	61920	147790	92840	103130	145720	111580	151330	87450	90600	102570	83950	63290	51120	25270	64170	129060	127670	81220	120950	117760	78380	148430	172111	95750	21740	128240	
24770	78660	94800	82130	18150	85840	39330	80270	35290	11590	60920	71420	102640	40471	48450	51170	69050	112830	36270	56070	46260	26680	78790	72300	38070	55350	73620	53050	32860	107060	53870	32270	78390	11830	117720	8270	18920	10930	81840	89350	104440	0	108451	45870	49010	90060	16150	59790	77041	17580	73481	65270	28300	15500	78500	77680	50540	115651	37360	53120	33720	95990	69980	98020	66350	43700	42680	48730	23680	30420	51560	58350	70291	59110	112710	24600	
93330	111470	92000	96580	102712	100110	145481	93600	141441	102391	110260	89280	94530	122140	95921	93540	110810	123720	127990	53550	132790	120642	122120	167602	114370	157600	153380	87080	138871	84480	67510	122082	32380	111311	111210	114421	114522	105122	172510	92820	91930	108211	0	72911	155180	38570	110301	129161	175452	107442	130980	105140	84621	115381	96140	168350	145302	10150	132140	148330	75661	32190	115410	69200	49080	104912	149771	132780	116152	96342	133770	120970	168702	149140	78710	130751	
38960	94340	94950	45240	34190	92980	75360	82660	77990	41160	48000	33090	104030	71670	24360	22080	85580	123050	71360	26820	80790	50360	97480	97230	65070	96350	107240	20130	76490	101820	46600	51800	44460	50080	119740	51880	45260	37330	118850	89500	104220	45830	73031	0	92640	47460	50930	57600	105080	38720	97380	43830	19160	54150	41760	114690	74930	80231	74530	90700	23850	66341	86530	85580	42410	32990	86310	82270	45870	26050	84360	50230	98330	95780	103570	62970	
62710	77460	102710	126950	63330	89650	46460	89130	31820	53380	103150	116240	113140	36930	92740	95460	70670	107620	31890	102400	32700	55690	72150	79760	45060	6550	48430	97870	17340	120670	91940	59550	123940	44080	119070	41560	61200	56350	44920	95440	114940	48900	155121	92540	0	136730	44990	93270	73470	61560	59570	107610	74970	42350	123320	39990	65770	161140	27650	14460	80390	139020	67510	122430	109570	87440	16910	34960	61090	74700	38250	95790	67640	29810	131740	39580	
78290	109960	103330	59460	80870	105600	120260	93350	123190	85290	74320	52090	108030	111540	64140	60360	108550	131360	113910	39050	122150	95260	120340	142130	103980	140480	147190	53900	120620	99620	62310	96700	28840	94210	124710	96170	90160	83630	161220	99500	106000	89960	38480	47290	136770	0	95060	94330	149980	83620	128720	69200	63290	98280	59020	156850	119830	47510	117370	134640	60500	50560	113150	80980	43970	73600	130440	122140	90770	70950	124230	85030	143230	137780	97160	109270	
18390	63960	84990	90610	30150	72680	49600	69970	42800	11130	72690	79900	94290	25781	56950	59670	54350	97930	24090	58230	33061	40820	63610	83730	22440	47520	60361	61530	34530	98710	48530	46410	79820	4680	104560	19290	33060	24700	70960	77720	96090	16160	110611	50890	45100	95080	0	73930	86930	31720	58610	77040	33320	7120	86980	66800	62700	117020	26480	42570	35880	95090	55170	90930	65450	55470	44620	35391	37820	40380	38221	70550	81100	48230	104360	35570	
71900	129170	142050	51820	46130	137180	52780	129260	67390	66240	23210	46290	151250	97831	35250	37790	119560	164600	93700	83520	103690	39180	131460	72200	94570	99460	132411	46300	78150	152040	96110	35560	101190	69260	167770	61080	41620	50840	135950	136600	153050	59470	129761	57790	92830	94570	73580	0	80610	42530	130841	27670	58840	72930	48190	131920	49850	136961	94790	107160	70780	123071	120510	138410	97660	24990	85670	106160	40010	38420	108990	11160	73860	116540	154370	54580	
98241	147680	169981	121760	77540	157800	42550	154900	46290	87240	93150	116230	179181	102071	92580	95750	137880	182430	96391	128451	101720	56800	144160	33810	107241	78890	119910	104260	63440	182241	127161	55650	146881	82690	190270	72530	64410	75281	107120	162840	180981	77701	175452	105290	73830	150420	87220	80930	0	70700	132780	97610	97331	86160	118130	103090	43920	182652	93571	87480	105591	168762	137890	174181	139491	84450	59560	105711	61210	80690	109731	85790	8070	100630	187891	54801	
30960	88230	100810	66870	7180	93890	40221	88300	43680	24240	43920	56160	110010	55801	32000	34900	78620	122200	51600	59360	61590	14850	90520	63721	52570	67910	88950	37790	45420	113070	59880	19750	78691	27160	125770	20060	7350	8740	97170	95360	111810	17370	107262	38670	61570	83800	31480	42790	70022	0	88630	48270	28550	30830	63240	93010	41421	114462	52690	68450	36810	100350	79570	104030	70710	26700	55240	64060	9920	14620	66890	41350	63272	74440	118720	28660	
60300	22580	50640	138301	85641	35640	99420	41440	86940	64880	128181	127611	60410	33030	109510	110360	22660	49270	38480	95660	30850	97341	13460	136530	38870	58060	24310	109241	71081	68160	69290	102931	104150	61251	62380	75811	89581	80191	50650	43370	62210	72681	131170	97480	59710	128760	58430	130681	133600	88241	0	131740	79410	61160	134671	50810	117840	130820	40180	46420	76890	101350	17740	74190	86620	110961	73500	27210	94341	95871	23590	126041	126330	36710	80420	87610	
72070	129340	138350	26070	51050	135400	69590	125930	84200	68160	6590	20540	147320	99751	29710	32250	119730	163310	98060	68990	107031	53040	131630	89010	96340	113590	134331	25420	92570	144950	89020	49980	82760	75100	163030	68000	50310	56500	144930	132900	147510	65310	105230	43360	107250	69220	76110	27540	97420	48370	131530	0	55920	78770	22440	140770	66660	112950	100450	116390	65341	104641	120680	131320	84580	22290	100090	109361	50620	39190	112191	18240	90670	122200	147280	69000	
20840	77070	83350	59831	23060	80310	62550	70840	61460	23560	52010	49141	91190	54070	31160	31880	67460	110940	53760	33250	63190	42030	79360	90441	47420	78750	89640	30771	58890	95400	39470	46930	55570	32480	107710	34440	34530	22180	101250	77900	92990	28230	84412	19000	75040	63190	33330	59510	96241	28300	79260	55550	0	36550	56201	97090	68141	91612	56930	73100	12980	75500	68410	83620	45860	34820	68710	64670	37100	23840	66760	53910	89491	78180	98870	47820	
23950	70470	91990	93350	31670	79680	48530	76950	41050	13780	74440	82640	101270	28100	59690	62410	60860	104440	23460	63220	33450	40200	68240	82660	29440	44890	60810	64270	32690	105690	55430	45790	85380	4480	111560	18220	32440	24450	69030	84720	103070	15540	115601	54350	42470	98540	7080	73310	85860	31100	61110	78790	36780	0	89720	64870	61630	122580	24550	40310	40870	100650	61680	97910	71010	57220	42780	35920	37200	43120	38750	71870	80030	46300	111340	34500	
76831	132501	136430	5530	62560	133480	90130	124010	104740	77680	28070	11190	145400	109891	37880	34080	122881	164400	109320	63870	118291	73580	134791	109550	103061	129530	145591	28760	107040	143030	87100	70520	75450	85300	161110	81680	69700	67760	156190	130980	145590	78280	96060	41440	123190	58930	86290	48080	117960	63160	134691	22670	57151	89330	0	152030	87200	103740	111500	127880	64350	97331	123831	126380	79460	42830	116860	120531	70310	50490	122621	38780	111210	133460	144620	89540	
80360	72050	99190	154850	93880	85110	80360	87200	65770	75370	136930	144140	109620	46210	121190	123910	66790	93250	44880	119280	37940	95590	64100	115840	55290	37480	29340	125770	57240	117150	101760	99450	138530	66690	106360	80230	94650	86660	5170	91920	111420	77750	168790	114590	40110	156920	67230	131850	103910	93310	50740	141010	97020	64960	151220	0	101920	174800	41980	30190	99420	146340	62100	120500	121000	119440	49070	38240	99410	104620	38400	134790	98920	21960	129170	79480	
70020	127930	141701	91170	48660	136220	22760	128300	37090	59830	62560	85640	150901	84890	62720	65890	117540	162180	79210	99000	85870	27920	126900	24340	84930	71900	112250	74400	50880	153961	98940	25790	117021	58150	167421	47550	35530	47060	105820	136251	152701	50280	145592	75430	65560	120560	62680	50340	43460	41820	118060	67020	68741	61620	87540	101790	0	152792	76390	78220	77001	138902	118360	145901	110901	54590	55370	88530	32330	50830	93280	55200	36710	94320	159611	28370	
99330	111240	91650	104340	110041	99760	152810	93250	148770	109720	117990	97010	89650	128140	103250	100970	110700	118840	133990	60670	138790	127971	121890	174931	120370	163600	153270	94810	146200	79600	73510	129411	38750	118330	106330	121750	121851	112451	178510	92470	87050	115540	10010	80240	161180	47460	117170	136490	182781	114771	130870	112870	91950	122710	103900	174350	152631	0	138140	154330	82990	31420	115300	64990	55080	112241	157100	138780	123481	103671	139770	128700	176031	155140	73830	138080	
40960	54500	77140	114520	53550	64830	59740	63560	48081	35040	96600	103810	87570	11190	80860	83580	45100	86090	5300	79880	10650	62080	49710	94980	18510	28300	36830	85440	32111	95100	65380	67670	101420	26360	96480	40100	54320	46330	45960	69870	89370	37420	131970	74260	27690	117360	26900	95670	93311	52980	40310	100670	56690	24630	110890	41800	76340	137980	0	18410	59090	112470	44150	96860	84620	79100	38330	13310	59080	64290	17330	94460	87481	23230	106170	48640	
57500	63990	90200	130810	69280	76180	59270	78130	44970	51330	112890	120100	100630	26210	97150	99870	58310	94150	22960	97190	19230	68500	58680	95980	35290	12490	34770	101730	30150	108160	81760	72360	118530	42090	105600	51090	70050	62060	34840	82930	102430	53150	148350	90550	14490	134670	42630	106110	87150	68710	46100	116400	72980	40360	127180	30160	78580	154360	18500	0	75380	128850	54040	111430	101000	94830	30630	21490	73900	80580	24780	108630	81320	16150	120180	52390	
19780	72760	74350	67870	31170	71400	70660	61930	66660	27610	63130	55720	82190	54460	42280	41691	64870	101790	55950	23230	65070	50140	76770	98551	46900	82800	90030	40491	64090	84410	28480	55040	45550	36530	97860	39640	42640	30290	103440	68900	83990	33430	75611	24000	80240	60410	35520	70710	104351	36410	76670	65551	13020	40600	64390	99280	76251	82811	59120	75290	0	65360	65820	72630	35720	45940	73910	65060	45210	35890	67150	65030	97601	80370	87880	55930	
77430	81820	61770	100961	94660	69880	133100	63370	129060	88860	109791	88811	65620	102750	89731	87451	81280	92460	108600	44270	113400	113630	92470	161412	94980	139820	123850	83061	126360	57200	48110	115892	22461	96430	82300	102040	106130	93780	150880	62590	63590	95830	32250	66721	139210	50310	95270	122971	168081	99900	101450	104671	75550	100920	97481	146720	139112	31540	112750	128940	65400	0	85880	38760	30790	98721	136310	113390	108700	90152	113300	115601	161331	129750	51520	118370	
49220	12840	38940	127221	75540	24990	102300	26020	90641	58860	117120	116531	49370	33950	98430	99280	5530	45650	40590	80390	36770	92980	11010	139410	33170	66120	39730	98161	74671	56900	53200	98200	88590	59730	54980	74140	85220	72570	66760	31670	51170	69860	115610	86400	67770	113200	55130	120610	137760	79570	17640	120660	68330	61750	123591	62600	118330	115260	44320	54480	65810	85790	0	59320	71060	99960	80690	33130	88370	85770	30290	115970	131930	46770	68630	90420	
77410	52050	28160	130970	99720	39510	135140	33610	131100	90220	130440	117600	27620	86190	109550	109020	54640	56810	92700	59890	92920	118660	63040	166190	82690	123250	97970	107380	123450	19400	44850	123880	52520	93520	44300	104080	109670	97020	124660	31080	25590	97870	69400	85690	123530	81010	90930	138020	171961	104020	74110	131660	83650	97970	127490	120840	144430	65380	97070	111610	72570	38780	59240	0	44220	113210	133540	90260	114050	104810	87420	132340	165211	104970	19650	120410	
47690	67800	61310	83150	64920	63440	103360	51190	99320	59120	89440	71000	66670	74780	65800	63520	66390	88730	80630	16720	85430	83890	78180	132301	67010	111850	106350	61320	96620	62710	20150	88790	19250	66690	83350	72300	76390	64040	124850	57340	65240	66090	49070	42520	109540	43910	65530	97310	138101	70160	86560	84770	45810	71180	79670	120690	110001	55080	84780	100970	35660	30690	70990	44220	0	72540	106570	85420	78960	64140	86410	91630	131351	101780	62210	88630	
51110	108380	118020	46110	29330	114980	54880	105510	64100	46440	18420	40580	127220	78031	11770	14310	98770	142350	76340	58690	85311	32230	110670	76750	74770	93450	112611	22820	71640	127210	71280	31600	76450	53380	143740	46280	29490	34780	123210	112570	129020	43590	105021	33060	87110	73700	54390	25020	84600	26650	110570	21960	34920	57050	42480	119050	54450	112221	78730	94670	46361	98331	99720	113580	72830	0	79950	87641	29800	17280	90471	19710	77850	100480	129540	48860	
59490	89830	113450	120800	57180	101050	33840	99870	19090	49140	95630	110090	123880	47670	86590	89310	81410	121590	42490	96590	44590	48170	84790	67030	54441	22690	63680	91720	12230	131410	90970	52030	118910	40020	132110	35410	54560	50200	53070	106180	125680	42750	148971	86390	16910	130580	44660	85380	59180	55410	73510	100090	68820	42790	117170	49040	55400	156171	38300	30600	74240	136190	79480	133170	106550	79920	0	47220	53570	68550	51240	88270	53350	45950	142480	32060	
45630	43440	69650	122751	62291	55630	71740	57870	60081	43271	104831	112041	80080	10530	89091	91811	37760	74660	12470	84550	3880	73140	38280	107030	19440	33300	25420	93541	44111	87610	65770	78730	102540	37420	85050	51160	65380	56841	42490	62380	81880	48480	132360	81770	34930	122030	35571	107100	105311	64040	27440	109181	64200	35690	119121	38330	88340	138370	13210	21660	64890	112860	33490	91170	85010	87611	48010	0	70140	72521	4460	102691	98970	19020	99630	60640	
39850	97120	110000	74110	16850	105130	31260	97210	37710	32900	46950	63400	119200	62051	35530	38700	87510	131090	57850	68560	67840	5450	99410	54420	59650	67060	95610	45030	46040	122260	68770	10350	87371	33410	135720	24570	4970	17630	103420	104550	121000	23620	115942	45910	60720	91040	37730	40080	60980	10010	95061	51410	37440	37080	70480	99260	32120	123142	58940	73380	45700	109240	88460	114200	79600	30230	53560	70310	0	20860	73140	42600	54230	80690	127910	22470	
37110	94380	105550	54320	14350	102390	50730	93040	57560	31450	35240	43610	114750	63041	20110	22830	84770	128350	61350	49580	70321	25390	96670	72880	59780	81010	97621	25240	58520	117390	61390	26830	67601	38410	131270	33160	20290	19790	108220	100100	116550	30310	96172	26120	74670	71250	39400	38180	80450	14640	95860	38780	22830	42440	50690	104060	50580	103372	63740	79910	34770	89482	85720	104470	63720	17210	68340	72651	20900	0	75481	33540	73700	85490	119720	42410	
47650	39840	66050	124931	65341	52030	76140	54270	64481	46321	107881	114241	76480	13580	92141	94861	34160	71060	15520	86570	8280	76190	34680	111560	21270	37030	23310	95561	48511	84010	67090	81780	103860	40470	81450	54210	68430	59891	43190	58780	78280	51530	133680	83790	38680	124050	38621	110150	109711	67090	23390	112231	66220	38740	121301	39030	93390	139690	17610	25390	66910	113410	29890	87570	86330	90661	52410	4640	73190	75571	0	105741	103881	21160	96030	65040	
67200	124470	137240	42550	44430	132480	57680	124560	72290	61540	13940	37020	146440	93131	28200	30740	114860	158440	91440	76560	100411	41690	126760	77100	89870	101970	127711	39250	80660	146100	90170	38070	94140	67590	162960	60150	41380	49170	138310	131790	148240	57800	121310	50740	95340	85300	69490	11110	85510	40860	126141	18400	53810	71260	38920	134150	54750	129030	93120	108880	65251	116021	115810	132470	91720	19650	88180	102741	41690	33720	105571	0	78760	114870	148430	57090	
91041	140950	161191	114560	70340	151070	35340	148170	39560	80051	85950	109030	170391	95341	85380	88550	131150	174430	89661	121251	94990	49600	136590	26610	100511	72840	115030	97060	56710	173451	119961	48450	139681	75960	183540	65800	57210	68081	102280	155741	172191	70501	168252	98090	67100	143220	80490	73730	7070	63500	125730	90410	90131	79430	110930	98250	36720	175452	86841	80750	98391	161562	130890	165391	132291	77250	52830	97620	54010	73490	102650	78590	0	95750	179101	47601	
61150	56790	83780	136181	75300	69760	74390	71940	60090	56701	118261	125471	94210	27000	102521	105241	51530	82350	25670	100070	18170	83620	49410	111150	36080	27000	20000	107101	45270	101740	82550	87480	119320	48110	95460	61850	76070	68080	26130	76510	96010	59170	149140	95520	29850	137550	48650	117790	101480	74730	36830	122420	77950	46380	132551	21970	93800	155150	23290	16220	80350	129640	46840	105240	101790	100850	45990	18980	80830	85951	21000	116121	96410	0	113760	67510	
88430	56640	30750	146550	112020	44400	147440	41340	142270	101240	143920	133270	26010	93920	123030	122500	62370	54710	100430	75560	100650	130030	67630	177560	90420	130500	102910	120860	133831	14740	57620	135250	67710	104540	41190	116380	121970	109320	129210	35840	21720	110170	78130	101360	131260	96200	101950	151500	183331	116320	78700	145140	96420	108990	143070	128100	155800	73310	104800	118860	85340	50580	66970	17440	59890	126690	141870	97510	125420	117580	94670	145820	176581	112220	0	132710	
47220	99660	117250	92480	30950	108280	15660	102710	16420	34030	63870	83860	126450	57700	55660	58830	90050	135370	52020	78520	58680	16410	97890	48930	58140	45830	84480	65490	24810	129510	76320	20270	100840	31360	140160	20760	23750	25860	83660	111800	128250	24480	130892	63420	39490	109670	35890	53990	53661	28460	88340	68330	47910	34830	88850	79270	27900	138092	49200	52150	56170	118440	90870	120470	88800	48160	32330	61340	21810	41790	65360	56510	46911	67360	135160	0	

0	                                            Denton	0	0	32400	0

1	                                         Rotherham	730	13222	27822	1460
2	                                          Bolsover	508	12901	25150	1016
3	                                           Buckley	110	4850	16087	220
4	                                         Tyldesley	680	25149	29356	1360
5	                                          Beighton	118	21146	28595	236
6	                                         Longridge	456	5289	16644	912
7	                                         Dronfield	401	8358	21738	802
8	                                         Clitheroe	704	11810	18429	1408
9	                                         Middleton	603	4763	15714	1206
10	                                        Birkenhead	134	6380	20453	268
11	                                            Blacon	446	10362	19704	892
12	                               Mansfield_Woodhouse	146	11139	15254	292
13	                                      Huddersfield	714	10098	14439	1428
14	                                            Widnes	482	9024	11065	964
15	                                           Runcorn	581	8219	21713	1162
16	                                        Chapletown	284	11170	18622	568
17	                                           Retford	128	10492	24134	256
18	                                            Elland	252	12967	18651	504
19	                                         Congleton	257	3748	17354	514
20	                                       Cleckheaton	318	19232	29339	636
21	                                           Chorley	778	5668	12251	1556
22	                                Bolton_upon_Dearne	184	6251	20240	368
23	                                         Fleetwood	197	10194	20660	394
24	                                           Meltham	650	9352	12964	1300
25	                                           Silsden	250	8450	19370	500
26	                                          Garforth	317	15845	25470	634
27	                                          Frodsham	779	12046	26400	1558
28	                                            Nelson	497	8197	11216	994
29	                                Kirkby_in_Ashfield	492	8263	15318	984
30	                                            Buxton	808	22875	29347	1616
31	                                            Euxton	388	21006	25827	776
32	                                           Longton	285	3224	15395	570
33	                                          Rochdale	177	8990	23615	354
34	                                          Boughton	498	11404	13804	996
35	                                        Ramsbottom	788	10995	23801	1576
36	                                           Horwich	337	20344	28689	674
37	                                         Farnworth	231	7491	22051	462
38	                                     Knaresborough	462	8705	20116	924
39	                                          Staveley	176	7930	9931	352
40	                                         Mansfield	183	7513	17485	366
41	                                              Bury	632	8200	12967	1264
42	                                         Penkridge	717	16905	22148	1434
43	                                         Northwich	176	18081	23479	352
44	                                          Glusburn	775	12611	22488	1550
45	                                    Market_Drayton	708	10729	13582	1416
46	                                           Milnrow	454	16966	26497	908
47	                                            Formby	621	14426	21229	1242
48	                                         Morecambe	814	19535	22201	1628
49	                                      Westhoughton	570	20211	23297	1140
50	                                         Hemsworth	776	10699	23886	1552
51	                                         Bebington	191	24944	27577	382
52	                                        Altrincham	645	6686	14027	1290
53	                                            Wardle	762	6421	9346	1524
54	                                          Hawarden	639	3167	8915	1278
55	                                         Harrogate	210	16239	26544	420
56	                                           Kirkham	663	9721	17098	1326
57	                                           Cannock	447	13232	20609	894
58	                                           Halifax	663	21620	27873	1326
59	                                           Bingley	249	4046	18929	498
60	                                          Wilmslow	440	3331	13619	880
61	                                         Uttoxeter	794	17512	26521	1588
62	                                    Hoyland_Nether	137	9159	24099	274
63	                                            Belper	538	14619	19669	1076
64	                                              Leek	191	6000	19769	382
65	                                           Prescot	760	14470	22202	1520
66	                                      Barnoldswick	323	18918	28006	646
67	                                      Heckmondwike	268	20757	28304	536
68	                                         Adlington	418	16566	25124	836
69	                                 Newton-le-Willows	829	14547	21788	1658
70	                                          Dewsbury	537	17095	22023	1074
71	                                            Crosby	357	21534	23620	714
72	                                         Lancaster	397	9211	13888	794
73	                                         Horsforth	660	4221	18677	1320
74	                                            Heanor	182	5849	13148	364
75	                                         Blackburn	370	23794	27384	740
