10

6350	3650

20	90

0	46560	22420	90920	90280	66560	28300	65240	83090	91950	22820	
46460	0	35540	131390	112660	71961	50750	105680	86770	96600	34930	
22390	35190	0	97550	78660	45700	48930	71870	61720	71550	3780	
91090	131610	97790	0	61000	94920	100280	25920	99800	101350	101360	
90470	113260	79250	60010	0	48411	113610	56870	49170	45030	82820	
66440	72571	45480	95130	48020	0	93020	79320	19220	29050	48920	
27980	50870	48330	99800	113720	92211	0	74120	107631	117461	46030	
65170	105690	71870	25680	57920	79440	74360	0	84710	88710	75440	
83070	86430	61820	100370	48750	19270	109161	85090	0	11790	64511	
91440	95990	71820	101270	44950	29270	117250	89520	11690	0	74511	
22820	34690	3930	101140	82250	48201	46730	75460	63621	73451	0	

0	                                    Hurstpierpoint	0	0	32400	0

1	                             Royal_Tunbridge_Wells	228	22432	25837	456
2	                                           Crawley	170	25834	29746	340
3	                                           Gosport	448	10976	15109	896
4	                                       Basingstoke	373	24885	27412	746
5	                                        Addlestone	205	6649	9087	410
6	                                          Newhaven	680	3372	6372	1360
7	                                          Emsworth	335	23439	26464	670
8	                                           Windsor	813	23946	26291	1626
9	                                        Maidenhead	461	15273	19376	922
10	                                       Maidenbower	594	9345	11862	1188
