10

6350	3650

20	90

0	43180	9330	86920	61410	41590	21260	56270	34020	30710	39460	
43090	0	42050	83640	54420	73580	59590	95300	71420	58420	78110	
9300	41950	0	79090	53580	50080	29000	60500	41760	39310	47200	
86421	83330	78561	0	31600	126942	106121	130750	118881	112520	124321	
61340	54320	53480	31810	0	98360	81040	109240	93321	83510	99240	
41950	72490	50510	127402	98750	0	21820	44500	14210	18640	19370	
21460	58470	29330	106920	81410	21380	0	44240	13230	16110	20400	
56180	95220	60430	131230	109320	44460	44210	0	35790	54220	26740	
34180	70590	42050	119640	94130	14160	13600	35890	0	21430	9890	
31470	57690	40120	113170	83950	18220	16830	54030	20860	0	28480	
39450	77930	47320	124910	99400	19070	20760	26870	9840	28660	0	

0	                                         Ferryhill	0	0	32400	0

1	                                            Redcar	130	8829	12234	260
2	                                   Newton_Aycliffe	433	21736	25648	866
3	                                     Knaresborough	324	17865	21998	648
4	                                            Thirsk	741	18152	20679	1482
5	                                     North_Shields	821	2622	5060	1642
6	                                 Chester-le-Street	130	2341	5341	260
7	                                            Hexham	797	8236	11261	1594
8	                                         Gateshead	358	13876	16221	716
9	                                        Sunderland	797	25198	29301	1594
10	                                           Newburn	807	7308	9825	1614
