100

6350	3650

20	90

0	71690	53950	37720	85670	41040	12420	32500	97870	43520	95350	81350	79930	36600	81030	78830	84470	64640	87470	61610	19500	79830	40860	74500	83010	18830	78090	59560	22560	62130	97510	37670	86710	95150	95410	91420	97730	55520	97580	19640	83000	56390	56870	24580	85250	54810	34090	93070	93890	74570	85210	13080	73000	88500	72640	67280	52960	91110	73910	55350	35200	52370	12420	97170	89610	99780	25440	51290	85270	94900	58840	60260	69980	70870	89100	81280	66030	68120	15590	73870	71510	29700	6430	79260	65710	62830	96120	93310	76060	93420	48370	71350	43810	92420	78430	40730	80370	56180	63160	68680	26760	
71870	0	40530	58850	37730	68940	59600	83050	112720	85190	43030	53280	38790	55280	61920	126290	106711	42530	30570	38510	90770	60720	109220	55390	27350	66550	15590	45350	66570	124280	47870	55680	93810	110960	93340	62610	35580	64350	95960	83130	97711	90260	119820	51200	33990	17800	53060	30140	39460	7880	64890	84350	5790	22960	81050	99940	49680	53160	82920	46640	45020	74560	64340	135582	37290	43460	57570	51760	58940	26200	17750	18620	35620	25200	86290	11820	46100	52580	66810	11000	77250	49420	77080	34420	27130	90510	44740	106430	38830	97170	28470	21360	46310	93390	41450	102470	34480	60240	68900	80430	98030	
53240	40020	0	24750	34770	33350	42320	52300	77121	49550	45700	31160	27990	21000	95540	88210	70211	75050	46880	9670	67290	94340	81240	89010	40320	38620	53400	77720	38590	90820	46060	61900	59870	74791	63830	99220	57140	28050	66000	55150	61211	52430	86360	40360	36830	39340	55130	52480	44570	37980	41310	60870	38120	48540	44750	63440	12000	90720	46620	74170	19120	37420	50930	99082	40360	54400	56620	15400	94490	61290	25670	22280	18160	26880	55390	43800	17610	85100	40650	36070	40950	25270	53040	27560	59380	54210	82300	71521	24240	64870	19040	29990	62630	62490	26490	71720	28670	75000	32600	44130	71290	
37370	58760	24800	0	53651	12490	35160	29950	72220	28740	64010	45650	46871	3930	101140	70470	62000	82400	68421	29410	46730	99940	60030	94610	62551	20240	72120	79670	17380	68470	61810	63190	54670	69500	62660	109090	78900	21440	64830	33940	57200	34690	64010	39870	57471	48140	56420	74240	63621	59440	49510	42910	59350	70300	40150	45720	17950	102230	41420	75460	15490	21120	47800	84590	59411	73451	54770	15590	104230	82250	45240	44040	38721	50150	55510	65560	30330	88230	22820	57830	37920	23170	36460	48201	68780	39780	96920	67000	44881	61530	31750	51750	63920	59670	45371	49370	49311	76290	29570	36860	50080	
85830	37660	34640	54611	0	61691	73560	81221	82030	77891	11080	17870	7090	51920	98330	111190	87460	78940	18650	26620	99261	97130	111581	91800	13170	71140	51120	81760	69911	118980	12990	85830	67120	80270	58890	95540	27280	49080	61510	86471	78490	76530	115281	68660	5380	45980	79060	25800	9970	30530	30090	93490	35840	26040	59890	82950	38941	86810	63760	83050	51740	58850	81100	118222	5760	19800	80550	40531	94220	47190	32310	25650	17250	14970	56200	31490	27520	88990	73170	28410	55290	57470	85660	9630	63540	74650	75360	76430	20480	67400	38850	16730	76980	64070	11870	100641	6810	90910	49320	63200	102611	
40660	68800	33800	12550	60771	0	40980	22150	63370	19790	71130	52190	53991	13970	109350	59590	51630	92440	75541	36550	44530	108150	52510	102820	69671	23140	82160	87880	19050	60670	68930	71400	47460	60650	55710	119130	86291	17470	57880	31740	48350	23810	56210	46370	64591	58180	64630	82581	70741	69480	50190	44410	69390	79961	32940	34840	25090	112270	34210	83670	25530	12670	52980	73710	66531	80571	60590	22490	113590	92290	55280	54080	45841	57811	50010	75600	37450	96440	28340	67870	32070	32250	38700	55321	78820	28900	106960	58660	52001	54320	41790	61711	72130	52720	52491	41570	56431	84500	24430	29650	47880	
12650	59610	42480	35170	73590	40980	0	40380	101640	47950	83270	72620	68600	32490	75510	89390	88900	59120	75390	51130	31550	74310	52910	68980	70930	22310	66010	54040	26730	73070	85780	36400	87040	98920	95030	85900	85650	53810	97200	30580	86620	60820	67810	12500	73170	42730	30790	80990	81810	62490	81310	25130	60920	76420	72520	71710	46840	85590	73790	49830	24720	52310	13610	106490	77530	87700	24170	47900	79750	82820	46760	48180	57910	58790	87880	69200	58500	62600	15740	61790	70290	17620	17860	67180	53630	66450	85450	96930	63990	93900	36290	59270	38290	92040	67890	51670	68290	50660	61940	69230	38810	
32310	82920	52310	30020	80521	22190	40340	0	65370	11020	90880	72070	73741	31440	111800	49230	51970	95410	95291	56280	27520	110600	30360	105270	89421	20230	93910	90330	17690	40990	88680	68690	55800	62650	68680	122460	106041	37110	70850	13480	51480	23890	36530	51600	84341	69930	65110	101750	90491	84630	70070	28310	83750	97810	44900	34780	44820	120680	44730	86120	38740	27000	44630	67570	86281	100321	56460	42290	116040	106410	69400	70090	65591	77561	62780	91490	57200	98890	26250	83760	45190	39390	26630	75071	87180	31310	118950	61790	71751	61900	56600	79260	74580	63400	72241	19420	76181	86950	40260	39930	29410	
97920	112380	77582	72590	83100	63550	101850	65730	0	54790	87010	65720	78490	73200	170142	45240	17790	149652	101830	73710	92580	170710	85680	165380	96350	81340	127550	149950	77230	67080	83740	132940	22190	3860	32200	174320	107970	53260	34370	79210	16790	41960	71530	108630	88480	113342	126170	108980	89910	110210	53960	94040	110440	109220	35260	33300	66862	164870	32360	145740	84760	52770	110240	43020	88930	98240	121860	63082	170640	128421	99452	93810	78790	89540	27390	111631	68270	159000	87130	107220	39980	92440	92360	83060	133982	37400	156131	6130	83730	15450	93952	93440	134200	20210	74620	75210	83270	146570	48350	37750	90070	
43320	85040	50300	28790	77271	19780	47900	11010	54410	0	87630	68690	70491	30210	119340	44350	41010	102950	92041	53050	38530	118140	39820	112810	86171	27790	98400	97870	24370	44050	85440	79560	44840	51690	59740	130000	102791	30700	61910	24490	40520	12930	40500	56360	81091	74420	74620	99081	87241	85720	64780	39320	85630	96461	35200	23820	41590	125440	33770	93660	41770	20310	55640	60280	83031	97071	67330	38990	123580	108530	71520	70320	62341	74311	52590	91840	53950	106430	33810	84110	36440	44150	37640	71821	91940	20350	123440	50830	68501	50940	58030	78030	82120	52440	68991	28010	72931	94490	33570	29460	40420	
95310	42870	44480	64620	11090	70920	83040	90450	85730	87120	0	22950	17920	62750	103650	119360	93080	84260	19240	37450	109270	102450	120810	97120	17230	81450	56440	87080	79920	127700	6770	94720	70820	83970	62590	100920	23000	57800	65210	96480	84210	85250	124510	78140	10620	54350	88540	25130	5560	35740	33790	103330	41250	26630	67490	91120	48950	92180	71360	88370	61580	67570	90580	122182	6640	11800	90030	50530	99540	52400	41790	35130	28190	25370	59900	36710	37220	94310	83480	33620	62890	67330	95500	20570	68860	82820	80570	80130	31420	71100	48990	23760	85350	67770	22700	109870	17590	99280	57490	70850	112620	
81700	53380	31180	46500	18060	51950	72700	71480	65280	68150	23060	0	14830	45520	112280	97450	72200	91790	36710	22120	91150	111080	101840	105750	31230	64660	66760	94460	61800	107860	20860	91280	50370	63520	43690	110421	43980	38830	46310	78360	63330	65360	105540	70740	23440	56140	84510	43860	25960	46991	14890	87330	51480	44100	45320	69210	30830	101691	49190	94810	49230	48600	81310	101201	23820	34290	86000	32330	109860	63161	42470	35810	19230	28820	39450	46371	19490	101840	67240	44470	40720	55650	80790	20640	76120	60910	90871	59680	24670	50650	43740	32060	87140	47320	13270	90900	19640	101070	36810	48680	94500	
79930	38920	28240	47861	7090	54941	68920	74471	78280	71141	18020	14880	0	45170	99510	105530	82450	80120	24050	19870	92511	98310	104831	92980	18570	64390	52300	82940	63161	112991	19360	84960	63170	76520	57570	98720	34370	43361	60190	79721	73480	70811	108531	65710	12470	45520	78190	31200	17060	33400	28790	87010	37020	31050	54880	77290	32191	89620	58750	84060	46120	53131	77530	112503	12850	26890	79680	33781	95400	51340	31850	25190	11110	14510	52450	34670	20770	90170	66420	30010	50280	51870	79470	7440	64720	68990	79170	72680	14350	63650	35580	17600	76520	60320	5120	93891	5180	90450	43660	57540	95861	
36350	55170	20990	3780	51750	13870	32370	31330	72720	30120	62680	45470	44970	0	97550	70970	62500	78810	64830	26500	48930	96350	61690	91020	60050	20360	68540	76080	19580	69850	61630	59600	55170	70000	63160	105370	75090	21940	65330	36140	57700	35190	65390	36280	54970	44550	52830	70430	61720	55850	49330	42980	55760	66490	40650	46220	16360	98640	41920	71870	11900	21620	44370	85090	57510	71550	51340	15410	100640	78660	41650	40230	36220	46340	56010	61750	30150	84640	22390	54020	38420	19580	35440	45700	65190	40280	93330	67500	42380	62030	28160	47940	60330	60170	43470	50750	46810	72700	30070	37360	52280	
81260	61850	96510	101360	98070	109520	75730	112050	169601	119650	103370	111580	99290	97790	0	158380	160430	21530	88850	96720	100280	5940	121640	7790	87690	96220	48880	22170	98410	141680	108210	48060	152150	167271	151700	25390	90150	119520	154360	99190	153691	131610	136420	67190	94330	56470	50000	84710	99800	68220	122700	93860	66290	79990	137030	142640	105660	28950	138900	25920	86420	119200	71170	178070	97630	101350	59240	107740	18720	61000	71140	76830	93430	85700	144790	69640	104310	19770	91090	71340	133230	80470	86470	94920	35760	136810	37860	164001	96640	155770	77990	81860	37870	152440	100580	120280	94980	49270	124880	135350	107540	
78660	126770	89000	70800	111090	59520	89330	49230	45140	44350	119320	97230	105590	71410	158150	0	29600	141760	128313	90640	70550	156950	52770	151620	122443	69220	140130	136680	66680	31240	117020	115040	53270	42790	69820	168810	139063	64420	71990	59830	39700	35870	35820	100040	116251	115790	111460	135353	121060	125560	87390	74660	125700	132733	56060	29680	79670	168500	51670	132470	82970	54680	90980	19940	116850	131150	102810	75890	162390	149520	112260	108870	97501	109471	63670	131380	89000	145240	75240	123650	57720	87830	72980	106981	135840	37650	167710	44460	103661	54580	98930	114483	120930	57320	101790	46130	108091	133300	62310	50320	63910	
84340	104903	68892	61820	86280	51150	88940	52030	17050	41090	91980	70320	81280	62430	159780	30260	0	140472	103983	67422	78880	158580	70560	153250	98113	68830	118822	138310	64820	51960	88710	120600	24810	14330	41360	166972	112940	44700	43530	65510	11240	28260	56410	96220	91660	104652	114480	111023	94880	102773	58930	80340	103003	108403	27940	19600	58172	157522	24640	134070	73990	41570	96660	31990	92040	103210	108370	54392	162432	127362	90762	87163	74283	86253	35210	108563	65982	146870	74720	100833	32660	81670	78660	83763	124802	24060	149102	16000	80443	26120	85262	90153	122100	28860	77410	60090	84873	134470	39790	29190	75830	
65530	43440	78100	83170	79660	93260	60000	96320	151191	103920	84960	93170	80880	79600	21190	142650	142140	0	72500	78310	84550	19990	105910	14660	69280	80490	36410	6120	82680	125950	89800	32410	133610	148861	133280	32130	77090	101330	135940	83460	135281	114580	120690	51460	75920	38060	34270	71650	81390	49810	104290	78130	47880	64720	118620	125860	87250	28360	120490	10270	68230	101010	55440	162340	79220	85390	43550	89330	25630	52850	52730	58420	75020	67290	126090	53580	85900	10200	75360	52930	114820	64740	70740	76510	17350	119670	33240	145591	78230	136970	59580	63450	22220	133190	82170	104550	76570	33620	106470	116750	91810	
87340	30240	46880	68360	19540	77130	75070	95910	102100	93330	20050	37420	25200	64610	88500	130692	106492	71630	0	41280	106040	87300	122640	81970	8330	79970	41010	74450	79990	135450	25870	83630	86670	100340	78440	83550	12050	66221	81060	96550	97492	93671	130990	70170	15800	45340	80570	8280	16300	23110	49640	99620	28620	9160	79440	101171	54260	74820	83310	75740	58440	75991	82610	135363	18560	15080	82060	56340	84110	35030	33820	27160	30940	21180	75750	19670	44360	81680	80230	20820	74840	62840	91790	23420	56230	91931	63200	96500	34170	86950	41020	16720	74260	83620	29490	115330	20900	88190	67250	81130	112690	
61320	38420	9630	30000	26380	37110	51150	56640	73980	53310	37310	22300	19600	26560	97210	91090	69121	76720	40550	0	74650	96010	87000	90680	34680	45780	51800	79390	45300	95160	37670	69730	56500	72220	57420	98570	51300	28850	59590	61860	60121	55500	90700	49190	29600	41010	62960	47590	36350	36290	32200	68400	36520	44970	45100	63790	14240	89120	46970	79740	27680	38620	59760	97992	32140	46180	64450	16320	94900	59690	27340	20680	10850	22820	48980	42080	8790	86770	47810	34350	39890	34100	60860	20330	61050	54560	80700	68380	17010	59120	24570	26720	70460	56080	18100	76060	21440	82830	31540	44480	78000	
19270	90510	67120	46030	97661	43780	31240	27000	92350	38020	108020	89660	90881	48330	99800	70680	77850	83410	106290	73420	0	98600	22700	93270	101830	31060	96910	78330	28920	46040	105820	56490	82780	89630	95240	110460	116550	59680	97410	14140	78460	50870	40780	43400	101310	73630	52910	111890	107631	93390	91930	6830	91820	107320	71460	60170	61960	110150	71450	74120	48850	53560	31240	89020	103421	117461	44260	59600	104040	113720	77660	79080	82731	87960	89340	100100	74340	86890	27980	92690	71750	43990	14280	92211	84530	58290	114890	88770	88891	88880	66150	89560	62580	90380	89381	27520	93321	74950	66820	66490	8600	
79880	60470	95130	99980	96690	108140	74350	110670	168441	118270	101990	110200	97910	96410	6220	157000	159050	20150	87470	95340	98900	0	120260	6410	86310	94840	47500	20790	97030	140300	106830	46680	150990	166111	150320	21500	88770	118140	152980	97810	152531	130230	135040	65810	92950	55090	48620	83330	98420	66840	121320	92480	64910	78610	135870	141260	104280	25910	137740	24540	85040	117820	69790	176690	96250	99970	57860	106360	14830	59620	69760	75450	92050	84320	143410	68260	102930	18390	89710	69960	132070	79090	85090	93540	34380	135430	35970	162841	95260	154390	76610	80480	36490	151060	99200	118900	93600	47890	123720	133970	106160	
40310	108800	80900	59790	110291	51960	52280	29770	85270	39350	120650	101840	103511	61210	120840	52400	69360	104450	122780	86050	22380	119640	0	114310	118320	44840	117840	99370	42700	24560	118450	77530	78180	82550	93570	131500	133040	66880	95740	26280	73860	46270	19300	64440	114111	93680	73950	128380	120261	110510	99840	27870	109630	124210	70030	54400	74590	131190	68460	95160	64620	56770	52280	70620	116051	130091	65300	72060	125080	134650	95280	95970	95361	104290	87120	117370	86970	107930	43620	109640	71690	63140	35320	104841	105630	53690	135930	84170	101521	84280	82480	105890	83620	85780	102011	13920	105951	95990	70030	64290	14860	
74220	54810	89470	94320	91030	102480	68690	105010	162781	112610	96330	104540	92250	90750	8280	151340	153390	14490	81810	89680	93240	7080	114600	0	80650	89180	41840	15130	91370	134640	101170	41020	145330	160451	144660	19220	83110	112480	147320	92150	146871	124570	129380	60150	87290	49430	42960	77670	92760	61180	115660	86820	59250	72950	130210	135600	98620	21910	132080	18880	79380	112160	64130	171030	90590	94310	52200	100700	12550	53960	64100	69790	86390	78660	137750	62600	97270	12730	84050	64300	126410	73430	79430	87880	28720	129770	30820	157181	89600	148730	70950	74820	30830	145400	93540	113240	87940	42230	118060	128310	100500	
83040	27300	40360	63320	13210	70430	70770	89960	95250	86630	17280	31090	18870	59570	88080	123992	99792	68690	7450	34580	101700	86880	118300	81550	0	75630	40870	71510	75650	128480	22490	80770	80340	93490	72110	85340	18560	59521	74730	92210	90792	86971	124020	65870	9470	42010	76270	14600	12920	20170	43310	95280	25680	14840	73110	94461	47560	76610	76980	72800	54100	69291	78310	128663	12770	18580	77760	49640	83970	36830	29520	22860	24240	14780	69420	21140	37840	78740	75890	18050	68510	58500	87450	16720	53290	85231	65000	89650	27470	80620	36720	12420	71400	77290	23160	109380	14570	85330	60920	74800	108350	
18450	66500	38660	20210	70760	23140	22310	20230	81060	27800	81690	63840	63980	20460	96030	69240	68750	79640	80480	45660	31370	94830	45050	89500	76020	0	75360	74560	5450	61000	80000	54620	69120	78340	77510	106690	90740	37620	79680	18960	66040	40670	56540	33050	73470	51380	51040	86080	80730	68210	67700	24950	67330	81910	54740	51560	36140	102130	56010	70350	22380	34470	30770	86340	76520	90560	42390	33780	100270	89990	52980	53670	54720	61990	71200	75070	48520	83120	6920	67340	53610	20840	17540	64200	68630	45870	100160	76350	60880	76020	40180	63590	58810	74520	62480	39480	65310	71180	45260	51090	35100	
78090	16100	53900	71990	50780	82080	65820	93990	126090	98330	56080	66650	52160	68420	48340	139430	120081	35360	41230	51880	96990	47140	118010	41810	40400	75320	0	39070	77510	134760	60920	54610	107180	124330	107250	47620	42610	77720	109910	91740	111081	103400	130300	57420	47040	24360	53530	37170	52510	20930	78260	90570	19160	32450	94420	113310	63050	38170	96290	40360	58160	87930	70560	148952	50340	53810	62380	65130	43950	19770	31830	31990	48990	38570	99660	22020	59470	45090	73980	24050	90620	58280	83300	47790	21230	103880	29680	119800	52200	110540	41820	34730	44430	106760	54820	113010	47850	58360	82270	93800	104250	
59530	45560	77900	79630	81780	87790	54000	90320	149300	97920	87080	94780	83000	76060	21950	136650	138600	5300	74620	79920	78550	20750	99910	15420	71400	74490	39740	0	76680	119950	91920	26330	131020	146580	134890	32710	79210	97790	137550	77460	133800	109880	114690	45460	78040	39670	28270	73770	83510	51930	105900	72130	50000	66840	116500	120910	84950	31970	117770	4190	64690	97470	49440	156340	81340	87510	37510	88350	26390	56720	54340	60030	76630	69410	127700	55700	87510	10290	69360	55050	113900	58740	64740	78630	19270	115080	38390	143600	79840	137980	59260	65570	16140	134800	83780	98550	78690	27540	105550	113210	85810	
22220	66380	38480	17390	69021	19050	26730	17690	76950	24380	79380	61020	62241	19690	98040	66700	64780	81650	80360	44780	29630	96840	42930	91510	75900	5450	77370	76570	0	58460	77180	58390	65010	74230	73420	108700	90620	33530	75590	16840	61930	36560	54000	35060	72841	53390	53320	85960	78991	68090	64880	25810	67210	81790	50650	47590	33320	104140	51920	72360	22200	30380	34540	83800	74781	88821	46160	30960	102280	89870	52860	53550	54091	61870	67110	74950	45700	85130	11620	67220	49520	22850	19930	63571	70640	41760	102170	72240	60251	71910	40060	63470	60820	70430	60741	37110	64681	73190	41170	46980	32980	
61760	124170	90900	68610	119111	60780	73090	41050	67300	44110	128250	107740	112331	70030	141250	31190	51390	124860	134730	94870	46080	140050	24980	134720	128141	61040	134720	119780	58500	0	126050	98140	70190	64580	87400	151910	145480	71090	89570	44440	59950	44190	6640	85250	122931	110740	94560	141770	129081	125440	100090	51570	124560	139150	66600	42260	83410	151600	64590	115570	79550	61350	74080	46360	124871	139951	85910	80880	145490	150160	110210	110140	104181	116151	80950	132740	95790	128340	61780	124570	68260	80200	56080	113661	126040	48260	156340	66250	110341	75150	97410	120181	104030	77410	109940	26920	114771	116400	72730	60860	38560	
96840	47820	45620	62510	13470	68810	85520	88340	82550	85010	6760	20710	19280	61530	108600	116640	89900	89210	24910	38070	107160	107400	118700	102070	22390	80670	61390	92030	77810	125590	0	98550	67640	80790	59410	105860	28740	55690	62030	94370	81030	83140	122400	81380	15570	58700	91780	30870	10720	40690	30610	103340	46200	32300	64510	88400	46840	97140	68380	93320	62720	65460	93820	119002	11590	17640	93270	48420	104490	57350	45030	38370	29700	27690	56720	41660	35500	99260	83250	38570	59910	68470	96640	22450	73810	80100	85520	76950	32940	67920	51570	28710	89700	64590	23710	107760	20190	103630	55380	67870	110510	
37790	55770	61830	63240	84790	71400	34300	68580	132660	79250	94300	91210	84150	59670	47740	114910	120200	31350	84070	69720	56650	46540	78010	41210	81000	54300	54980	26270	58030	98210	96980	0	114630	129940	122250	58130	90010	81400	124420	55720	117160	92120	92950	29070	84200	40420	10080	84570	92840	61090	101360	50230	59520	77390	100110	103010	68560	57820	101380	22060	48300	81080	26080	134600	88560	97110	12710	71960	51980	73720	53590	59560	74310	69990	115100	66250	77660	34830	49200	63460	97510	42350	43000	79560	34850	98280	63780	126960	80390	121430	49720	70470	11470	119260	84290	76810	79860	19950	89160	96820	63910	
86390	93730	59860	54760	67390	47350	86960	55780	22030	44840	71220	50010	63050	55370	151600	53430	25840	131110	86040	56440	82630	151870	78630	146540	80560	69140	109460	131110	65030	69970	68030	114630	0	20270	17920	156420	92180	34870	20090	69260	15760	32170	71910	91310	72770	95400	107860	93190	74120	91600	38250	84020	91830	93430	16000	28250	49140	146970	14020	126900	66930	34940	98710	55060	73150	82450	106370	45360	152740	112561	81730	75990	61550	72690	11770	95771	51000	140160	74510	88860	20720	74610	82340	67620	115440	26390	138550	16430	66880	9830	76230	76590	115360	9590	59180	66820	67830	127730	29200	19410	80560	
94830	110490	74512	69500	81210	60460	98760	62640	4060	51700	85120	63830	76600	70110	167072	42570	14980	146582	99940	71820	89490	167620	82870	162290	94460	78250	124932	146860	74140	64270	81850	129850	20300	0	31220	172430	106080	50320	33390	76120	14860	38870	68720	105540	86590	110272	123080	107090	88020	108320	52070	90950	108550	107330	33330	30210	63792	162980	30260	142650	81670	49680	107150	42451	87040	96350	118770	60012	168542	126531	96382	91920	76900	87650	25500	109741	66380	155910	84040	105330	38050	89350	89270	81170	130912	34310	154241	4020	81840	14470	90882	91550	131110	18320	72730	72400	81380	143480	45410	34810	86980	
96080	93150	64410	63470	58840	56600	95670	68960	32290	60080	62670	43430	57230	64080	151950	69810	42220	131460	77490	57940	96010	150750	94380	145420	72010	78560	106530	134130	74470	87550	59480	123202	18270	30690	0	152821	83590	42720	2920	81970	32180	47920	89490	100020	64220	95810	116432	84640	65570	89350	28720	96540	91250	84880	26710	45830	55730	143860	28830	134480	75640	44190	108110	69691	64600	73900	115080	52202	149630	105561	82140	75480	58900	70120	10980	88771	52500	141510	83600	86290	26360	83320	94120	62610	115790	42140	133271	26850	64340	16820	80700	74020	123932	14490	54170	82570	62210	136302	34840	31480	96310	
91870	63150	100700	108640	95642	118730	86340	122800	174250	130400	100942	110523	98960	105060	25950	169130	167610	32120	83711	98680	111030	21990	132390	19680	85312	106970	48060	32780	109160	152430	105782	58670	157340	172490	153093	0	82380	124520	155713	109940	159011	140050	147170	77800	91902	61000	60610	79251	97261	67730	124293	104610	65960	74531	142350	151330	109850	11090	144220	36530	93700	126480	81780	188820	95202	94810	69850	111930	7460	50130	75630	78790	95790	85370	147150	68820	106270	29900	101700	70850	138550	91080	97220	94590	41300	145140	20890	168650	99000	158130	82520	81530	48480	154800	101620	131030	94632	59880	129950	141730	118290	
98050	35940	57590	79070	27480	87050	85780	106580	107610	103250	22900	44310	34580	75320	90690	140612	114960	76430	11930	51200	116750	89490	133350	84160	18530	90680	42860	79250	90700	147601	28800	90200	92180	105850	83950	82380	0	76141	86570	107260	106090	103591	142851	80880	25720	51910	87580	6840	19500	29830	55150	110330	35340	13990	87380	110770	64180	73650	91250	80540	69150	85911	93320	144062	22930	13250	90960	66260	83960	32470	43700	37870	40860	31890	81260	24350	54280	86480	90940	27540	82780	73550	102500	33340	61030	101851	61570	102010	44090	92460	51730	27430	80830	89130	39360	126000	30820	94760	76810	90690	123400	
55170	64150	27930	21450	49350	17210	53650	36740	52820	30690	58260	39310	43181	22060	119270	64320	45810	99180	64731	28170	60450	118070	67100	112740	58861	37650	77530	97800	33560	70990	56060	81320	34890	50390	41870	124310	75481	0	44040	47660	37610	28540	69160	58000	53781	63470	74550	71771	59320	62110	36820	59090	62250	69151	19770	37080	17210	114860	21640	93590	33620	10860	66090	75030	55110	69150	73060	13430	120630	85420	49800	46410	35031	47001	34720	67930	26730	106360	41670	60200	17130	41300	53210	44511	83510	27850	106440	47220	41191	40850	44300	50901	82050	38880	39950	56160	45621	94420	8780	19150	63800	
98140	95850	66470	65530	61540	58660	97730	71020	34350	62140	65370	46130	59930	66140	154950	71870	44280	134460	80190	60000	98070	153750	96440	148420	74710	80620	109530	137130	76530	89610	62190	125262	20330	32750	2810	155521	86330	44780	0	84030	34240	49980	91550	102080	66920	98510	118492	87340	68270	92050	31420	98600	93950	87580	28770	47890	57790	146791	30890	137480	77700	46250	110170	71751	67300	76600	117140	54270	152630	108261	84840	78180	61600	72820	13040	91471	54560	144510	85660	88990	28420	85380	96180	65310	118790	44200	135971	28910	67040	18880	82760	76720	125992	16550	56870	84630	64910	138362	36900	33540	98370	
18830	82530	54630	33540	85171	31290	30160	13500	78870	24520	95530	77170	78391	35840	98320	59830	65470	81930	96510	60930	14210	97120	26730	91790	92050	18570	91390	76850	16430	44470	93330	55210	69300	76150	81740	108980	106770	47190	83910	0	64980	37390	39210	42320	88991	67410	51630	102110	95141	84240	79440	14830	83360	97940	57960	48280	49470	108670	57950	72640	38350	40060	31150	78170	90931	104971	42980	47110	102560	106020	69010	69700	70241	78020	75840	91100	61850	85410	17350	83370	58250	36870	13150	79721	83110	44810	113410	75290	76401	75400	56210	79620	61100	76900	76891	21730	80831	73470	53320	52990	17560	
82310	96943	60932	56680	78350	47940	86240	51180	17550	40240	84020	62440	73350	57290	152992	39370	11780	132502	96023	59462	78030	153822	74030	148492	90153	65730	110852	133480	61620	59410	80830	116550	16890	15790	32950	159002	104980	37500	35120	64660	0	27570	62380	93020	83730	96472	109780	103063	86920	94813	51050	79420	95043	100443	20010	19520	50212	149552	16710	129270	68850	36860	94630	40351	84110	95250	106250	46432	154462	119392	82802	79203	66323	78293	26800	100603	58022	142530	71520	92873	24730	76530	77740	75803	116832	21790	141132	11950	72483	19640	77302	82193	117730	21900	69480	62220	76913	130100	32590	21990	75960	
56210	90370	53130	34930	76800	23650	60810	23900	41620	12960	85710	65230	70631	35540	131390	35780	28220	114010	92181	55180	50750	130190	46750	124860	86311	40670	103730	109920	36560	44130	83510	92470	32270	38900	47660	140700	102931	28550	49830	37380	27950	0	42710	67960	81231	79750	86220	99221	86770	88700	57610	52210	88840	96601	24120	11030	43800	134020	22550	105680	47100	18810	68530	49900	82560	96600	80240	40020	135630	112660	76390	73000	62481	74451	41210	94520	54180	118480	46460	86790	25780	54720	50530	71961	100390	7780	132290	38260	68641	38370	63060	78351	93720	39870	67400	34940	73071	106090	29570	18380	48680	
56440	119670	86400	64110	114611	56280	67770	36550	71820	40520	124970	106160	107831	65530	135930	35790	55910	119540	130150	90370	40760	134730	19660	129400	123511	56540	130220	114460	54000	6610	122770	92820	72350	69100	89560	146590	140900	69160	91730	39120	63210	42990	0	79930	118431	106240	89240	137190	124581	120940	100240	46250	120060	134060	66750	44420	78910	146280	65180	110250	75050	58770	68760	52670	120371	135371	80590	76380	140170	145660	105710	105640	99681	111651	83110	128240	91290	123020	56460	120070	68410	75700	50760	109161	120720	50410	151020	70770	105841	77310	92910	113350	98710	79570	106331	21510	110271	111080	71530	61010	33240	
24770	51210	40550	39840	68710	46290	12500	51660	108320	56420	78390	70900	65640	36270	66970	100090	96190	50580	70510	49410	43670	65770	65030	60440	66050	32990	57610	45500	35180	85190	80900	29020	91230	105600	99220	77360	80770	58000	101390	42700	93300	67970	79930	0	68290	35110	22250	76110	76930	56530	81050	37250	54960	71540	76710	79000	46910	77050	77980	41290	24630	57620	17240	116590	72650	82820	23740	50000	71210	74420	41880	43300	54950	53910	92070	61690	57350	54060	27860	56910	74480	17840	29980	62510	45230	73170	77050	103560	61030	98090	31620	54390	29750	96230	64930	63790	63620	42120	66130	73420	50930	
85330	33980	36070	58120	5430	65230	73060	84760	87470	81430	10730	23310	12530	54680	94760	116561	92900	75370	14970	29380	101090	93560	115120	88230	9490	73040	47550	78190	73010	123280	15570	84740	72560	85710	64330	92020	25720	54321	66950	89570	83930	81771	118820	68160	0	44370	78560	22120	9300	26850	35530	94670	32360	22360	65330	88390	42360	83290	69200	79480	53170	64091	80600	123463	4990	19130	80050	44440	90650	43510	31810	25150	19040	15390	61640	27820	32460	85420	75070	24730	60730	57890	86840	11520	59970	80031	71680	81870	22270	72840	39010	13780	75370	69510	17310	104180	9000	89300	54760	68640	105710	
55000	17890	40270	48150	46100	58240	42730	70150	113301	74490	54790	56980	45460	44580	57490	115440	106391	36910	45780	41030	73900	56290	93990	50960	42270	51480	24580	39550	53670	110920	58290	40360	95910	110971	96550	61420	51960	64090	99170	67900	97251	79560	106460	34910	44690	0	37740	46520	53330	22800	68100	67480	21230	39340	80790	90590	49420	54690	82660	39900	34320	65990	48050	129560	49050	58820	41280	51500	56690	41290	14900	21140	38830	31300	88810	28200	48620	46960	50140	25170	76990	34440	60210	40870	21240	84650	49380	107701	42040	98950	21630	31190	30990	95910	45980	88990	41170	44920	68640	80170	81160	
34350	53110	55540	56950	79420	65110	30860	65140	126370	75240	88930	84920	78710	53380	49640	111470	115010	33250	80870	63430	53210	48440	74570	43110	76410	50860	54440	28170	54000	94770	91610	10010	108340	123650	115960	60030	87350	75110	118130	52280	110870	86790	89510	22780	78830	37760	0	81910	87470	58430	95070	46790	56860	74730	93820	97820	62270	59720	95090	23960	42010	74790	22640	131160	83190	93300	9270	65670	53880	73180	48220	54190	68020	64620	108810	63590	71370	36730	45760	60800	91220	36060	39560	74190	34500	91990	64800	120670	74100	115140	43430	65100	12490	112970	78000	73370	74490	24340	82870	90530	60470	
93280	29880	52820	74300	25910	83160	81010	101850	108470	99360	25050	43790	31570	70550	84640	136722	112522	70370	8140	47310	111980	83440	128580	78110	14700	85910	36810	73190	85930	143640	30950	84140	93040	106710	84810	79210	6850	72251	87430	102490	103522	99701	138500	76110	22170	45850	81520	0	21650	23730	56010	105560	29240	7930	85810	107191	60290	70480	89680	74480	64380	82021	88550	141393	24210	17420	84860	62370	80250	30210	37600	33100	36970	27120	82120	18290	50570	80420	86170	21440	81210	68780	97730	29790	54970	97961	58860	102870	40200	93320	46960	22660	74770	89990	35860	121270	27270	88700	73620	87500	118630	
93910	39590	44280	64511	9890	71591	81640	91121	89040	87791	5540	26260	16990	61820	100370	121030	96390	80980	15490	36520	109161	99170	121481	93840	12850	81040	53160	83800	79811	128880	10750	93060	74130	87280	65900	97270	19530	58980	68520	96371	87520	86430	125181	76740	9320	52950	87140	21590	0	32460	37100	103130	37970	22880	69670	92790	48841	88540	73540	85090	61380	68750	89180	125492	5340	11790	88630	50431	96260	48750	40390	33730	26890	24070	63210	33340	37420	91030	83070	30340	65070	66570	95300	19270	65580	84490	76920	83440	30120	74410	47590	22360	83690	71080	21770	110541	16290	97620	59160	73030	112511	
74540	7710	37920	59250	30760	69340	62270	84590	109450	85590	36060	47491	33420	55500	68490	124990	104041	49100	23600	35900	93440	67290	110760	61960	20380	68090	21280	51920	68110	125360	40900	60710	91200	107690	88720	68050	29870	61740	91340	84670	94901	88330	120900	56230	27020	22420	58090	24430	32490	0	60270	87020	6090	17250	78440	97130	47070	58600	80310	53210	46560	71950	69370	132912	30320	36490	62600	49150	64380	25570	17690	16010	31000	19840	82350	7510	43490	59150	68350	3640	74640	50960	79630	29050	33700	87900	50180	103810	34210	93330	28950	15990	51340	90000	36080	104010	29110	65270	66290	77820	100700	
84460	64750	40990	49170	30200	49790	80950	69320	53150	64690	34030	14800	28590	48970	123550	88040	60500	103060	48850	31830	92310	122350	99680	117020	43370	67330	78130	105730	64470	99790	30840	101090	38240	51390	28860	124181	54950	36520	31480	79520	51630	57841	100261	80550	35580	67410	94320	56000	36930	60730	0	90000	62850	56240	36690	61120	36070	115451	39960	106080	57460	44860	90350	89501	35960	45260	95810	34570	121230	76921	53740	47080	30500	41720	27320	60131	26390	113110	69910	57890	32880	64690	83550	34210	87390	52840	104631	47550	35940	38520	55010	45620	98410	35190	25770	88740	33570	112340	31880	40380	95660	
12860	84100	61180	43390	93280	44500	24830	28440	93810	39460	104210	87020	86500	42580	93390	74770	80410	77000	99880	68150	6830	92190	28190	86860	95420	24810	90500	71920	26280	51530	103180	50080	84210	91090	96430	104050	110140	59530	98600	15580	79890	52330	46270	36990	94900	67220	46500	105480	103250	86980	90880	0	85410	100910	72650	63220	58940	103740	72640	67710	42440	54750	24830	93110	99040	111220	37850	56960	97630	107310	71250	72670	77220	81550	90530	93690	71700	80480	21570	86280	72940	37580	7870	86620	78120	59720	108480	90200	83300	90310	59740	83150	56170	91810	85000	33010	87730	68540	67170	67680	14090	
72340	3150	39320	58750	36630	68840	60070	82950	111500	85090	42040	52070	37580	55180	63740	126190	105441	44350	29580	37300	91240	62540	109120	57210	26360	66450	16530	47170	66470	123720	46880	57220	92600	109740	92130	63300	34910	63140	94750	83030	96301	89730	119260	52740	33000	18930	54600	29470	38470	6890	63680	84820	0	22290	79840	98530	48470	53850	81710	48460	44920	73350	65880	134312	36300	42470	59110	50550	59630	25530	17650	17410	34410	23990	85080	11150	44890	54400	66710	9950	76040	49320	77430	33210	28950	89300	45430	105210	37620	95890	28370	20150	47850	92180	40240	102370	33270	61780	67690	79220	98500	
88340	23090	48510	69990	26170	80070	76070	97540	108730	96270	26680	44050	31670	66240	80170	134142	109942	64130	9380	44730	107230	78970	123830	73640	14960	81160	32580	66950	81180	138890	32500	77350	93300	106970	85070	74980	13920	69671	87690	97740	100942	97121	134190	71170	22430	39060	74730	8480	22930	17090	56270	100810	22600	0	85320	104611	57660	66250	87791	68240	59630	79441	83610	138813	25190	22750	78220	59740	75780	26310	30960	28160	34390	24480	82380	11340	47990	74180	81420	14800	80050	64030	92980	28880	48730	95381	54630	103130	37620	93580	42020	20020	67980	90250	35890	116960	27250	81910	71700	85301	113880	
72240	80970	44750	40170	59700	32760	72370	44890	34870	35260	67380	44930	54700	40780	136490	55660	28970	116000	78350	44410	71940	137280	70581	131950	72870	54720	94350	116520	50630	66070	64720	100040	16200	33110	26300	142500	86980	19760	28470	57900	20000	24121	66541	76720	65080	80290	93270	85500	69670	78930	36350	72470	79070	85100	0	27420	34030	133050	5270	112310	52340	20350	84560	57871	65460	78610	91780	30250	137960	102890	66620	63230	51271	63210	19150	84750	40780	125570	59920	77020	5610	60020	70280	58500	100330	19120	124630	29270	57400	23340	61120	67110	100770	22150	50830	58771	59290	113140	14090	6660	72511	
67100	99980	63440	45990	82810	34710	71740	34830	32990	23890	91040	68950	77310	46600	142450	29640	18640	125520	99661	63100	60050	141250	54830	135920	93791	51630	113360	120980	47620	42040	88740	103400	28240	30270	45450	152210	110411	37080	47620	48270	20040	11060	43980	79020	88190	90810	97280	106701	92780	97620	60520	63100	97760	104081	27780	0	52720	145530	23630	116740	58160	29460	79420	43760	88570	102270	91170	48940	146690	121900	85310	81920	69961	81931	39000	103760	60720	129540	57520	95710	29440	65780	61420	79441	111900	9370	143640	30350	76121	33200	74120	85831	104780	35460	73510	43020	80530	117150	34030	22040	57320	
52510	48550	12000	17970	38231	25080	46800	44610	66711	41280	48590	30230	31451	16330	104070	79920	59801	83580	52410	12990	62620	102870	74970	97540	46540	36130	61930	84980	33270	83130	46390	68500	49460	64381	55280	107750	63160	17640	57450	49830	50801	44140	78670	46860	41460	47870	61730	59450	48201	46510	36250	58800	46650	56830	34340	53030	0	99250	36210	80770	23310	27840	56200	88672	43991	58031	63170	5050	103020	69820	34200	30810	22710	34560	46960	52330	14910	93540	38550	44600	30540	30540	51600	32190	67910	43800	90830	61111	28870	54460	28700	38260	69230	52290	29951	64030	33300	81600	22190	33720	65970	
91060	53610	91160	101630	86952	111720	85530	120160	164710	124920	92252	101833	89420	98050	28910	168320	158471	28480	75021	89140	110220	26040	131580	22380	76622	101490	38520	31860	103680	151620	97092	57860	147800	162950	144403	10760	73791	114980	147023	109130	149471	133040	146360	76990	83212	53990	59800	70561	88571	58190	115520	103800	56420	65841	132810	144320	100310	0	134680	35720	86690	119470	80970	188563	86512	86221	69040	102390	12850	41621	67050	69250	86250	75830	137610	59280	96730	31320	100150	61310	129010	84450	96410	85050	34290	138130	13030	159110	89460	148590	75510	71990	47670	145260	92080	130220	85110	59070	120410	132190	117480	
73590	82890	46670	41520	63650	34110	73720	44530	31960	33570	71330	48880	58650	42130	138410	51610	25720	117920	82300	46322	71750	138630	68920	133300	76820	56070	96270	117870	51980	63630	68670	101390	14030	30200	28470	144420	90930	21680	30640	57710	16750	22460	64880	78070	69030	82210	94620	89450	73620	80850	39680	72280	80990	87303	5310	23670	35950	134970	0	113660	53690	21700	85910	54621	69410	82560	93130	32170	139880	104810	68540	65150	53183	65153	21320	86670	43460	126920	61270	78940	10030	61370	70600	62450	102250	16680	126550	26360	59343	21400	63040	69053	102120	21870	54780	57110	63240	114490	16770	6170	70850	
55340	46760	74030	75440	82980	83610	49810	86130	145110	93730	88280	95010	84030	71870	25680	132460	134410	9290	75820	80150	74360	24480	95720	19150	72600	70300	40940	4210	72490	115760	93120	22140	126830	142390	134450	36070	80410	93600	136630	73270	129610	105690	110500	41270	79240	39900	24080	74970	84710	53130	106130	67940	51200	68040	112310	116720	80760	35760	113580	0	60500	93280	45250	152150	82540	88710	33320	84160	29920	57920	54570	60260	76860	69870	127300	56900	87740	12770	65170	56250	109710	54550	60550	79440	20470	110890	41970	139410	80070	133790	58240	66770	11950	131470	84010	94360	79740	23350	101360	109020	81620	
34910	44900	19300	15650	52410	25740	24760	38900	84590	41920	63170	49030	45860	12080	86120	82840	74370	67380	58760	27540	48960	84920	65070	79590	54300	22450	58260	64650	22420	79670	63930	48170	67040	81870	75030	94070	69020	33810	77200	38980	69570	47060	75210	24670	53620	34280	41400	64360	61740	46490	57720	42540	45730	60190	52520	58090	23250	87390	53790	60440	0	33490	33630	96960	57530	69940	40600	26080	89340	68390	31380	31950	35330	40270	67880	53350	34910	73210	23150	45620	50290	7970	34710	44730	53890	52150	83060	79370	41410	73900	18580	41870	48900	72040	44360	58320	45840	61270	41940	49230	55120	
51980	74360	37400	21150	59120	12500	52300	27010	52440	20310	68030	49080	52951	21760	118970	54590	41790	100230	74501	37940	54060	117770	57370	112440	68631	34460	87740	97500	30370	61260	65830	81020	34890	49720	43140	126920	85251	10870	45310	40020	37420	18810	58780	57690	63551	65970	74250	81541	69090	72320	44950	54590	72460	78921	20370	29480	27420	120240	21640	93290	33320	0	64300	68710	64880	78920	71910	23640	122190	95630	60010	56620	44801	56771	37440	78140	36500	106060	39660	70410	19500	41000	50020	54281	86610	20240	114990	47220	50961	41750	49280	60671	81750	40150	49720	46430	55391	94120	13740	17080	56120	
12510	64430	51270	46130	81130	51940	11300	44310	109680	55330	90810	81620	77390	43450	70430	90640	96280	54040	82930	60130	31040	69230	52400	63900	78470	30600	70830	48960	34330	73940	93320	26200	98000	106960	105990	80820	93190	64770	108160	31450	94770	68200	68680	17320	80710	48330	22620	88530	89350	69750	90800	24620	68180	83960	83480	79090	56330	80510	84750	44750	33790	63270	0	108980	85070	95240	13970	58860	74670	87640	54300	55720	66700	66330	98840	74910	67990	57520	26200	69330	81250	26410	18200	74720	55220	74600	85520	105080	72780	104860	43830	66810	33210	103000	76680	52540	75830	45540	72910	80190	38300	
96890	134664	98653	84800	117862	73520	106310	67460	42870	60170	122112	100161	112194	85410	177620	19840	31960	161230	133744	97183	88780	176420	71250	171090	127874	86200	149073	156150	83660	46540	118842	134510	54731	42800	70270	188280	143072	74790	72440	78060	40671	49870	52910	116430	122794	129790	130930	140784	125012	132534	88771	92890	132764	138164	57731	43680	87933	187884	54431	151940	96970	68680	109210	0	123662	133342	122280	84153	188150	157613	120523	116924	104044	116014	64510	138324	95743	164710	92220	130594	62451	103650	91210	113524	150790	51650	179464	44470	110204	54590	112930	119914	140400	57330	108963	65460	114634	152770	69880	59280	83240	
89690	37250	40060	60291	5670	67371	77420	86901	87710	83571	6630	23550	12770	57600	98030	116870	93140	78640	17180	32300	104941	96830	117261	91500	12760	76820	50820	81460	75591	124660	11630	89100	72800	85950	64570	95290	22510	54760	67190	92151	84170	82210	120961	72520	5000	48730	82920	23550	5200	30120	35770	98910	35630	24570	65570	88630	44621	86560	69440	82750	57160	64530	84960	123902	0	15030	84410	46211	93920	46780	36170	29510	22670	19750	61880	31090	33200	88690	78850	28000	60970	62250	91080	15050	63240	80330	74950	82110	25900	73080	43370	18140	79730	69750	17550	106321	12070	93660	55000	68880	108291	
99890	44020	54280	74511	19890	81591	87620	101121	96940	97791	11310	33690	26990	71820	101270	131090	104290	85410	14520	46520	117250	100070	131481	94740	18510	91040	53440	88230	89811	140031	17160	97410	81560	95180	73330	94860	13240	68540	75950	106371	95420	95990	135571	82720	19320	58900	93120	17460	11690	36890	44530	110830	42400	22940	78230	101860	58841	86130	82100	89520	69650	78310	95160	133392	15340	0	94610	60431	96440	44950	46370	39710	36890	30330	70640	33450	47420	95460	91440	34600	73630	74050	103000	29270	70010	93560	74050	91340	40120	81840	53570	28340	88040	78510	31770	120541	26290	101970	68230	81590	122511	
25920	57720	56720	54850	80890	60660	22430	56710	121620	67380	90570	86100	79890	51840	58620	103040	108330	42230	82690	64610	44780	57420	66140	52090	78230	42430	62690	37150	46160	86340	93080	12560	106570	118900	114560	69010	91800	73340	116730	43850	106600	80250	81080	23960	80470	41620	8980	86360	89110	63040	96250	38360	61470	79180	92050	91140	63130	68700	93320	32940	40590	71990	14210	122730	84830	95000	0	65960	62860	80930	51580	55480	69200	66090	107410	68200	72550	45710	37330	64400	89820	33210	31130	75660	43480	86430	73780	116910	75280	113430	44610	66570	21470	111570	79180	64940	75960	31900	81470	88760	52040	
50880	51360	15140	15590	39161	22450	47590	41980	62501	38650	49520	31160	32381	15390	106880	75800	55591	86390	53931	15800	60240	105680	72340	100350	48061	33750	64740	88120	30890	80500	47320	71640	45250	60171	51070	110560	64681	13430	53240	47450	46591	40020	76040	49960	42981	50680	64870	60971	49131	49320	35020	56420	49460	58351	30130	48820	4420	102070	32000	83910	26030	23640	58920	84462	44921	58961	65890	0	105830	72630	37010	33620	24231	36201	43920	55140	15840	96440	36330	47410	26330	33260	49970	33711	70720	39590	93650	56901	30391	50250	31510	40101	72370	48080	30881	61400	34821	84740	17980	29510	63590	
85420	59180	96120	103710	93920	113680	79890	116210	170381	123810	99220	109790	95300	100140	18960	162540	162690	25670	84370	95020	104440	15000	125800	12690	83540	100380	44400	26330	102570	145840	104060	52220	152930	168051	150400	7130	84201	119940	153060	103350	154471	135130	140580	71350	90180	56080	54160	80230	95650	64070	121400	98020	62300	75510	137810	146410	105270	12950	139680	30080	88780	121560	75330	187940	93480	96631	63400	107350	0	52031	70750	75130	92130	81710	143490	65160	102610	23450	95250	67190	134010	84630	90630	90930	36380	140220	23440	164781	95340	154470	77600	77870	42030	151140	97960	124440	90990	53430	125660	137190	111700	
94710	27030	61810	82820	47890	92910	82440	107020	128522	109160	52920	63652	52100	79250	60010	150680	129031	51870	35620	59790	113610	58810	134500	53480	37510	90520	18450	55580	90540	150860	58030	72540	113242	126762	106222	50260	32600	85630	108842	107100	120031	113260	146400	74040	44150	40850	71460	30110	49170	26340	77422	107190	27080	26420	103370	122260	70960	41530	105240	56870	68990	95840	87180	157902	47450	45030	80310	73040	51840	0	41190	39900	53621	42481	102322	21720	67221	59990	90470	29840	99570	73390	99920	48411	38780	112830	29450	122922	56851	113522	52440	38631	62360	110192	55421	129500	47680	76290	90180	102750	121330	
59060	17700	26610	45270	32440	55360	46790	69470	99501	71610	42070	43320	31800	41700	71110	112400	92591	50620	34010	27370	77960	69910	95640	64580	29550	52970	31290	53290	52990	110240	44630	54860	82250	97171	82890	74790	44090	50430	85510	69550	83591	76620	105780	41890	31970	14910	49050	38650	40610	17560	54440	71540	17470	31470	67130	85820	35760	66370	69000	53640	31440	60640	54330	121462	36330	46440	51230	37840	70060	40640	0	7480	25170	17640	75150	24420	34960	60670	53230	16690	63330	35840	63950	27210	34950	76590	59160	93901	28380	85290	14310	18120	45910	82250	32320	88890	27510	59840	54980	66510	85220	
61400	18960	21910	43240	25410	53330	49130	70720	93360	69580	35090	36100	24770	39490	77750	108100	87891	57260	27520	19890	80290	76550	96890	71220	23060	54220	32340	59930	54240	109310	37600	61400	75190	91600	75670	79110	37780	45730	78290	70800	78891	72320	104850	44230	24990	21550	54630	33120	33630	16920	47220	73870	17060	28550	62430	81120	31060	69660	64300	60280	32690	55940	56670	116762	29350	39520	56120	33140	75440	40230	7880	0	17950	10610	67670	23200	27480	67310	54480	15470	58630	37090	66040	20180	41590	71890	61240	87070	21160	77810	15080	11090	52550	74770	25100	90140	20480	66480	50280	61810	86940	
69580	35320	18360	39330	17510	46440	58260	65970	78370	62640	28270	18890	11120	35890	94120	97771	75802	73630	30050	10590	83630	92920	96330	87590	24180	54820	48700	76300	54630	104490	29190	74300	61220	76610	58460	95470	40800	35531	61080	71190	66802	62981	100030	55050	19100	37980	67530	37090	26840	31520	30010	77210	33420	34470	51781	70471	23570	86020	53651	76650	35460	45301	66870	104673	22630	36670	69020	25650	91800	53390	24310	17650	0	12320	52760	35930	14490	83680	56850	28490	46550	41210	69380	9830	57960	61241	77600	72770	6510	63740	24920	16220	68980	60410	10410	85390	10940	82910	38200	51161	87330	
71110	25180	27250	49830	15160	58560	58840	77380	89350	74760	25560	29010	14520	46080	85770	109891	87922	66380	21390	22710	87510	84570	104110	79240	14820	61440	38560	69200	61460	115900	27350	71110	72700	87590	70030	85330	31650	47651	72650	78020	78922	75101	111440	53940	15460	31260	64340	26990	24130	19660	41580	81090	23280	24370	63300	82591	35690	75880	65771	69800	39910	57421	66380	116793	19820	30460	65830	37770	81660	42140	17590	10930	12370	0	63740	23710	25970	76430	61700	16270	58030	44310	73260	9930	50980	73361	67460	83750	15600	74720	24790	4670	62260	71390	16930	96800	10230	76190	49680	63281	94160	
89590	86430	55610	56380	56400	50110	88580	62930	26700	52720	60230	39020	52540	56990	145680	64060	36470	124730	75050	49140	89980	144480	87760	139150	69570	72070	99810	127400	67980	80930	57040	115260	11810	24940	10610	147040	81150	35590	12780	75940	25720	41300	82870	92930	61780	89020	108490	82200	63130	83080	27260	90510	84530	82440	19350	39210	46930	137590	21470	127530	68550	37700	101020	63941	62160	71460	107990	44950	143360	101571	75350	68690	53140	63890	0	84781	43700	135240	76600	80060	20160	76230	87630	57110	109060	35520	129170	21100	58080	12070	71900	67790	115990	8740	48670	75950	57320	128360	27580	24120	89690	
81340	11960	44220	65700	31670	75780	69070	91570	111511	91980	36970	46641	34970	61950	69400	132050	110332	53320	19850	42200	100240	68200	117740	62870	21290	75070	21910	56140	75090	132800	41810	66220	96231	109751	89211	68680	24180	68040	91831	91650	101332	94630	128340	61740	27930	27930	63600	18740	33400	7620	60411	93820	12010	11350	84740	103630	53370	59230	86610	57430	53540	78250	74880	139203	31230	33220	68110	55450	65010	21130	24670	23170	36010	23850	85311	0	49610	63370	75330	9380	80940	57940	86430	30870	37920	94200	48330	105911	39240	96511	35930	20000	56850	93181	37880	110990	30550	70780	72590	84120	107500	
65930	45290	17160	31220	26840	38300	58340	57830	68550	54500	37450	19300	20060	30240	104080	88960	66991	83590	42870	8000	75870	102880	88190	97550	37000	49380	58670	86260	46520	96350	35460	77260	51070	66790	51990	105440	53620	26720	54160	63080	57991	54170	91890	56720	31920	47880	70490	49910	36810	43160	26770	72050	43390	47290	40990	60950	15550	95990	43690	86610	34850	36490	67290	95862	32600	46640	71980	17130	101770	66210	34210	27550	14000	25140	43550	48750	0	93640	51970	41220	35670	41630	65020	22490	67920	52430	87570	62950	19330	53690	31440	29040	77990	50650	18210	77250	23280	90360	27320	41200	79220	
68350	52700	87040	88450	88920	96610	62820	99140	158530	106750	94220	102430	90140	84880	19390	145470	147520	10470	81760	87570	87370	18190	108730	12860	78540	83310	45670	10130	85500	128770	99060	35150	140250	155810	142550	29480	86350	106610	145210	86280	143030	118700	123510	54280	85180	47320	37090	80910	90650	59070	113550	80950	57140	73980	125730	129730	93770	31550	127000	13010	73510	106290	58260	165160	88480	94650	46330	97170	23330	61030	61990	67680	84280	76550	135640	62840	95160	0	78180	62190	122720	67560	73560	85770	26610	123900	40460	152830	87490	146620	68840	72710	24960	143290	91430	107370	85830	36360	114370	122440	94630	
15250	66790	41020	22820	73120	28330	15750	26290	86950	33860	84050	66450	66340	22420	90920	75300	74780	74530	80770	47990	28300	89720	43850	84390	76310	6910	74030	69450	11610	61590	82610	49940	74450	84230	82700	101310	91030	41630	84870	17760	71930	46560	56330	27910	75630	50050	46200	86370	83090	68500	70310	21880	67620	82200	59930	57590	38750	100800	61200	65240	23100	39660	26550	92400	78880	91950	37710	36390	95160	90280	53270	53960	57080	62280	75700	75360	51130	78010	0	67630	58110	19510	14340	66560	67300	51760	98830	82240	63240	81310	40470	63880	53700	79710	64840	38850	67670	66070	49760	56640	33900	
74140	11040	36310	57790	28650	67870	61870	83660	107010	84070	34070	44450	29960	54040	71820	123380	102422	52430	21720	34290	93040	70620	109830	65290	18390	67160	24610	55250	67180	124430	38910	63370	88870	105250	86100	71380	28440	60130	88720	83740	93291	86720	119970	56970	25030	25080	60750	23000	30500	3670	57650	86620	9380	15820	76830	95520	45460	61930	78700	56540	45630	70340	69410	131293	28330	34500	64020	47540	67710	29170	16760	15260	28540	16380	79910	9250	41880	62480	67420	0	73030	50030	78980	25590	37030	86290	53510	101110	31770	90890	28020	12530	54000	87560	32620	103080	25650	67930	64680	76210	99880	
71410	77860	41640	38400	55050	31930	70600	45220	39550	36400	62730	40280	50050	39010	133380	57220	33650	112890	73700	40240	72270	134210	72141	128880	68220	53890	91240	114620	49800	67630	60070	98140	20750	37790	26030	139390	82330	17650	28200	58230	24680	25681	68101	74950	60430	77180	91370	80850	65020	75820	32640	72800	75960	80290	5580	28980	30920	129940	9950	110410	50570	19520	83040	62551	60810	73960	90010	27140	134850	99780	63510	60120	47260	58400	19930	81640	36040	122940	58530	73910	0	58250	69450	53690	97220	20680	121520	33950	52590	25210	58010	62300	98870	23040	46180	60331	54480	111240	9770	8220	74071	
30010	48930	25310	23040	57470	32190	17740	39650	91980	44410	67870	55660	51430	19470	80240	88080	81760	63850	62910	34170	44180	79040	63490	73710	58450	20980	58510	58770	23170	80420	69500	42290	74430	89260	82420	90630	73170	41200	84590	37400	76960	54450	75960	17830	57770	34530	35520	68510	66440	50640	64840	37760	49760	64340	59910	65480	30370	85280	61180	54560	7830	40880	26330	104010	62130	74090	33300	33200	84480	72420	35410	36100	40740	44420	75270	57500	42030	67330	19640	49770	57680	0	29930	50140	51780	59540	83310	86760	46820	81290	22610	46020	43020	79430	50720	58490	51250	55390	49330	56620	51440	
6180	77400	53660	36210	85790	38880	18130	26930	92300	37950	96720	79840	79010	35090	86340	73260	78900	69950	92510	60660	14250	85140	35610	79810	88050	17320	83800	64870	20110	56560	96000	43230	82700	89580	93250	97000	102770	53360	95420	14070	78380	50820	51300	30290	87370	60520	39650	98110	95760	80100	83700	7830	78550	93860	70480	61710	51450	96690	71130	60660	34910	50210	18480	91600	91550	103690	31000	49780	90580	100610	64200	65620	69690	74020	86940	86830	64520	73430	14080	79230	69350	30050	0	79090	71130	58210	101430	88690	75770	88800	52210	75620	49120	90260	77510	35160	80200	61490	61000	66170	21510	
78970	34540	27750	48920	9890	56030	67050	75560	82860	72230	20650	20770	7370	45480	95130	107361	85392	75740	22530	20180	93020	93930	105920	88600	16660	64410	47920	78560	64220	114080	22480	80630	67580	81100	62150	94690	33280	45121	64770	80780	76392	72571	109620	62360	11580	40780	73860	29680	19220	29020	33700	86600	32640	28250	58690	79670	33160	85240	62410	79320	44850	54891	74590	114263	15010	29050	75350	35240	91020	48020	27110	20450	9840	9770	57030	30630	23150	85790	66440	25630	54030	50380	78770	0	60340	70831	75730	77260	13070	68230	31760	13130	71780	64900	8670	94980	3320	85710	46040	59920	96920	
64840	27360	61200	68790	63580	78880	53640	87330	134291	92090	68880	76270	64800	65220	36700	136230	127381	16120	56420	61410	83860	35500	105220	30170	53200	68660	21730	18940	70850	125260	73720	34660	116710	131961	115850	41100	61010	85020	119040	82770	118381	100200	120000	45240	59840	21160	33580	55570	65310	33730	87390	77440	31800	48640	101720	111480	70350	34420	103590	20230	53860	86630	54750	150350	63140	69310	42860	72430	36370	39760	35830	41520	58120	51130	109190	37500	69000	26170	67320	36850	97920	51620	70050	60430	0	105290	32780	128691	61330	120070	42680	47370	24480	116290	65270	103860	60490	38410	89570	101100	91120	
62430	90470	54250	40000	74570	28720	66360	31300	37050	20360	82800	60710	68921	40610	136570	37240	24350	119080	90471	53910	58150	135370	54150	130040	84601	45850	103850	115100	41740	47270	80500	98170	26480	34330	41870	145770	101221	27890	44040	44780	22030	7690	49210	73140	79521	84820	91400	97511	84540	88430	53030	59540	88570	94891	19540	9410	43530	139090	16760	110860	52170	20270	74750	51360	80330	94030	86370	39750	140810	112390	76120	72730	60771	72741	35420	94250	52470	123660	51640	86520	21200	59790	57860	70251	105460	0	134130	32340	66931	32580	68130	76641	98900	34080	65270	42340	71361	111270	25790	13800	56080	
96370	45060	82610	96890	75680	106980	84920	118610	155652	123370	80880	90782	79311	93320	38350	167520	149921	33830	63580	80590	115570	36190	136930	31820	65300	99940	29910	38740	102130	156970	85820	64110	139250	153892	133352	20910	61950	106430	135972	114480	140921	131490	151710	76520	71940	49260	65110	59120	77130	49640	104552	109150	47870	54400	124260	142770	91760	13130	126130	42380	83060	114970	86280	180013	75240	74380	74390	93840	23440	29700	59810	60700	77700	67280	129060	48540	88180	40760	98600	52760	120460	82900	101760	75541	32740	133720	0	150052	80910	140040	69800	63440	53710	136710	82551	135570	74891	65730	111860	123640	122830	
93650	106390	72272	67720	77830	59280	97580	62520	5600	51580	81670	60450	73220	68330	164342	44300	16710	143852	96560	68440	89370	165172	84600	159842	91080	77070	122202	144600	72960	66000	78470	127590	16920	3840	27840	169050	102700	47950	30010	76000	11480	38910	70450	104270	83210	108032	120820	103710	84640	104220	48690	90760	104450	103950	29950	30860	61552	159600	27050	140390	79890	47900	105970	44181	83590	92970	117590	57772	165370	123151	94142	87990	73520	84270	22120	106361	63000	153650	82860	101230	34670	87570	89080	77790	128182	33130	150861	0	78460	11090	88642	88170	128850	14940	69350	73560	78000	141220	43040	32440	87300	
79400	53410	28480	44200	26240	50500	70000	70030	74140	66700	36080	18080	21240	43220	112210	99490	77530	91720	44140	19420	88850	111010	100390	105680	38660	62360	66790	94390	59500	107280	34090	88580	58720	72380	55480	113560	53520	37380	58100	76060	68560	64830	104090	68040	31620	56070	81810	51290	36210	49610	28290	85030	51510	50330	49960	71250	28530	104110	53830	94740	46530	47150	78610	106522	32000	46040	83300	30110	109890	70100	42400	35740	19160	30380	48530	52710	16790	101770	64940	46550	45340	52950	78490	23730	76050	62950	95690	68540	0	59510	42260	34280	87070	56180	16840	89450	24520	101000	37620	51500	92200	
92980	96780	65110	61590	67830	54180	93790	61850	15470	50910	71660	50450	63950	62200	156790	54080	26490	136300	86480	58830	88700	155590	84700	150260	81000	76030	111370	138390	71920	74930	68470	121460	9870	14280	16750	158150	92620	40870	18920	75330	18510	38240	76870	98140	73210	98710	114690	93630	74560	94190	38690	90090	94840	93870	23200	33210	54820	148700	21390	134180	73760	41770	105300	53961	73590	82890	113200	51040	154470	113001	85040	78380	63940	75000	12120	96211	53390	146350	81340	91170	25190	81440	88410	68520	120630	32460	140280	10440	69190	0	81400	78900	122640	4910	60080	72890	68730	135010	33670	26780	86630	
48570	28390	19040	31740	39050	41830	36300	56410	93291	58080	49380	43680	35500	28170	78970	98500	86381	58390	41500	24540	65980	77770	82580	72440	37040	39910	41760	59080	39930	97180	51240	49600	76040	90961	79560	82900	51760	44220	81730	56490	77381	62720	92720	31610	39280	21610	42830	47100	47920	28830	54800	59560	28740	42530	60920	73750	28770	76170	62790	58160	18380	49150	43840	112620	43640	53810	44320	31630	78170	51880	14290	14290	24810	24900	71120	35690	32130	68440	40170	27960	57120	22780	51730	31900	42720	67810	69630	87691	30890	81040	0	25380	48600	78220	34790	75830	33010	61360	48770	60300	72630	
71550	21410	30210	51690	16880	61770	59280	79240	93070	77970	24000	31920	17430	47940	82000	115842	91642	62610	16940	26430	89370	80800	105970	75470	12480	63300	34790	65430	63320	119820	28400	71360	76420	91310	73570	81560	27200	51371	76190	79880	82642	78821	113300	54380	13900	30990	64780	22540	22540	15890	45120	82950	19510	19920	67020	86311	39360	72110	69491	66720	41770	61141	66820	120513	18260	28430	66270	41440	77890	38370	18030	11370	16090	4750	67460	19940	29690	72660	63560	12500	61750	46170	75120	13060	47210	77081	63690	87470	19320	78440	25230	0	61990	75110	20090	98660	13140	75920	53400	67001	96020	
44180	46650	62870	64280	77400	72440	38650	74970	133950	82570	86090	88280	76760	60710	37430	121300	122730	21040	74950	70760	63200	36230	84560	30900	71880	59140	44910	15960	61340	104600	89590	11370	115670	131230	123290	47820	80890	82440	125460	62110	118450	94120	99340	30110	75990	31300	12910	75450	83990	51970	99400	56780	50400	68270	101150	105150	69600	47510	102420	11750	49340	82120	34090	140990	80350	87990	22190	73000	41670	63650	46200	52440	70130	62600	116140	57130	78700	24520	54010	54340	98550	43390	49390	72170	24780	99320	53530	128250	73340	122470	48830	62490	0	120300	77280	83200	72470	14210	90200	97860	70460	
91200	93660	62650	59130	65100	51720	91330	62120	19520	51180	68930	47720	60670	59740	153510	56880	29290	133020	83750	56370	88970	152310	84970	146980	78270	73680	108090	135480	69590	76980	65740	119000	7740	17760	14020	154870	89890	38410	16190	75600	20560	38510	78920	95680	70480	96250	112230	90900	71830	90910	35960	90360	91760	91140	20740	35260	52360	145420	20360	131270	71300	39310	103520	56761	70860	80160	110740	48580	151190	110271	82580	75920	60970	71720	9390	93481	50930	143070	78880	87890	22730	78980	88680	65240	117350	32730	137000	13920	65910	4550	78940	75620	119730	0	56800	73160	65450	132100	31210	25510	86900	
78480	41540	26790	46410	11840	52710	68210	72240	74350	68910	22770	13210	5060	43720	101680	101700	78520	81190	27900	18420	91060	100480	102600	95150	22420	62940	54920	83860	61711	109490	23130	84250	59240	72590	53640	101690	38650	39590	56260	78270	69550	67040	106300	65000	16950	45540	77480	35050	21810	36020	25190	85560	39640	34900	50950	73460	30740	92240	54820	84210	44840	49360	76820	108732	17600	31640	78970	32320	98020	54960	31870	25210	10400	16770	48520	37570	18110	91240	64970	32630	46350	51160	78020	8590	65520	65160	82670	68750	13640	59720	34870	20130	76540	56390	0	91660	9030	90470	39830	53710	94411	
40630	102940	72330	50040	100541	42210	51960	20020	75580	28370	110900	92090	93761	51460	120120	46460	59670	103730	115311	76300	27350	118920	14030	113590	109441	40140	113920	98650	37710	26880	108700	77010	67200	72860	82590	130780	126061	57130	84760	22360	62880	35290	21620	64120	104361	89760	73430	121770	110511	104650	90090	32840	103770	117830	59050	43420	64840	130470	57480	94440	58760	46990	52950	65900	106301	120341	64780	62310	124360	129370	89420	90110	85611	97581	76140	111510	77220	107210	39700	103780	60710	59220	34950	95091	104910	42710	135210	73190	91771	73300	76620	99280	82900	74800	92261	0	96201	95270	60250	53310	20320	
79610	34480	28390	50080	6940	57190	68210	76720	83050	73390	17690	19650	5160	46640	95070	108521	86552	75680	19990	21340	93660	93870	107080	88540	14510	65360	47860	78500	65330	115240	19900	80950	67940	81290	62340	94280	30740	46281	64960	81890	77552	73731	110780	63520	9040	41100	74180	27140	16260	28960	33640	87240	32580	26610	59360	80340	34320	85180	63080	79640	45490	56051	75750	115423	12050	26090	75670	36400	90960	46900	27430	20770	11000	10090	57220	30230	23820	85730	67390	25570	54700	51240	79410	3380	60280	71991	74730	77450	14230	68420	32920	13180	72100	65090	9340	96140	0	86030	46710	60590	98030	
56190	60060	74880	76290	90810	84450	50660	86980	145960	94580	99500	101690	90170	72720	48890	133310	134740	32500	88360	82770	75210	47690	96570	42360	85290	71150	58320	27420	73340	116610	103000	19840	127680	143240	135300	59280	94300	94450	137470	74120	130460	106130	111350	42120	89400	44710	24270	88860	97400	65380	112810	68790	63810	81680	113160	117160	81610	58970	114430	23210	61350	94130	45400	153000	93760	101400	32030	85010	53130	77060	59610	65850	83540	76010	128150	70540	90710	35980	66020	67750	110560	55400	61400	85580	38190	111330	65180	140260	86750	134480	61080	75900	14270	132310	90690	95210	85880	0	102210	109870	82470	
63140	68870	32650	29580	49140	24170	61780	40260	47710	33560	57370	36710	43640	30190	124390	62220	40890	103900	66480	31250	67310	125220	70620	119890	61000	45620	82250	105630	41530	72630	55170	89150	28590	45470	33870	129590	76420	8790	36040	53270	32690	29560	71240	66130	54520	68190	82380	73630	59110	66830	32040	67060	66970	71760	14090	33980	21930	120140	16720	101420	41750	13730	74220	70110	54900	68600	81190	18150	125860	90140	54520	51130	38470	49610	26720	72650	27050	113950	49800	64920	9130	49430	61180	46070	88230	25680	111720	42110	43800	33050	49020	53510	89880	30880	39840	59680	46860	102250	0	14230	69370	
68340	80310	44090	36900	62970	29490	69100	39940	37300	29460	70730	48280	57470	37510	135210	49860	30290	115340	80303	43742	66990	134010	64781	128680	74433	51090	93690	113250	46980	60270	68070	96770	19370	34870	31140	141840	90250	19100	33310	52950	22090	18321	60741	73450	68350	79630	90000	87343	72940	78270	40090	67520	78410	84723	6600	21620	33370	132390	6120	109040	49070	17080	80660	59510	68730	81960	88510	29590	137300	102230	65960	62570	50603	62573	23990	84090	40880	122300	56650	76360	8260	56750	65840	59900	99670	13320	123970	31700	56763	26740	60460	66473	97500	26990	53670	52971	60690	109870	14190	0	66711	
26550	97790	71460	50370	102001	48120	38520	29490	89770	40510	112360	94000	95221	52670	107080	63940	74550	90690	113340	77760	8620	105880	15180	100550	108880	35400	104190	85610	33260	38520	110160	63770	80660	87050	96050	117740	123600	64020	98220	17700	76340	48750	33260	50680	105821	80910	60190	118940	111971	100670	96270	14110	99100	114600	72510	57440	66300	117430	70940	81400	55180	56260	38520	83380	107761	121801	51540	63940	111320	121460	84940	86360	87071	94850	89600	107380	78680	94170	34180	99970	74170	51270	21560	96551	91810	56170	122170	86650	93231	86760	73040	96450	69860	88260	93721	20680	97661	82230	69520	66770	0	

0	                                         Portslade	0	0	32400	0

1	                                           Farnham	435	7381	10786	870
2	                                           Dorking	162	22255	26167	324
3	                                       Maidenbower	630	1772	5905	1260
4	                                           Staines	620	4788	7315	1240
5	                                    East_Grinstead	708	1656	4094	1416
6	                                          Steyning	583	14968	17968	1166
7	                                          Uckfield	544	8862	11887	1088
8	                                        Gillingham	150	10617	12962	300
9	                                       Crowborough	554	23749	27852	1108
10	                                            Slough	210	6898	9415	420
11	                                          Richmond	385	8143	11242	770
12	                                        Shepperton	679	3390	8076	1358
13	                                           Crawley	265	8977	12907	530
14	                                           Gosport	542	17358	22031	1084
15	                                         Tenterden	448	4990	7828	896
16	                                         Maidstone	119	6232	9717	238
17	                                     Waterlooville	332	17967	21008	664
18	                                         Bracknell	697	7986	12622	1394
19	                                       Leatherhead	721	25196	28207	1442
20	                                          Newhaven	505	16253	18556	1010
21	                                 Lee-on-the-Solent	400	12328	14853	800
22	                                        Eastbourne	739	12514	16611	1478
23	                                           Fareham	133	8460	12770	266
24	                                             Ascot	548	24172	27671	1096
25	                                      Burgess_Hill	152	14675	17877	304
26	                                             Alton	508	23078	25597	1016
27	                                            Havant	212	9111	12868	424
28	                                    Haywards_Heath	741	10127	14251	1482
29	                                          Hastings	344	9125	12839	688
30	                                              Iver	271	4960	8789	542
31	                                      Bognor_Regis	139	19801	22741	278
32	                                         Longfield	707	17532	20267	1414
33	                                           Chatham	575	16103	18813	1150
34	                                            Aveley	697	19622	21658	1394
35	                                       Southampton	554	12837	16252	1108
36	                                           Twyford	640	15302	18355	1280
37	                                             Oxted	823	13869	17336	1646
38	                                    South_Ockendon	395	17250	20622	790
39	                                             Lewes	558	11115	13589	1116
40	                                          Snodland	307	4883	8013	614
41	                             Royal_Tunbridge_Wells	173	9956	14725	346
42	                                           Bexhill	443	7616	11476	886
43	                                       Storrington	236	18811	23549	472
44	                                             Egham	561	8238	10333	1122
45	                                         Haslemere	401	10092	13813	802
46	                                           Barnham	103	7664	12608	206
47	                                         Wokingham	110	22945	26124	220
48	                                           Windsor	654	18279	20861	1308
49	                                         Aldershot	141	16034	21025	282
50	                                            London	653	9653	14204	1306
51	                                       Rottingdean	519	23551	27391	1038
52	                                              Hale	770	21514	24742	1540
53	                                        Crowthorne	277	15220	18856	554
54	                                          Shoreham	418	7078	9102	836
55	                                      Paddock_Wood	717	13916	17328	1434
56	                                           Reigate	498	15279	20006	996
57	                                       Bishopstoke	167	17683	20369	334
58	                                           Kemsing	568	25273	27861	1136
59	                                          Emsworth	264	17524	22094	528
60	                                           Horsham	231	14094	18851	462
61	                                        Edenbridge	330	16783	20332	660
62	                                          Worthing	294	6501	11393	588
63	                                           Ashford	730	4957	9277	1460
64	                                       Old_Windsor	766	5092	7649	1532
65	                                        Maidenhead	271	11755	15729	542
66	                                     Littlehampton	119	24675	28272	238
67	                                           Redhill	122	24564	28158	244
68	                                         Bursledon	387	9340	12460	774
69	                                       Basingstoke	788	17133	19440	1576
70	                                         Godalming	436	5840	9120	872
71	                                         Guildford	692	21345	23526	1384
72	                                            Cobham	476	14646	17427	952
73	                                            Woking	554	8120	11654	1108
74	                                          Dartford	332	22432	26606	664
75	                                             Fleet	695	13015	16009	1390
76	                                             Epsom	482	20776	24111	964
77	                                        Portsmouth	428	13344	15915	856
78	                                    Hurstpierpoint	235	946	4157	470
79	                                       Farnborough	149	19231	23814	298
80	                                          Halstead	519	4229	7370	1038
81	                                        Southwater	130	14577	17394	260
82	                                          Brighton	554	13304	17675	1108
83	                                        Addlestone	270	16768	19213	540
84	                                       Petersfield	301	19569	23150	602
85	                                         Tonbridge	233	13250	17768	466
86	                                        Winchester	263	7424	10836	526
87	                                            Strood	595	14843	19651	1190
88	                                             Esher	143	7590	11038	286
89	                                         Gravesend	529	21092	25596	1058
90	                                         Cranleigh	456	22918	26305	912
91	                                          Knaphill	363	17112	19546	726
92	                                        Chichester	596	15754	19736	1192
93	                                        Swanscombe	504	21780	26670	1008
94	                                           Sunbury	101	7222	12059	202
95	                                          Hailsham	785	17220	21181	1570
96	                                          Chertsey	227	18341	23312	454
97	                                            Selsey	216	17966	21563	432
98	                                       Biggin_Hill	466	26746	28816	932
99	                                         Sevenoaks	227	6918	9631	454
100	                                           Seaford	186	25317	27993	372
