100

6350	3650

20	90

0	32220	58990	28300	99730	98210	94040	99440	53810	78721	57270	88240	89731	87030	96240	97810	76040	21860	91820	91500	96180	28280	61380	49880	79140	88840	89170	66850	97390	66860	93120	96920	89210	72170	93880	88300	72450	30800	36070	92980	75350	82620	99630	63171	29570	58490	91611	74810	88910	88240	99091	73360	57680	15100	92920	78350	62490	85550	86710	46690	60070	55540	83580	20670	58700	85670	58730	67910	77920	24850	75660	63470	45060	93990	19240	96681	71780	87150	85420	58361	82551	92451	38930	60130	96030	81060	82340	98930	75460	95220	86560	74380	93860	60100	36090	37580	92110	57700	49560	95000	50600	
32140	0	89430	39540	115000	119280	82190	93421	84250	108171	87650	57330	105511	71060	112020	74310	105720	52230	85801	72320	103100	53220	89460	18540	66690	82821	83521	57391	126150	80560	118360	74810	114450	84530	123330	88441	87870	57980	45930	62070	80310	102210	69090	92621	28050	48571	122551	84380	94771	57330	102390	68810	82920	29330	64440	53020	69300	101770	63340	70330	62861	75930	52240	51110	83940	62670	27820	72870	97920	54300	44750	92210	74510	115270	13890	112481	40870	56480	54080	61660	79690	94370	62570	55010	86650	102340	76421	85410	91240	102140	66750	68221	88301	28760	25550	56210	113010	82940	56710	110800	55920	
58960	89440	0	56450	128000	117070	103750	97040	7180	33790	6610	142750	59670	145160	70610	155090	22620	41450	95520	149160	127090	39550	17390	99360	97660	93260	89640	84780	61270	51110	72530	116400	87610	55240	49970	78870	103300	54240	56050	144530	108641	106520	156910	17330	86860	80460	39730	105660	72710	142750	136672	127710	64260	72620	121630	105420	96090	54390	143990	29980	69080	37780	123220	41420	66310	142950	112270	103580	41320	38990	131080	14680	18990	111470	76460	60740	123330	144430	121840	104390	131650	134992	34650	115840	102240	99820	87270	156170	51960	126130	105890	86050	91080	100830	71320	72760	111410	57750	59820	119950	62830	
28390	39530	56530	0	125460	122590	66720	72120	51330	81441	59110	87530	66471	103780	72980	111560	67580	31730	64500	106460	121910	18270	51320	44600	51820	61520	61850	39530	108681	41920	110380	69600	107690	46660	97591	60980	98180	51620	8750	89310	101960	108350	106340	65891	50280	31170	94331	100540	63400	87530	124582	96300	78660	41710	71780	55480	88480	62730	100590	32190	32750	36890	69930	25090	80180	99670	57050	94520	58880	36990	75010	54070	47820	118370	28390	73421	68110	93730	68550	83852	106980	117942	24430	83070	68710	105170	55020	118130	52200	120950	59240	47060	66540	46070	16560	63570	116790	75080	22240	120730	23280	
99660	114910	128070	125380	0	20240	191920	197320	128550	111690	122760	153730	175103	97381	182393	126351	145370	102340	189700	109021	24670	118190	139420	133270	177020	186720	187050	163930	93550	153660	75270	189540	57450	159430	112410	180623	28600	83220	133150	165430	36320	24080	138021	114160	87140	155570	135650	31890	179433	153730	34590	73471	64410	92990	179170	167750	50750	169853	119901	130303	157150	141333	166970	108530	61860	116171	142550	44040	161482	101871	139990	138480	109420	27900	109950	182253	155600	132160	168810	60070	67421	48251	124770	73770	193910	28510	180220	87641	161613	24920	181480	172260	191740	143490	132410	65630	25520	70750	145840	9030	147680	
98230	119410	117050	123160	20130	0	190490	192262	117530	96990	111740	159870	169192	115020	176482	142440	131520	97460	188202	126660	43390	113871	128390	137770	175590	185290	184012	161710	76870	148062	56680	194040	38860	153832	97030	174712	35310	74080	130930	171570	45940	19640	150910	103140	91640	153350	122690	41510	173522	159870	53310	90650	53390	92070	183670	172250	54720	163942	135050	124392	154700	135422	171470	104730	50840	132220	146981	53660	151390	93360	146260	127450	98400	8300	109180	171390	160031	138430	173310	69690	85870	66971	119341	83870	192480	18400	178501	106361	155702	43640	183010	170541	186302	147990	130980	64710	7810	59730	142790	14520	145460	
94000	82120	103461	66610	191950	190430	0	16090	96281	134931	108271	95593	70460	152180	66170	145452	107140	94230	13060	154590	185774	78050	91550	70870	16940	13140	17430	28430	163961	55000	172631	19940	170870	52630	151111	31920	163790	116560	59830	88470	162460	174840	130982	118471	109990	36350	134660	166150	45120	95593	183925	149930	141000	105250	43830	36480	151450	68920	138630	74241	37200	66971	59160	86450	143420	139250	74840	155020	77400	99330	95170	93050	104181	186210	87610	74810	82300	119452	55550	143072	160810	175490	74060	136010	4750	173280	16880	166530	61090	184814	19920	22540	20090	62620	64570	129180	184330	137420	49120	187220	44210	
99530	93231	96480	72100	197284	191013	16220	0	90080	127680	101680	110143	55820	163521	51060	160002	97120	97190	9830	165931	193734	80250	82040	83490	30050	10940	11120	36670	156340	46650	167600	35930	171142	43120	143860	18890	169320	119520	64840	103972	170320	178703	145532	112400	117360	44590	123380	171680	30010	110143	192165	161271	142112	112410	58380	51030	158610	54280	151861	70090	40260	60530	73710	90530	144532	151191	89390	162880	66830	100442	111960	83540	100030	186793	94770	59700	96850	134002	70100	150232	172151	185525	72290	147471	12320	173593	17510	177871	49440	192774	34470	26840	10410	76700	71730	134710	185213	138532	53350	191856	48990	
53800	84280	7180	51290	128910	117980	96570	90800	0	39890	13150	137590	54790	140000	65750	149930	23220	36400	88340	144000	127750	34390	11360	94200	90480	86080	82460	77600	67370	43930	78630	109220	91610	49040	56070	72670	103960	54792	48870	139370	109301	107430	151750	23430	81700	73280	44320	106320	66510	137590	136524	126370	65170	67460	114450	98240	96750	49650	138830	22800	61900	30600	116040	36260	67220	137790	107110	103792	36440	35191	125920	10420	19650	113340	71300	56250	118170	139270	114660	104262	131522	134844	27470	112830	95060	100730	80090	151940	45760	126790	98710	78870	84840	95670	66160	72632	112320	58660	52640	120860	55650	
78480	108030	33230	81190	112900	98740	135021	127660	39460	0	26990	168000	82040	156020	93000	191231	34820	60440	126620	166210	120170	65010	48010	124100	128200	124680	120420	115320	34570	82940	45830	147130	63250	85860	16760	109490	96010	62470	85720	169780	101262	90600	177510	16190	102000	111000	24560	98550	101280	168000	128783	134270	49090	90620	152170	135960	94621	77180	163530	60680	99930	69610	150620	62750	51140	162490	136550	101102	66930	54930	153550	45300	34420	90370	95050	82830	148580	163970	149240	110950	138210	130563	64320	122400	133681	83900	119100	162730	82580	119210	136620	117300	121700	125570	96060	79200	93150	42580	90360	104030	93370	
57230	87710	6540	58860	122790	111860	108761	102150	13080	28360	0	145160	64780	143430	75720	153360	25460	38110	101090	147430	121880	42680	22500	101770	101940	98830	94910	89060	55840	56680	67100	120870	82180	60350	44540	83980	98090	49030	59460	146940	103431	101310	155180	11900	85120	84740	36810	100450	77820	145160	131462	122500	59050	70650	125910	109700	90880	59500	142260	34420	73670	43350	126630	40420	61100	141220	114220	98370	46430	33930	131220	19790	13780	106040	74730	65850	125740	142700	125250	99180	126440	129782	38060	110630	107421	94610	92840	150960	57070	120920	110360	91040	96190	103240	73730	67550	106200	52540	64100	114740	67110	
88060	56870	142530	87270	153800	159820	96513	110823	137330	165961	143570	0	151204	81870	149324	57350	157260	108150	103373	67910	135960	103750	138610	46670	81763	100853	105153	84463	184560	125650	175570	81860	168370	127734	182111	117373	128410	113900	90520	15370	118990	142750	41590	148541	74780	82240	178851	123340	128874	0	131680	89020	138840	85250	58530	62593	109840	147154	50870	119050	102070	123690	39970	107030	139860	53170	33980	110560	146170	110220	16860	141360	130430	155820	69810	157594	25070	31350	42750	95020	100230	119600	111290	82640	100973	143430	99493	91240	136784	136500	78183	92473	109443	44200	71130	103530	153550	138860	100920	151340	97040	
89530	104990	59550	66130	175104	168833	70840	56630	54410	82100	64750	149694	0	179630	11580	178940	48250	75750	59640	183250	171554	62480	45110	109210	72830	58420	53440	65380	114210	27740	125470	84981	142890	24290	98280	39910	147824	97863	62490	143523	153010	156523	173730	75470	115740	67460	74510	150184	26430	149694	179595	161810	116920	103190	103121	88670	139320	5490	166170	44840	49350	35200	113871	71990	118970	167300	121160	145570	19640	78262	141780	45240	71400	164613	93850	8540	129980	159650	109270	144740	172690	177915	50850	148530	67750	151413	54180	193980	15280	170594	80220	59260	51900	105770	81440	113400	163033	110410	52710	169676	52600	
86750	71030	145160	103670	98052	115730	152620	163751	139980	155910	143380	82040	180031	0	183621	36120	162300	106840	156131	18100	77110	114450	147550	85220	136720	153151	153851	127721	164300	147270	147140	144840	130600	152010	167860	158771	81450	98740	111350	95780	71630	98800	52320	148351	59660	118901	186801	75980	165101	82040	66240	26770	109481	74460	126990	123050	64900	168470	34200	132860	133191	141710	109920	105720	110091	30470	83370	63340	164620	108910	73760	149640	130240	113171	76880	187201	89770	50450	112160	47330	31810	52400	125100	34160	157080	100781	146751	17840	157940	78430	136780	138551	158631	94140	95740	78350	110751	115241	126500	103130	125880	
96150	112670	70530	72750	182672	176401	67050	51930	65270	93080	75730	149234	11540	183751	0	183061	59230	82370	55640	187371	179122	69100	56090	112640	69480	54770	49790	65890	125190	34220	136450	81331	154220	28760	109260	36080	155392	104700	69110	143063	159630	164091	177851	86450	123420	70380	80784	157752	21430	149234	193456	169490	127460	109810	102691	88670	145940	16350	172091	53390	52270	42620	113411	78610	129830	171421	123910	152190	30540	85790	145820	56130	82260	172181	101530	12490	132730	165231	109370	151360	187511	190575	57470	156210	63150	158981	50830	198101	21660	178162	76870	57560	47200	107260	86600	120020	170601	121270	57180	177244	57070	
98040	74330	155390	111310	126742	142120	145822	160132	150210	191282	153610	57820	179321	36030	182911	0	181760	118130	152682	17990	105701	124680	157780	80350	131072	150162	153141	127011	199381	150180	173460	131080	156530	154150	207432	158061	107840	116510	115550	71560	98020	125190	22290	158581	74320	118191	204172	102370	164391	57820	94011	53160	135411	89040	107750	111902	91290	175580	15710	143000	132481	147640	89190	117010	136021	12860	74120	89730	171730	120200	53780	159870	140470	139561	85200	186491	74290	26230	91970	73720	61370	80171	135240	59900	150282	127171	146041	41320	163440	107021	127492	137841	157921	85810	95170	100770	137141	141160	126330	130770	125540	
75970	105380	23660	67700	145560	131470	106940	97760	23250	35170	25110	155720	48350	162340	59310	181900	0	58570	96720	178420	147000	53840	18070	112330	102110	94780	90520	90060	67280	53920	78540	120010	95960	55960	51350	79590	123210	74150	64760	157500	128551	123180	176690	30320	104040	85740	28900	125570	67590	155720	156582	147620	80980	89630	126910	110700	116000	43490	161170	35260	72690	42360	131930	58430	83030	160130	125240	123490	33240	57361	144050	15360	38900	123100	93470	49140	136300	161610	130550	124300	151560	154902	42940	135170	104110	116480	90210	183031	50890	146040	109500	89340	91800	111830	83590	92670	125880	74470	65100	137440	68110	
21930	52410	41110	31540	102570	97071	94280	97540	36020	60491	38160	108430	75821	107220	82330	118000	58250	0	91640	112070	99020	18440	46370	68120	82860	88760	88470	70570	81920	53910	81060	100640	78370	59680	76641	80570	75290	24200	38300	113170	79280	84761	119820	44941	49830	62210	73381	77650	79550	108430	104200	92780	49340	35450	102820	86520	65590	71640	106900	32780	58820	41630	100570	8780	51760	105860	78920	71840	64010	8080	95850	45680	26830	92851	39430	82771	91970	107340	99590	70720	97380	102520	25020	80360	96270	79651	82260	119230	61550	98060	90280	74300	91580	74970	45460	40680	91271	45760	46910	97840	49920	
91910	85611	95430	64480	189860	187942	13130	9840	88250	127260	101040	102703	59510	155901	54750	152562	97210	91620	0	158311	186310	75440	81620	75970	22530	3320	7370	29050	155920	45130	166731	30630	168031	42700	143440	20770	161700	113950	57220	96532	162700	171870	138092	111240	109740	36970	124730	164060	33700	102703	184545	153651	138390	104790	53010	43690	150990	57970	144241	68341	33550	58700	66880	83840	140810	143571	82050	155260	67470	96720	104530	83120	98281	183722	87150	63390	90012	126562	63270	142612	164531	177905	69631	139851	9770	169280	9890	170251	51000	185350	28250	19220	8670	69180	64110	127090	182142	134810	46510	185130	41600	
91440	72150	149030	106210	109692	126730	155090	166221	143850	166060	147250	68230	183661	18110	187251	18080	178590	111770	158601	0	88750	118320	151420	83530	139190	155621	156321	130191	175300	149810	158140	141490	141600	154550	178010	161241	92450	107730	113890	81970	82630	109800	37860	152221	67180	121371	194951	86980	167571	68230	77211	37770	120481	81980	118160	120770	75900	179920	19740	136730	135661	144780	99600	110650	121091	15430	80940	74340	167160	113840	64190	153510	134110	124171	78840	190831	84700	36640	102380	58330	43450	63371	128970	45160	159550	111781	149221	24380	160480	90070	137730	141021	161101	91710	96860	87590	121751	126241	129040	114770	128420	
96500	103180	127870	122220	25010	44080	185525	194075	128350	118700	122560	136010	171943	76650	179233	105611	148020	99180	186455	88290	0	115030	139112	121540	169690	183475	183890	157720	110590	150500	93800	177810	74580	156270	126970	177463	26110	80150	129990	147710	28610	37120	117290	121180	75410	148900	142660	24870	176273	136010	11890	52740	71950	84950	167440	156020	41460	166693	99170	127143	153990	138173	155240	105370	70180	95440	130820	31480	158322	98711	122400	138270	109350	50580	98220	179093	137950	113430	157080	43650	46650	26340	121610	54310	187515	44100	177060	65730	158453	2210	169750	167770	188580	131760	121230	62070	47450	77770	142680	31200	144520	
28240	53150	39490	18130	117900	113181	78190	80470	34290	65131	42800	103970	62391	114440	68900	124370	54020	18360	75531	118440	114350	0	37760	61040	68430	72670	71980	55710	92371	40080	96220	86210	93530	45850	81281	63500	90620	40690	22280	105750	94610	100790	122710	49581	56140	47780	77570	92980	63910	103970	119530	100160	64500	41900	88950	72740	80920	58210	113270	19350	42730	28200	87560	11810	66920	112230	73490	87170	50580	22830	91450	40510	31510	108961	42010	69341	84550	110100	86180	85161	109351	117850	11590	86930	80180	95761	66170	125730	48120	113390	75850	58210	74510	62510	33000	56010	107381	60920	30820	113170	33830	
61080	89020	17360	51340	139630	128630	91920	82740	11210	48560	22560	138660	45370	147280	56330	157210	17870	46380	81700	151280	138400	37480	0	95270	86580	79760	75500	73700	77220	38900	88480	104900	102260	40940	64740	64570	114610	64772	48400	140440	119951	118080	157470	33280	88980	69380	45360	116970	58410	138660	146504	133650	75820	74740	110550	94340	107400	40230	146110	18900	57580	26000	115570	43540	77870	145070	108180	113772	27020	45171	126990	3900	30300	123990	77880	46830	119240	144860	114190	114242	141502	144824	26580	120110	89090	111380	75190	159220	37660	137440	94390	74230	76780	95470	67230	82612	122970	69310	48740	131510	51750	
50090	18820	98850	44110	133640	137670	70650	83060	93650	123761	101430	46640	109071	85240	111570	80320	113090	67710	75540	83420	121740	60590	94930	0	55310	73020	74490	48730	144790	81850	136310	63000	132400	85820	139911	81520	106510	75930	48350	48730	98950	120850	67900	108211	46690	44360	138341	103020	93210	46640	120580	85230	100870	47280	48820	40340	87950	105991	69350	75800	62270	80440	34000	65140	101890	68680	14500	91510	102450	72250	34060	97680	90140	133450	31840	117051	27530	55490	35840	80300	96110	110790	68040	71430	75110	120520	67390	99590	94840	120780	54940	59190	79270	10700	27970	74160	131570	100890	59130	129440	57040	
80150	66970	98400	52760	178100	176580	16720	30940	91220	129660	103000	81323	73540	136910	70090	131182	103210	83820	23420	139320	169890	69390	87560	55720	0	20900	25200	15080	158690	51790	163310	19670	160620	52250	145840	37420	149940	103380	47400	74810	147100	160110	116712	113200	94840	21670	130840	151170	49640	81323	169180	134660	130750	90570	34300	22310	136100	71670	124460	68970	30920	62780	45500	77180	131940	124580	60670	139660	77610	89080	81000	89180	96360	172360	72930	78360	68640	105182	41890	128392	145540	160220	65570	120860	21180	157520	19540	151260	61300	168930	9160	16300	29490	48450	49890	115330	170480	127170	40630	173370	35720	
88950	82651	93220	61520	186900	185211	13180	11000	86040	125110	98830	100163	58190	152941	54130	150022	95060	88660	3380	155351	183350	72480	79470	73430	19990	0	5160	26090	153770	42920	164131	30230	165300	40550	141290	19650	158740	110990	54260	93992	159740	168910	135552	109030	106780	34010	122580	161100	33640	100163	181585	150691	135430	101830	51540	41150	148030	56650	141281	65741	30890	56490	64340	80880	137850	140611	79510	152300	65320	93760	99840	80970	95681	180991	84190	62700	87472	124022	60730	139652	161571	174945	67031	136891	10090	166320	6940	167291	49010	182390	26610	16260	9340	66640	61150	124130	179280	131850	43550	182170	38640	
89280	83451	89690	61850	187230	183563	17600	11110	82510	121040	95040	104223	53340	153741	49280	153051	90990	88630	7440	156151	183680	72090	75400	74840	24050	5180	0	26890	149700	39240	160960	34670	163692	36480	137220	14880	159070	110960	54590	98052	160070	169240	139612	105500	107110	34810	118510	161430	28790	104223	182385	151491	134662	102160	55980	45210	148370	51800	142081	62640	30430	52960	68400	80850	137082	141411	82970	152630	61250	92992	103740	76900	92580	179343	84520	57850	91532	128082	64790	139982	162371	175745	64840	137691	14510	166143	7090	168091	44780	182720	31050	17060	5120	68050	61480	124460	177763	131082	43520	182500	38970	
67220	57911	84210	39830	164290	161420	28340	36890	77030	115470	88810	84393	64430	128201	64980	127511	90000	70570	29270	130611	158170	55370	73740	49580	14520	26290	26990	0	142950	40890	149220	33450	146530	42730	131650	33690	137010	90450	33390	77820	135380	147180	116990	99010	83120	9270	117490	139370	44530	84393	156722	125951	117500	78170	41200	24990	124370	62150	116541	54780	18760	49710	48510	63770	119010	115871	57710	127940	66730	75830	78480	76490	82170	157200	60530	72030	66530	103360	44900	115992	136831	150082	51380	112151	30330	144000	19890	142551	51780	157210	22940	11690	31770	42790	37490	102400	155620	113920	26440	159560	21530	
97170	125790	60870	108350	93280	77130	164181	156480	67100	32430	54630	184200	114180	161580	125140	204140	66960	81330	155440	172730	110550	92170	76830	144380	156550	153500	149240	142960	0	110580	20490	176410	38720	114680	22250	138310	85960	71180	113090	189281	97210	73710	186690	44290	110450	138590	55830	93110	132150	184200	121560	138030	50280	99330	180390	163330	95110	109320	171980	88320	127570	97250	180301	88590	50270	170940	153600	100870	99070	74560	170440	74120	61370	68760	112810	114970	166690	172420	179510	111630	139981	131081	91960	125810	162830	65870	146740	165760	111400	109590	164970	144940	150520	154600	123220	86690	71540	46420	118000	85230	121010	
66570	80760	51020	42110	153410	147901	55020	46880	43840	83290	56630	125140	27511	145220	33720	150360	54720	53870	45120	147900	149860	39860	39070	82190	50960	42860	39100	41250	110770	0	122030	68580	127870	5780	99470	28900	126130	76200	38470	120323	130120	135591	145140	66830	91720	40980	82350	128490	25650	125140	157800	137790	98960	80230	79951	64540	116430	24431	139390	25910	22870	14290	88060	50110	101380	138720	93670	122680	27970	57290	114660	40690	56210	143681	69830	34461	102490	132530	84450	121850	148331	156690	28970	124510	52190	130481	38290	159570	13280	148900	58350	38140	40920	78750	55110	91520	142101	94920	25690	148680	25580	
93020	118450	72320	110230	75220	56920	173461	168000	78550	43880	66080	175870	125630	147060	136590	172710	78410	80970	166931	158210	94040	96180	88280	136110	162420	164661	160760	149260	20480	122030	0	181270	18510	126130	40980	149830	69800	65070	116920	180601	81050	57200	178360	55740	102240	140900	67280	76950	143600	175870	105050	122360	38980	91990	182380	165210	80410	120770	163650	99050	137370	108700	171621	88230	38840	161240	144960	85250	110520	74200	161850	85570	68970	48550	105470	126420	158010	164090	173461	97110	125461	114571	100080	111290	172121	49360	157851	151221	122850	93080	169840	152850	162040	146330	125100	75360	51330	35490	125460	67540	128470	
97060	74960	116110	69670	189780	193490	20000	36010	108930	147580	120920	81650	84961	144900	80901	130810	120310	100730	30870	141370	177880	86300	104660	63420	19850	30550	34970	33220	176610	68730	181230	0	178540	67150	163760	46641	162650	120290	64310	72590	155090	176990	116340	131120	102830	38580	147940	159160	60411	81650	177170	142650	147660	103510	26230	28230	144080	83421	124330	86890	48020	79880	43280	94090	148850	126630	66750	147650	91920	105990	82720	106280	114500	189270	86380	89471	66420	104810	39670	136440	153530	168210	83710	128850	23850	176340	31670	159250	75610	176920	11350	33400	37880	54530	63340	130390	187390	144110	58770	185580	53860	
89430	114860	87570	107960	57400	39100	171430	172341	91600	61740	81330	168210	143600	130650	154770	156300	96270	78700	168241	141800	74640	93910	102460	132520	160150	165910	164091	146990	38700	128141	18510	179000	0	133911	58890	154791	51951	61480	114650	177011	63970	38730	162090	71820	95010	138630	85190	59660	153601	168210	85650	106080	33900	88400	179870	162940	66540	138670	147660	102550	135100	114270	168031	85960	32880	144830	141370	69360	125460	71930	154600	100820	72470	30730	101880	144390	154420	149610	169871	83360	107160	95040	99380	97540	173420	30890	158540	132000	134780	73680	167570	150580	166381	142740	121720	66390	33510	33360	123190	49720	126200	
72330	84720	54840	47470	159170	153661	52880	43700	48500	86040	60040	127534	24570	150580	28450	154320	55990	59630	42660	153260	155620	45620	40400	86150	51470	40720	36460	43250	114700	6010	125960	67640	133630	0	102220	25530	131890	81960	43520	121363	135880	141351	149100	70760	97080	44400	83510	134250	21140	127534	163560	143150	104720	85990	80991	66540	122190	21991	143350	31670	26290	20050	90060	55870	107140	142680	97630	128440	26720	63050	118620	41900	61970	149441	75190	32021	106450	136490	86450	127610	153821	162450	34730	129870	50060	136241	36150	164930	10840	154660	58860	38650	37740	82710	59070	97280	147861	100680	29650	154440	29540	
93930	123480	49610	97530	112150	97000	151451	144040	55840	16730	43370	184340	98420	167060	109380	207571	51200	76780	143000	177250	126360	81350	64390	140440	144580	141060	136800	131700	22290	99320	41370	163680	58790	102240	0	125870	101690	73510	102100	186120	108810	92580	202361	32570	113040	127380	34240	104990	117660	184340	137100	145310	58720	101660	168770	152510	105210	93560	174570	77060	116310	85990	166960	79090	60370	173530	152890	110970	83310	71270	169890	61680	50760	88630	110500	99210	164920	175010	165580	121730	149250	141212	80700	133440	150111	84740	135480	178822	98960	125400	153000	133680	138080	141910	112400	90240	91410	52130	106740	104100	109750	
88630	88371	78790	61200	180144	173873	32060	19230	72450	109990	83990	116883	39800	158661	35740	157971	79940	80050	20640	161071	176594	63600	64350	82170	36710	19640	14830	34290	138650	29160	149910	46371	154002	25430	126170	0	152864	102380	53940	110712	157310	161563	152272	94710	110200	41660	107310	155224	14890	116883	184635	156270	124972	101950	68801	57070	143620	38260	147001	52950	28980	43200	80590	73880	127392	146331	90300	149870	49140	83302	111090	65850	82890	169653	88040	44310	99120	139590	76980	143772	167150	177950	55150	142611	28820	156453	18060	173011	31750	175634	44100	25960	13270	75380	65000	117700	168073	121392	41400	174716	37710	
72290	88000	103650	98010	28610	35230	163750	169150	104130	94490	98340	128460	147733	82140	155023	108650	123800	74970	161530	93290	25780	90820	114902	106360	148850	158550	158880	136560	86310	126290	69860	162630	51771	132060	101900	153253	0	55940	105780	140160	15320	17720	119380	96970	60230	128200	118450	9840	152063	128460	36790	58290	47740	65620	152260	140840	23090	142483	101260	102933	129780	113963	140060	81160	45970	98430	115640	21080	134112	74501	114850	114050	85140	33891	82730	154883	128690	107020	141900	35900	55690	44010	97400	50080	165740	21501	152050	80420	134243	24820	154570	144090	163570	116580	105040	38260	30830	53560	118470	23880	120310	
30570	57930	54440	51220	83050	73590	116890	120150	54071	61740	49130	113950	97252	99210	104542	116250	74590	24120	114250	108220	79500	41050	64421	75590	102060	111370	111080	89770	71520	76122	65420	119840	61510	81892	73690	102772	55770	0	58990	118690	61111	61280	118070	54041	44040	81410	82481	58130	101582	113950	87700	78530	29980	31470	120060	104640	48560	92002	105150	52452	81430	63482	109290	31390	31180	104110	84440	55340	83631	20020	101330	63731	35930	69370	44950	104051	97490	105590	111130	55810	82070	86020	47401	67260	118880	56170	104870	106590	83762	78540	109480	96910	114190	85810	62380	24180	67790	30000	69520	75820	72530	
36370	46040	55940	8940	133440	130570	59890	64970	48760	86021	59380	90500	62931	111440	69440	115640	64880	38400	57350	114120	129890	22260	48620	48680	46420	54370	54700	33700	113261	38380	116930	64200	114240	43120	102171	53830	106160	59600	0	92280	109940	116330	110420	69580	57940	25770	92370	108520	58890	90500	132242	103960	85210	49690	66940	50730	96460	59190	104670	29490	25600	33350	67440	30660	87630	104000	61130	102500	55340	43540	79090	51370	52400	126350	36050	69881	71080	97810	66060	91512	114700	125602	21730	90730	61880	113150	47870	125790	48660	128930	53840	39910	59390	47340	20390	71550	124770	81630	14920	128710	16130	
93100	61910	144310	89140	166200	172220	88750	104490	139110	169711	146890	15370	144871	96000	142991	71480	159040	113190	97040	82040	148360	105620	140390	48880	75430	94520	98820	78110	189080	120461	180090	72850	176180	121401	185861	111040	140810	118940	92300	0	131390	155150	54880	153581	87180	78730	183891	135740	122541	15370	144080	101420	143880	90290	49520	56240	122240	140821	65000	120830	95970	124470	30960	111370	144900	67300	35760	122960	146761	115260	28580	143140	135170	168220	74850	151261	21980	45480	33740	107420	112630	132000	113070	95040	93210	155830	93160	105370	130451	148900	70770	86120	103110	45980	73000	115930	165950	143900	102080	163740	97670	
75110	80170	109320	101630	36270	46320	162190	170330	109800	100691	104010	118860	152571	71570	159080	98080	129470	78630	162710	82720	28050	94480	120660	98530	146680	159730	160060	134710	97670	129950	81220	154800	64340	135720	109040	157320	15500	61600	109400	130560	0	31270	108810	103171	52400	125890	124651	5930	156300	118860	32820	47440	54001	61940	144430	133010	17250	148390	90690	108820	133400	117670	132230	84820	52350	87860	107810	9300	140222	80390	105250	119720	90800	47100	75210	159641	120800	97420	134070	25330	46040	34951	101060	39510	164180	34710	153230	70770	138300	27090	146740	144570	164840	108750	98220	38830	44380	59761	122130	34970	123930	
82980	102710	107040	108700	24080	19230	175240	179840	107520	90100	101730	143170	157212	99840	164502	126350	124030	85480	172220	110990	36950	101510	118380	121070	159540	169240	169570	147250	74140	136082	57350	177340	38880	141852	93000	162732	18050	62100	116470	154870	31470	0	134210	93130	74940	138890	113890	25990	161542	143170	47750	75990	43380	76820	166970	155550	38020	151962	118960	112412	140470	123442	154770	91850	40830	116130	130350	38780	141380	81380	129560	117440	88390	17980	93930	161380	143400	121730	156610	53600	71840	58520	107361	67780	177230	8400	162740	96570	143722	35990	166960	154780	174260	131290	115730	49460	14120	49720	129160	16160	131000	
99590	69240	156940	106220	138602	150900	131272	145582	151760	177551	155160	42040	175411	52400	179001	21970	177850	119680	138132	37890	117730	122630	157470	67890	116522	135612	139912	116620	187780	145090	178280	116530	162240	149060	203522	152132	118700	118060	110460	54910	108880	133830	0	160131	75870	113101	200262	113230	159301	42040	107680	65020	141121	90590	93200	97352	100920	171670	19790	137910	127391	142550	74640	118560	141731	23020	61040	100590	165030	121750	39230	160220	142020	146900	82800	182581	59740	14170	77420	84580	74140	95600	130150	69300	135732	134510	134252	61220	158350	119050	112942	127232	144202	72730	90080	103990	144630	142710	121240	141630	120450	
62900	92450	17040	65610	114510	103580	118831	112650	23270	16580	10800	151380	75280	148170	86220	158100	30510	44860	111160	152170	121850	49430	33000	108520	112010	108900	105280	99130	44670	66750	55930	130940	71790	70850	32760	94480	97690	53670	69530	153280	102942	93030	159920	0	89760	94810	29580	100050	88320	151380	130463	127140	50770	75290	135980	119770	93460	70000	147000	44490	83740	53420	135040	47170	52820	145960	118960	101840	56930	39350	135960	30290	18840	96080	79470	76350	132010	147440	133660	103820	131080	132243	48130	115270	117491	86330	102910	155600	67570	120890	120430	101110	106690	109990	80480	72190	97920	44260	74170	106460	77180	
29590	28030	86890	50170	87210	91490	110040	117490	81710	101100	85080	74860	116141	59820	122650	74100	104030	49660	109870	67100	75310	56180	89280	46390	94540	106890	107220	82570	110500	91590	102360	102660	95250	96330	113050	110080	60080	44110	57850	86560	52520	74420	75920	90051	0	73750	120061	56590	113070	74860	74600	46280	66170	17700	92290	80870	41520	112400	63000	74590	81850	83440	80090	48570	66780	61960	55670	45080	108040	51730	61250	91370	71940	87480	23070	123111	68720	63440	81930	33870	56960	67960	66830	33050	112040	74550	100390	71850	101870	74350	94600	92430	112000	56610	46080	30410	85220	66940	71340	83010	72380	
58750	48641	80090	31360	155820	152950	36300	44850	72910	111350	84690	82240	67960	118931	70580	118241	85880	62420	37230	121341	148900	47990	69620	44920	21110	34250	34950	8820	138830	41090	141070	38890	138380	44550	127530	41480	128540	81980	26000	78250	126110	138710	113021	94890	73850	0	113370	130180	52230	82240	147452	116681	109350	68900	41630	25420	115110	65231	107271	50660	20300	46950	48940	55780	110540	106601	54000	118670	66710	67680	74770	72370	78050	148730	51260	75261	62820	99270	45330	106722	127561	140812	47260	102881	38290	135530	27850	133281	54080	147940	28530	19650	39730	39080	28220	93930	147150	105770	23620	151090	19590	
91510	122490	39670	94220	136180	123620	134610	124100	44320	25580	36870	182000	74660	187222	80803	204261	28650	73470	124390	194870	143450	77630	45740	138780	129780	122450	118190	117730	56460	81590	68010	147680	85430	83630	34250	107000	119290	82280	92430	183900	124542	113820	199051	29630	119900	113410	0	121830	93900	182000	152063	156020	71720	103900	159100	138370	117901	69800	193291	62930	100360	70030	159600	75780	73770	192621	149580	124382	59550	67960	166580	43030	47450	112570	108080	68733	162630	186431	158220	132700	159960	153843	70610	144150	131780	106530	117880	191402	77200	142490	137170	117010	119370	139500	109090	101070	118030	65210	92770	128060	95780	
74910	84500	106280	100630	31730	41780	166370	171770	106760	97110	100970	123190	150353	75900	157643	102410	126430	77590	164150	87050	24270	93440	117522	102860	151010	161170	161500	139040	93540	128910	77090	159130	59980	134680	105280	155873	9880	58560	108400	134890	5910	25650	113140	99590	56730	130220	121070	0	154683	123190	32930	51330	50360	66010	148760	137340	19870	145103	95020	105553	132400	116583	136560	83780	48590	92190	112140	13630	136732	77121	109580	116680	87760	42190	79540	157503	125130	101750	138400	29660	49270	38090	100020	43840	168360	30091	154670	74000	136863	23310	151070	146710	166190	113080	102550	39470	38760	56180	121090	30430	122930	
89430	94801	72660	64160	179364	173093	45620	30500	66320	101350	77860	128604	26000	165171	21050	164481	67500	79270	34210	167581	175814	64220	58220	94060	48850	33570	28590	45260	132520	26070	143780	60131	153222	20740	117530	14800	152084	101600	58860	122433	156530	160783	159261	88580	113770	52220	93760	154444	0	128604	183855	159840	124192	102750	82020	68040	142840	24460	153511	51730	35320	40110	91560	74500	126612	152841	105330	149090	38220	82522	127250	59720	82030	168873	91880	29880	114150	146651	87950	147342	170720	181520	54370	146560	41720	155673	30200	179521	22100	174854	56240	36930	25770	86350	71430	116920	167293	120612	44830	173936	44050	
88060	56870	142530	87270	153800	159820	96513	110823	137330	165961	143570	0	151204	81870	149324	57350	157260	108150	103373	67910	135960	103750	138610	46670	81763	100853	105153	84463	184560	125650	175570	81860	168370	127734	182111	117373	128410	113900	90520	15370	118990	142750	41590	148541	74780	82240	178851	123340	128874	0	131680	89020	138840	85250	58530	62593	109840	147154	50870	119050	102070	123690	39970	107030	139860	53170	33980	110560	146170	110220	16860	141360	130430	155820	69810	157594	25070	31350	42750	95020	100230	119600	111290	82640	100973	143430	99493	91240	136784	136500	78183	92473	109443	44200	71130	103530	153550	138860	100920	151340	97040	
98641	102190	137112	124222	34310	53380	183615	192165	136403	127391	131802	131330	179584	66190	190594	94021	157262	104130	184545	76991	11790	119980	146753	120550	168425	181565	182265	156135	121540	158340	104750	176820	85530	164110	137360	185104	37060	87980	131902	143030	32860	47860	107330	129871	74420	147315	151351	32920	183914	131330	0	43650	80701	85331	166450	155030	43810	174334	89210	134784	155952	145814	153880	110320	80570	85480	127330	33140	165963	105890	117720	146063	118350	59880	96672	189675	133730	104370	156090	41740	35480	14690	128840	49590	185605	55050	175165	54140	166094	13160	168760	166532	187045	130770	119842	64330	56750	86461	145442	40500	146432	
74000	68880	128550	96720	73962	90710	150470	161601	126690	134520	123240	88930	164831	26750	171340	53260	148700	92860	153981	37900	53090	100840	134260	85960	134570	151001	151701	125571	139480	139650	122280	142690	105860	144390	146470	156621	57560	78690	104400	100630	47270	74910	64930	128151	46810	116751	156851	51180	162951	88930	44100	0	85931	60690	128550	120900	41380	160650	46810	119250	128450	128420	111480	93230	86541	43080	84930	39450	153020	95430	75320	136350	109950	89281	69620	171901	91330	61970	113720	23730	12650	32020	111490	14390	154930	76891	144601	28450	150380	54410	134630	136401	156481	95700	92630	56160	86861	91691	117940	78340	118930	
57480	82910	64540	78600	64310	53380	141200	142981	65020	48150	59230	138930	117230	109791	127201	135441	80980	49340	138560	120941	71710	64550	75880	100570	129450	135680	134731	117160	50660	98781	38990	147750	33650	104551	58710	125431	47980	29530	85290	143670	53642	42830	141231	50630	65810	108800	71400	50340	124241	138930	81163	86241	0	56450	146470	132030	47001	112090	126801	75111	105740	86141	134270	56600	2620	123971	109420	53482	98880	42570	125680	74940	45890	48740	69930	118690	122470	127360	136110	63521	89781	82943	70020	77701	143190	36130	129180	113971	106421	70750	136870	121220	137021	110790	89770	38460	47720	7220	93830	56260	96840	
15090	29851	72640	41610	92820	91860	104990	112430	67460	89830	70580	85470	103381	74630	109890	88830	89690	35160	104810	81910	85010	41930	75030	47511	89800	101830	102160	77510	99610	80510	91820	103781	87910	85480	101780	101610	65540	31440	49380	90611	62220	76270	90650	75551	17590	68690	103991	65950	102220	85470	85791	60060	56380	0	93411	81991	50880	99200	77730	60340	73380	69190	81211	34320	57400	76690	56361	54780	91570	37230	71860	77120	57440	87640	18560	110451	69411	78170	83051	45061	69251	79151	52580	46830	106980	74710	95330	85630	89110	84050	93460	87370	106940	57731	41020	28350	85760	56400	62870	88090	63910	
92700	64440	121260	71580	179260	183540	43850	58220	114080	152351	125860	58300	104421	127020	102641	107460	127050	102640	53010	118020	167360	89160	110790	49130	34330	51600	56020	40820	182990	80111	182130	26160	179400	81051	168501	68541	152130	120160	67170	49240	144570	166470	92990	136060	92310	41440	156840	148640	81910	58300	166650	128690	146580	92990	0	19630	133560	100471	100980	91830	58351	88120	19930	96000	147600	103280	45750	137130	106321	107900	59370	113540	118730	179530	77550	110911	43070	81460	16320	125920	139900	157690	88430	118330	48310	166600	51810	141350	90101	166400	27120	47991	60020	40760	58030	119870	177270	145990	64790	175060	60380	
78210	53050	105450	55310	167870	172150	37270	51580	98270	136081	110050	62533	88540	122990	89090	112392	111240	86370	44170	120760	155970	72910	94980	40790	22560	41650	45950	25010	163321	65000	165020	28510	162330	66840	152231	57800	140740	104780	51360	55960	133180	155080	97922	120250	80920	25630	138730	137250	68640	62533	155260	120740	132150	81600	19600	0	122170	86260	105912	76020	42870	72310	26650	79730	133340	106020	42970	125740	90840	91630	63300	97730	102460	167770	64920	96140	49790	86392	23040	114530	131620	146300	72620	106940	41730	154840	40290	137340	75890	155010	21300	33020	50240	30750	42650	108480	165880	129720	48980	163670	44570	
59640	66200	94370	85520	50610	54680	148220	155660	94601	93711	89060	106660	136421	65190	142930	91700	114520	62480	148040	76340	41420	78330	104951	84560	132710	145060	145390	120740	95940	113800	80450	140830	66490	119570	105321	141170	22950	46330	93290	118360	17360	37610	97700	92950	38430	111920	117671	19780	140150	106660	43930	41670	47021	47650	130460	119040	0	132240	83270	92670	117290	101520	118260	68670	47631	80440	93840	11650	124161	64240	93050	104261	75860	50680	61240	143491	106890	85220	120100	18950	45210	42320	84910	33130	150210	38290	138560	69370	122150	40460	132770	130600	150170	94780	84250	22680	48410	52781	105980	45880	107820	
84950	101390	54360	62530	170134	163863	68620	55440	49220	77460	59560	147174	5530	165640	16360	175340	43610	71170	57420	179650	166584	57900	39920	106170	70570	56200	51220	62860	109570	24560	120830	82761	138170	21510	93640	38340	142854	92893	58890	141003	148305	151553	170130	70280	112140	64940	69870	145214	25240	147174	174625	158210	111730	98610	100601	86150	134740	0	162570	39870	46830	30460	111351	67410	113780	161530	118410	140990	14330	73292	138180	39920	66210	159643	90250	13410	127230	156050	106750	140160	168720	172945	46270	144930	65530	146443	51920	190380	12260	165624	77960	57000	50710	103020	77880	108820	158063	105220	49800	164706	49850	
86630	63360	143980	100340	120422	134800	139030	152071	138800	163220	142200	51100	166741	34220	171941	15890	161120	106720	144451	19710	99550	113270	146370	69380	124320	141471	142171	116041	173000	139210	163500	124360	147710	143180	175170	147091	100520	105100	104580	64840	90700	117870	19730	147171	62910	107221	193202	95050	153421	51100	89500	46840	126591	77630	101030	105182	83970	163000	0	131680	121511	136670	82470	105600	127201	4840	66790	82410	159150	108790	47060	148460	129060	132241	73790	175521	67570	19510	85250	66400	55960	77420	123920	51120	143490	119851	135071	43040	152470	100870	120772	126871	146951	77560	84200	91030	129821	127930	115360	123450	114570	
46510	70270	29800	32590	130534	124263	74751	70690	22620	61260	34600	119450	44800	132710	53070	142640	35590	32730	68271	136710	126984	19460	19330	76520	67930	66001	62440	55050	88740	25740	98900	86860	102170	31510	77440	53140	103254	53293	29650	121230	108705	111953	138260	44800	74410	50730	63080	105614	51380	119450	135025	118740	75362	60170	91900	75690	95290	39550	131450	0	39660	11720	96820	28970	77782	130410	88970	101540	31230	33692	107780	22080	30510	120043	59130	51950	100030	125650	95440	100710	127931	133345	7830	105200	73411	106843	59191	144310	32770	126024	76350	57030	64730	76720	48480	70380	118463	69220	30090	125106	33100	
60480	62871	68920	33050	157550	154140	36960	40410	61740	100390	73730	101923	49890	133161	52510	132471	73120	59030	33470	135571	154000	42850	57470	62730	30070	30790	30300	19230	127870	23020	137520	47970	134830	26480	116570	28860	130270	81360	25790	95350	134050	140440	127251	83930	82050	20180	100750	132630	34950	101923	156580	128120	105800	73800	58401	42520	120570	47161	121501	39700	0	32690	66040	51250	108220	120831	73730	126610	48800	64130	94500	59090	69650	149920	60160	57191	82550	114641	62430	115622	139000	149800	38860	114840	38570	136720	24290	147511	36010	153040	37460	18020	34420	58810	39500	95660	148340	102220	13920	152820	9560	
55340	75920	37670	37060	141100	135163	66900	61130	30490	69940	43280	123640	35480	140170	42530	147670	42280	41560	58670	142850	137550	28290	26020	80710	61970	56410	52790	49930	97420	14260	108680	79870	113840	20030	86120	43150	113820	63890	33420	124410	117810	122853	142450	53480	83240	47020	69770	116180	39900	123640	145490	127910	86262	69000	88030	71820	104120	30500	136700	11880	32550	0	95340	37800	88682	136030	93160	110370	23480	44592	111970	28400	42180	130943	64780	42971	103110	129840	91730	109540	137101	144245	16660	114370	65390	117743	50420	153480	21750	136590	69360	49200	55170	79370	52420	79210	129363	80890	26280	136006	28070	
82920	51650	123270	70050	166470	170750	60280	74650	116090	150821	126710	39900	116401	109790	114521	89060	136000	100540	68570	99620	154570	87650	115950	33310	46960	66050	70350	49640	179420	89630	170430	44380	166520	91470	166971	82430	139340	108760	67600	30840	131780	153680	74590	135271	79520	50260	166900	135850	93300	39900	152970	111460	133700	80110	21050	27770	120780	112351	82580	96820	67500	96940	0	94470	134720	84880	28520	124340	116770	105080	40970	118700	117200	166740	64670	122791	24670	63060	5270	113130	122670	142040	89060	103820	64740	153810	64690	122950	101370	153610	42300	57650	74640	27520	55760	106990	164480	133720	73610	162270	69200	
20620	51100	41400	25080	108120	104170	86660	90700	36200	62731	40400	107120	72121	105910	78630	116690	58430	8820	84020	110760	104570	11730	43770	65590	76400	81140	80850	64110	88920	50210	88060	94180	85370	55980	78881	73730	80840	31150	30750	111860	84830	91010	118510	47181	48520	55750	75621	83200	74140	107120	109750	92540	56340	34280	96360	80060	71140	67940	105590	29080	51200	37930	94510	0	58760	104550	77610	77390	60310	14670	94540	45860	29110	99950	38120	79071	90660	106030	93130	76270	101731	108070	21320	79310	88650	86750	74640	118110	57850	103610	83820	66680	84740	69460	39950	46230	98370	52760	39290	103390	42300	
58600	84030	66260	80350	61750	50820	143600	145381	66740	49870	60950	139880	118950	110381	129601	136031	82700	51740	140960	121531	69880	66950	77600	101690	131190	138080	137131	118900	50650	101181	38830	149840	32900	106951	60290	127831	45960	31270	87690	144790	52330	40270	141821	52350	66400	110540	73120	48510	126641	139880	80620	86831	2600	57570	147590	133610	47591	113810	127391	77511	108140	88541	135390	59000	0	124561	110540	54072	100600	44970	126270	76660	47610	46180	71050	120410	123590	127950	137230	64111	90371	83533	72420	78291	145590	33570	131580	114561	108821	68920	138610	123620	139421	111910	91350	39050	45160	8940	96230	53700	99240	
86060	63140	143410	100010	116362	131740	140060	151851	138230	162650	141630	53860	168131	30160	171721	12780	160550	106150	144231	15240	95490	112700	145800	69160	124820	141251	141951	115821	172430	138990	161590	127120	144660	142960	174600	146871	97460	104530	104360	67600	87640	114810	22890	146601	62340	107001	192982	91990	153201	53860	85440	42780	123541	77060	103790	106400	80910	162780	4770	131110	121291	136450	85230	105030	124151	0	66570	79350	158930	108220	49820	147890	128490	129181	73220	175301	70330	22270	88010	63350	51900	73360	123350	48070	144520	116791	134851	38570	152250	96810	122950	126651	146731	77340	83980	88940	126761	127360	115140	120390	114350	
58680	27490	111950	56780	142310	146260	75210	89520	106750	136581	114190	33850	121301	83400	122410	74500	126680	78770	82110	80890	130410	73260	108030	14610	60500	79590	82980	57220	153730	93540	144900	67140	140990	97510	152731	90010	115180	84520	61020	35630	107620	129520	60910	119161	55360	53930	149471	111690	101700	33850	127110	85070	109460	55870	45560	42950	96620	118221	66820	88470	73760	93110	28490	76950	110480	66150	0	100180	115590	80840	25310	110780	101050	142040	40430	129290	14430	48500	30730	88970	96280	115650	80710	77960	79670	129110	75880	97750	107070	129450	59500	67680	87760	15630	40640	82750	140160	109480	71800	138110	68730	
68290	73350	104510	94810	44470	54520	155370	163510	104161	100111	99200	110590	145981	63430	152490	89940	124660	72040	155890	74580	31630	87890	114511	91710	139860	152910	153240	127890	101690	123360	85380	147980	69730	129130	111340	150730	20380	55890	102580	122290	9830	37730	100670	101590	45580	119070	124071	14180	149710	110590	33550	39650	53421	55120	137610	126190	11820	141800	82550	102230	126580	111080	125410	78230	54031	79720	100990	0	133721	73800	96980	113821	85420	52101	68390	153051	112530	89150	127250	17190	39240	31870	94470	31370	157360	39711	146410	66340	131710	30670	139920	137750	158020	101930	91400	32240	49681	59181	115540	43170	117110	
77460	97600	41410	58740	161363	151840	76890	67550	36520	66900	46610	146060	19560	161850	30520	171550	33050	63680	66670	164530	157813	50410	26970	102380	76700	64730	60470	67100	99010	27490	110270	91650	125470	25910	83080	49270	134083	84122	55100	146040	139534	141290	164870	57330	107910	66320	59310	136443	38590	146060	165854	152580	99030	91120	106221	90390	126872	14490	158780	31220	48530	23430	115170	59920	101080	157740	115580	133122	0	64521	134390	27640	53510	147200	86460	21930	124820	152260	110790	132670	160852	164174	38780	139040	74060	134590	60160	186590	18560	156853	84090	63880	61590	100610	74090	101330	146180	92520	46010	154900	47440	
24890	54440	38990	36720	98992	92721	99320	101101	34850	55211	34010	110460	78031	109250	85321	120030	57080	8050	96680	114100	95442	22670	45200	72100	88040	93800	92851	75750	74880	56901	74020	105820	71330	62671	71361	83551	71712	20010	43410	115200	77163	80411	121850	39661	51750	67390	68101	74072	82361	110460	103111	93941	42300	37280	108000	91700	64501	72781	108930	33231	63860	44261	105800	14720	44720	107890	80950	70751	64410	0	97880	44510	21550	88501	41460	84830	94000	109370	104770	71221	97881	101431	28140	82310	101310	75301	87300	121110	64541	94482	95460	79340	95141	81100	51590	39591	86921	38720	51950	93564	54960	
75620	44430	130850	74830	140110	146320	95570	111510	125650	153521	131130	16920	142081	73850	143270	53560	145580	95710	104100	64120	122460	91310	126930	34230	80860	99950	103820	78060	170780	114550	161790	82820	154870	118520	169671	110870	114910	101410	79070	28180	105490	129250	39090	136101	61280	74770	166411	109840	122560	16920	118180	75520	126080	71990	59490	63310	96340	138340	47080	107370	94600	112010	41140	94590	126690	49380	25320	97060	134490	97780	0	129680	117990	142320	57370	149051	22970	27560	43850	81520	86730	106100	99610	69140	100030	129930	96720	87450	127810	123000	79860	88520	108600	36730	58690	90030	140050	126370	89850	137840	89060	
63500	91860	14780	54180	138960	127960	92970	83790	10540	45980	19980	141500	45440	149700	56270	159630	15290	46100	82750	153700	137730	40320	4040	98110	88140	80810	76550	76540	74640	39950	85900	106040	100980	41990	62160	65620	113940	64492	51240	143280	119281	117410	160310	30700	91400	72220	42780	116300	59460	141500	146224	136070	75150	77160	113390	97180	106730	40050	148530	21740	58720	28490	118410	45960	77200	147490	111020	113492	27460	44891	129830	0	29630	123320	80720	46400	122080	147700	117030	113962	141222	144544	29420	122530	90140	110710	76240	161640	38710	136770	95530	75370	77830	98310	70070	82332	122300	68640	51580	130840	54590	
44890	74440	18650	47970	109540	98610	104691	100630	19130	34461	13340	133370	71340	130160	82300	140090	38800	27090	98211	134160	108510	31790	29990	90880	95420	95941	92380	82540	61430	56090	68970	114350	72240	61860	50611	83080	84720	35660	52590	135270	90061	88060	141910	18911	71750	78090	47351	87080	81730	133370	118092	109130	45800	57280	119250	102950	77510	66200	128990	30350	69310	42070	117400	29530	47850	127950	100950	84440	52990	21340	117950	29050	0	93970	61460	72800	114000	129430	116020	85810	113070	116412	31380	97260	103351	81360	89131	137590	62310	107550	103840	84970	94670	92350	62840	54180	92950	39290	57580	101490	60590	
94010	115190	111410	118490	28000	8520	186270	187592	112760	88820	105170	155650	164522	113270	171812	139780	123350	92790	183532	124420	50170	109201	123620	133550	171370	180950	179342	157040	68700	143392	48510	189820	30690	149162	88860	170042	34081	69410	126260	167350	46820	18310	146690	95660	87420	148680	112310	42151	168852	155650	60090	89420	48620	87850	179450	168030	50500	159272	132260	119722	150030	130752	167250	100060	46070	129430	142761	52210	146620	88690	142040	122680	93630	0	104960	166620	155811	134210	169090	67030	88010	73720	114671	81210	188260	13730	173831	112490	151032	49960	178790	165580	181632	143770	126760	60490	5170	54960	138120	20770	140790	
19440	13770	76730	28320	110120	109220	87500	94940	71550	95471	74950	69790	94291	76660	100800	84690	93780	39530	87320	78760	98220	42000	78240	31430	72310	84340	84670	60020	113450	69740	105660	86300	101750	74480	110630	88120	82900	45280	36000	74530	75430	93630	82470	79921	23170	51200	108361	79500	91220	69790	96672	69190	70220	18830	77330	64960	64430	90550	73590	59110	60000	64710	65130	38410	71240	72550	40280	67990	86700	41600	57210	80990	61810	105000	0	101261	53330	69860	66970	55942	79870	90032	51350	55960	89490	92070	77840	91010	80020	97260	75970	69880	89450	41650	23530	45710	103120	70240	49490	105450	50530	
96550	113130	60760	73150	181914	171420	75560	60520	56100	82610	65960	156714	8620	187770	12480	187080	48760	82770	64230	191390	178364	69500	46550	116820	77630	63140	58160	72400	114720	34760	125980	89701	143400	31550	98790	44480	154634	104492	69510	150543	160085	160870	181870	76680	123880	75000	68734	156994	30160	156714	190956	169950	118610	110360	110141	95690	146490	13490	176110	51650	56890	43060	120891	79010	120660	175440	128770	152740	21680	84891	149560	46320	73090	166780	101990	0	137590	167790	116290	151910	186401	188075	57870	156670	71740	154170	58980	202120	22300	177404	85020	65670	55790	113380	88460	120570	165760	112100	59860	174480	60050	
71890	40700	123100	67930	155520	159470	82420	96790	117900	148501	125680	25080	130181	89800	131290	74240	137830	91980	90082	84800	138010	84410	119180	27670	68472	87562	91862	66100	167100	102420	158110	66520	154200	106390	164651	98890	128390	97730	71090	21980	120830	142730	59770	132371	68570	62810	162681	124900	110580	25080	134130	91470	122670	69080	43190	49312	109820	127101	67760	99620	82640	103180	24840	90160	123690	70060	14550	112610	125270	94050	22970	121930	113960	155250	53640	138170	0	48240	27550	97070	102680	122050	91860	84980	86880	142320	84760	104150	115950	138550	64440	76560	96152	24770	51790	95960	153370	122690	81490	151320	77610	
87120	56540	144470	93520	132220	138430	119662	133972	139290	163710	142690	31660	159921	50520	164951	26000	161610	107210	126522	36560	113940	109930	144770	55300	104912	124002	128302	102850	173490	132390	163990	104920	149770	136360	175660	139340	107020	105590	97760	45400	97600	121360	14170	147661	63400	99180	186382	101950	146601	31660	104640	61980	127650	78120	81590	85742	88450	156180	19520	125210	114691	129850	63030	106090	128260	21820	48450	89170	152330	109280	27620	147520	129550	134430	70100	166891	48130	0	65810	73630	71100	92560	117450	60390	124122	122040	122642	59890	145650	115110	101332	115170	132592	60140	77380	91520	132160	128420	108540	129950	107750	
85150	53880	121620	68400	168700	172980	55580	69950	114440	149171	125060	42610	111530	112180	109821	91770	132940	99460	63870	102330	156800	86000	114300	35540	42260	61350	65650	44940	179810	84930	172660	39680	168750	86770	165321	77730	141570	110990	65950	33550	134010	155910	77300	133621	81750	45560	165250	138080	88570	42610	155200	113850	135930	82340	16350	23070	123000	106840	85290	95170	62800	92240	4240	92820	136950	87590	30910	126570	111220	104720	43680	117050	115550	168970	66900	118091	27380	65770	0	115360	125060	144430	87410	106050	60040	156040	59990	125660	95820	155840	37600	52950	69940	29750	54620	109220	166710	135950	68910	164500	64500	
57611	61160	104360	83192	59340	68800	142585	150222	103681	109171	99050	94770	145491	47360	152000	73870	124510	70030	142602	58510	43190	84451	114031	79520	127395	139622	139952	115105	111500	122870	96370	135790	82410	128001	120781	143102	34520	55410	90872	106470	24700	51870	84600	103961	33390	106285	132661	29050	146482	94770	41160	23840	62481	44301	125420	114000	17930	141310	66480	101740	114872	110590	113220	76220	63091	63650	88800	16390	133241	72600	81160	113341	85760	66241	55642	152561	96710	73330	115060	0	27380	35210	92460	15300	144575	53851	133122	51540	131220	43040	127730	125162	144732	89740	78812	32880	63821	68241	104362	57450	105402	
82081	79570	132010	106640	67272	85880	161160	172291	131331	137980	126700	100140	172912	31970	186531	61630	152160	96770	164671	43610	46330	108921	141681	96650	145260	161691	162391	136261	140830	147731	125880	153380	106960	152471	149930	167311	55720	81800	115342	111840	46040	71490	74250	131611	56730	127441	160311	49290	171221	100140	35130	12460	89041	68771	139760	131590	44490	168731	56130	127331	139392	136501	122690	101311	89651	52400	96140	39140	160891	99340	86530	140991	113410	88030	79540	186072	102540	71290	124930	26840	0	21800	119571	24750	165620	76470	155291	29030	158461	47650	145320	147091	167171	106870	102550	59270	84600	94801	128882	72770	129872	
92311	94480	135792	117892	48502	67572	176070	185835	135083	129531	130482	119450	178264	52320	189274	80151	155942	102810	178215	63121	26640	118660	145433	111560	160170	175235	175935	149805	131730	157020	114940	168290	95270	162701	141141	178831	44490	86660	125572	131150	35170	59220	95450	132011	68090	140985	153491	38550	181451	119450	14930	31770	82841	79001	157920	146500	42490	173014	77330	133464	149622	144494	142000	109000	83451	73600	115450	31820	164643	104570	105840	144743	117030	74102	90342	188355	121850	92490	144240	34890	22110	0	128130	39660	179275	64790	168835	40270	164774	27960	160230	160202	180715	121780	113512	63010	70760	88601	139112	54722	140102	
38680	62440	34760	24760	124440	118931	74180	73540	27580	64860	38200	111620	50801	124880	57310	134810	43150	24900	69471	128880	120890	11630	26890	68690	64650	67201	65290	51770	92340	28890	99820	83580	99020	34660	81040	55990	97160	47230	21820	113400	101150	106621	130430	48400	66580	47320	70640	99520	54530	111620	128540	110910	69990	52340	88490	72280	87460	46620	123620	7760	38540	16610	88990	21140	72410	122580	81140	93710	38990	28320	99950	29640	31430	114711	51300	57751	92200	117820	87610	92590	120101	127720	0	97370	74611	101511	60391	136480	36530	119930	73070	54200	67580	68890	40650	62550	113131	66410	26810	119710	29820	
60220	55020	116460	82940	74030	83740	136210	147741	112910	122430	111150	82680	150201	34180	156710	59830	135230	79890	140121	45280	54330	87060	120480	72100	120710	137141	137841	111711	126480	125260	111350	128830	97390	130000	134380	142761	49460	67510	90620	94380	39640	66810	69350	116061	33030	102891	144761	43990	147130	82680	49210	14060	77461	46910	118460	107040	32910	146460	51230	105470	114620	114640	105120	79450	78071	48400	78030	31350	139240	82360	69070	122570	97860	81181	55840	157171	84970	60380	107020	15340	24740	39420	97710	0	140670	68791	130741	39410	135930	54870	120770	122541	142621	82320	78850	44980	78761	83221	104110	72390	105150	
96030	86570	102411	68640	193980	192460	4670	12370	95231	133881	107221	100043	67390	156630	62630	149902	104420	96260	9930	159040	187804	80080	88830	75320	21390	10230	14520	30460	162911	52280	171581	23710	172900	49910	150061	29010	165820	118590	61860	92920	164490	176870	135432	117421	112230	38380	131940	168180	41580	100043	185955	154380	143030	107280	48280	40930	153480	65850	143080	73191	38420	65850	63610	88480	145450	143700	79290	157050	74680	101360	99620	90330	103131	188240	89640	71270	86750	123902	60000	145102	165260	179315	74481	140460	0	175310	15160	170980	58370	186844	24370	24130	16930	67070	66600	131210	186360	139450	51150	189250	46240	
80820	102170	99840	105100	28930	18530	173080	174202	100320	82900	94530	143410	151132	101030	158422	127540	116280	79400	169340	112180	44320	95811	111180	120530	156660	166360	165952	143650	66440	130002	49650	176800	31180	135772	85300	156652	21841	56020	112870	155110	34580	8410	134450	85930	74400	135290	106150	29911	155462	143410	55330	77180	36180	74660	166430	155010	38260	145882	120020	106332	136640	117362	154230	86670	33630	117190	129571	39970	134180	75300	129800	110240	81190	14310	91770	154180	142621	121970	156070	54790	76830	64720	101281	68970	175070	0	159140	101560	137642	43360	164080	151180	168242	130750	113570	47300	12730	42520	124730	20880	127400	
82340	76361	87490	54910	180290	177761	16730	17250	80310	119521	92861	98823	53990	146651	50540	145961	90250	82050	9630	149061	176740	65870	74660	67750	18650	6810	7090	19800	147001	38110	157221	31490	157850	35740	135701	17870	152130	104380	47650	92652	153130	162300	134212	103061	100170	27720	117770	154490	30090	98823	175295	144401	128820	95220	51820	39810	141430	52300	134991	58831	24060	50760	63000	74270	131240	134321	75880	145690	60510	87150	96650	76160	88771	173541	77580	58810	84700	122682	59390	133042	155281	168655	60121	130601	14970	159120	0	161001	44200	175780	26040	9970	11870	60960	54540	117520	171961	125240	36940	175560	32030	
98900	85300	156400	117940	87482	106552	166890	178021	153530	162370	151090	91272	194301	17760	197891	41320	182781	118850	170401	24290	65740	127680	161100	99490	150990	167421	168121	141991	168010	161540	151120	159110	132000	166280	178491	173041	80360	106190	125620	105012	70680	96130	60902	156001	71710	133171	190781	73930	179371	91272	54050	28320	113461	85590	141202	137320	68880	190560	42782	146090	147461	155260	122642	119990	114071	38472	97640	66190	186710	121420	87232	163190	137800	112540	91150	201471	104040	59682	125422	51310	28780	40210	138330	39210	171350	101110	161021	0	179110	67060	151050	152821	172901	108410	110010	83340	109020	119221	140770	93702	140150	
75240	90700	52050	51840	161762	155491	61140	50200	45530	83250	57250	137014	15821	154950	21650	163190	50950	61460	50570	157630	158212	48190	37610	95270	60950	48980	44370	52730	111910	13370	123170	75900	134480	10160	99430	31920	134482	83790	48200	130843	138720	143181	157970	67970	101450	54060	77210	136842	22640	137014	166253	147520	106550	88900	90471	76020	125030	12741	151880	33070	35950	21710	101191	57700	108970	150840	107220	131280	18600	64880	127490	39110	62520	151271	79560	22771	116040	145360	95930	130450	158400	164573	36560	134240	58310	138071	44410	179370	0	157252	68340	48130	44240	91830	67190	99110	149691	101530	38610	156334	38660	
95510	102190	126880	121230	24760	43830	184810	193170	127360	117710	121570	136610	170953	77870	178243	106840	147030	98190	185550	89510	2180	114040	138122	120550	168700	182570	182900	156730	109600	149510	92810	176820	73590	155280	125980	176473	25120	79160	129000	148310	27620	36130	118510	120190	74420	147910	141670	23880	175283	136610	13190	53960	70960	83960	166450	155030	40470	165703	100390	126153	153000	137183	154250	104380	69190	96660	129830	30490	157332	97721	123000	137280	108360	50190	97230	178103	138550	114650	156090	44020	47870	27630	120620	54910	187044	43110	176070	67020	157463	0	168760	166780	187590	130770	120240	61080	46670	76780	141690	30910	143530	
86800	67480	105640	59410	182300	183230	20020	34390	98460	137110	110450	77913	80170	137420	76720	127772	109840	90470	28880	137800	170400	76040	94190	55950	9380	27250	31670	22750	166140	58420	169960	11340	167270	58880	153290	44050	155170	110030	54050	70570	147610	166760	113302	120650	95350	28320	137470	151680	56270	77913	169690	135170	137400	93760	27140	21070	136600	78300	121292	76420	37550	69410	41260	83830	138590	122540	59490	140170	84240	95730	79820	95810	104030	179010	76120	84990	64400	101772	37650	128960	146050	160730	73240	121370	24480	164170	26170	151770	67930	169440	0	22930	35890	47270	53080	120640	177130	133820	48300	178100	43390	
74630	68351	86020	47200	172580	170051	22360	26890	78840	117770	91110	92023	59910	138641	57550	137951	89720	74340	19270	141051	167670	58160	74070	59740	15490	16290	16990	11790	145250	38220	152830	33340	150140	38680	133950	26260	144420	96670	39940	85450	144690	154590	127412	101310	92430	19710	117350	146780	37100	92023	166960	136391	121110	87480	47921	32620	133680	57750	126981	57080	18210	49290	56140	66560	123530	126311	67870	137250	64040	79440	88640	75690	84960	165831	69840	65820	76690	115240	52530	125302	147271	160180	54170	122591	24070	151410	9890	152991	47730	166710	22880	0	21770	52950	46800	109810	164251	117530	29230	167850	24320	
93850	88201	90800	66420	191604	185333	20130	10400	84400	122000	96000	108073	51000	158491	46240	157801	91950	91510	8590	160901	188054	74570	76360	79590	27900	9030	5060	31640	150660	40970	161920	37570	165462	37440	138180	13210	163640	113840	59160	101902	164820	173023	143462	106720	111860	39560	118560	166000	25190	108073	187135	156241	136432	106910	59830	49060	153110	49460	146831	64410	34200	54850	72250	84620	138852	146161	87420	157380	61150	94762	108490	77860	94350	181113	89270	54880	95382	131932	68640	144732	167121	180495	66610	142441	16770	167913	11840	172841	43760	187094	34900	21810	0	72800	66230	129030	179533	132852	47290	186176	42930	
60320	29230	100530	45790	144050	148170	63000	76280	95330	125441	103110	44660	105491	94380	107140	86360	114770	74620	68760	91870	132150	62270	95290	11290	48290	66240	67710	41950	155010	78270	146810	54930	142900	82240	141591	74740	116920	86430	46940	46440	109360	131260	72770	109891	57100	38660	142270	113430	85580	44660	131170	95820	111370	57780	40910	30740	98350	102411	77800	76160	58490	79030	28280	69090	112390	77130	15820	101920	100580	80990	37190	98040	91820	143950	42340	113611	25240	60360	30120	90710	106700	121380	68400	82020	67460	131020	60610	108730	91260	131190	47290	52410	72490	0	29650	84660	142060	111390	57340	139850	53460	
36020	25650	71260	16520	132420	130900	64490	71930	66060	96171	73840	71220	81301	95810	86270	95250	83600	45350	64310	97070	121140	33000	67340	28290	49300	61330	61660	37010	123411	55010	125110	63430	121490	58980	112321	65110	105140	62590	20380	73000	98350	115310	90030	80621	46090	28190	109061	102420	71300	71220	119692	92110	89960	41140	58200	42780	87340	78221	84280	48210	39530	52470	55630	39820	91150	83610	40740	90910	74390	51720	58700	70090	62550	126680	23500	88251	51800	77420	54700	78962	102790	113052	40450	78880	66480	113750	54830	110160	67070	120180	53070	46870	66440	29760	0	68020	124800	89810	31160	127690	30370	
37590	56751	73140	63470	65440	64480	129210	134610	72551	78220	67830	103640	113661	77780	120170	100580	93290	40430	126990	87530	61890	56280	82901	74411	114310	124010	124340	102020	86960	91750	75350	130681	66520	97520	90170	118410	38160	24280	71240	115340	39230	48890	104030	72741	30440	93660	101300	39350	117390	103640	64150	56030	38500	28350	120311	108891	25540	109480	91110	70620	95240	79470	108111	46620	39110	89150	83261	31790	101850	42190	90030	82211	54630	60260	45460	120731	96311	91550	109951	33310	59570	62470	62860	44760	131200	47330	117510	82970	99390	60930	120360	109550	129030	84631	67920	0	58380	41190	83930	60710	85770	
91940	113120	111460	116980	25490	7760	184200	186082	111940	91670	106160	153580	163012	111200	170302	137710	126200	91280	181980	122350	46920	107691	122800	131480	169300	179000	177832	155530	71550	141882	51360	187750	33540	147652	91710	168532	30910	67900	124750	165280	44330	14590	144620	97550	85350	147170	117370	38850	167342	153580	56840	87350	47800	85780	177380	165960	48430	157762	130190	118212	148520	129242	165180	98550	45250	127360	140691	50140	145800	87180	139970	121860	92810	5290	102890	165800	153741	132140	167020	64960	84700	70280	113161	79140	186190	12160	172321	108960	149522	46520	176720	164070	180122	141700	124690	58420	0	54140	136610	17810	139280	
57810	83240	57800	74980	71100	60170	137580	139361	58280	41410	52490	139260	110490	115681	121450	141180	74240	45720	134940	126831	78010	60930	69140	100900	126300	132060	131111	114010	46220	94970	35440	144130	33500	100740	51980	121811	54280	29860	81670	144000	59532	49620	143000	43890	67030	105650	64660	56640	120610	139260	87053	92131	7360	56780	146260	129960	52891	105350	128290	69230	102120	80950	134600	52980	9410	127250	109750	59372	92140	38950	126640	68200	39150	55530	70260	111950	122800	128730	136440	69411	95671	88833	66400	83591	139570	42920	125560	119861	101460	77050	133720	117600	133401	111120	89850	41220	54510	0	90210	63050	93220	
49860	56650	59670	22430	145720	142120	49270	53590	52490	90930	64270	100620	52731	124930	56870	126250	65460	47010	46630	127610	142170	30830	49200	59290	39740	43750	43460	26860	118410	25610	125500	58670	122810	29580	107110	41550	118440	69340	14920	101330	122430	128610	121030	74470	71430	23540	92950	120800	44860	100620	145960	117500	93780	63180	64710	48500	108740	49651	115280	30240	13810	26390	72020	39230	96200	114610	71740	114990	46430	52110	89700	51950	57630	137900	49540	59681	81200	108420	68410	105002	128380	139180	26840	104220	51260	124700	37250	139280	38500	141210	48160	29290	47600	57460	31000	83830	136320	90200	0	140990	4910	
94930	110930	119890	120650	8890	14600	187190	192585	120370	102950	114580	151390	169515	102450	176805	131000	137180	97610	184970	114090	30690	113460	131230	129290	172290	181990	182320	159200	85370	148385	67560	185560	49740	154155	104230	175035	23870	75960	128420	163090	34500	16160	141730	105980	83160	150840	127460	30070	173845	151390	40610	78320	56230	88260	175190	163770	46020	164265	123610	124715	152420	135745	162990	103800	53680	120780	138570	42220	154530	95240	137780	130290	101240	20760	105370	174530	151620	129950	164830	58250	73060	54271	119664	72430	189180	20330	175490	93661	156025	30900	177500	167530	186625	139510	127680	60900	17810	62570	141110	0	142950	
50920	56040	62680	23490	147990	145120	44390	49250	55500	93940	67280	96700	52701	125990	56740	125640	68470	50020	41850	128670	144440	33840	52210	56980	34860	38870	39120	21980	121420	25480	128510	53790	125820	29450	110120	37700	120710	72350	16230	96580	124490	130880	120420	77480	72490	19250	95960	123070	43790	96700	146792	118510	96790	64240	59960	43750	111010	49621	114670	33250	9470	28180	67270	42240	99210	114000	68460	117050	47790	55120	89090	54960	60640	140900	50600	59651	77280	107810	63660	106062	129390	140152	29850	105280	46380	127700	32370	140340	38470	143480	43280	24410	43260	53540	30390	86100	139320	93210	4910	143260	0	

0	                                        Buckingham	0	0	32400	0

1	                                        Kidlington	685	20146	23551	1370
2	                                       Biggleswade	488	4802	8714	976
3	                                         Aylesbury	518	4287	8420	1036
4	                                 Ashby_de_la_Zouch	506	12389	14916	1012
5	                                      Loughborough	708	5509	7947	1416
6	                                          Knaphill	809	13543	16543	1618
7	                                            Cobham	125	7627	10652	250
8	                                            Henlow	291	15431	17776	582
9	                                        Huntingdon	349	10521	14624	698
10	                                             Sandy	107	22832	25349	214
11	                                           Swindon	289	24095	27194	578
12	                                     Waltham_Abbey	295	17804	22490	590
13	                                          Pershore	213	15194	19124	426
14	                                          Chigwell	268	8244	12917	536
15	                                        Gloucester	388	7693	10531	776
16	                                           Royston	516	12427	15912	1032
17	                                     Milton_Keynes	733	5302	8343	1466
18	                                        Addlestone	684	8673	13309	1368
19	                                        Tewkesbury	507	18089	21100	1014
20	                                           Fazeley	739	10396	12699	1478
21	                                  Leighton_Buzzard	678	27294	29819	1356
22	                                        Letchworth	425	21479	25576	850
23	                                          Abingdon	687	17410	21720	1374
24	                                         Bracknell	814	10257	13756	1628
25	                                          Chertsey	699	8279	11481	1398
26	                                        Shepperton	129	20668	23187	258
27	                                        Maidenhead	685	7740	11497	1370
28	                                      Peterborough	295	12917	17041	590
29	                                           Radlett	258	17954	21668	516
30	                                          Stamford	480	19703	23532	960
31	                                             Fleet	310	6525	9465	620
32	                                            Oakham	757	18001	20736	1514
33	                                       Borehamwood	441	11703	14413	882
34	                                            Ramsey	817	20162	22198	1634
35	                                          Richmond	639	4731	8146	1278
36	                                          Hinckley	400	17417	20470	800
37	                                      Hardingstone	502	26217	29684	1004
38	                                          Wendover	662	15788	19160	1324
39	                                        Mildenhall	342	5072	7546	684
40	                                          Bedworth	635	22960	26090	1270
41	                                      Kirby_Muxloe	818	5833	10602	1636
42	                                          Chalford	351	6944	10804	702
43	                                       Saint_Neots	580	18643	23381	1160
44	                                           Banbury	580	25102	27197	1160
45	                                            Marlow	829	14372	18093	1658
46	                                            Histon	576	17955	22899	1152
47	                                      Attleborough	659	12536	15715	1318
48	                                            London	560	20268	22850	1120
49	                                         Wroughton	555	6836	11827	1110
50	                                  Sutton_Coldfield	742	8041	12592	1484
51	                                          Alcester	608	19005	22845	1216
52	                                          Rothwell	425	23866	27094	850
53	                                          Brackley	208	8588	12224	416
54	                                            Tadley	660	15490	17514	1320
55	                                           Reading	613	7282	10694	1226
56	                                           Brandon	357	13896	18623	714
57	                                          Cheshunt	343	14865	17551	686
58	                                    Charlton_Kings	735	3743	6331	1470
59	                                             Luton	382	2097	6667	764
60	                              Chalfont_Saint_Peter	479	18343	23100	958
61	                                         Harpenden	792	10112	13661	1584
62	                                           Newbury	378	12538	17430	756
63	                                         Bletchley	739	13606	17926	1478
64	                                        Desborough	756	4459	7016	1512
65	                                        Cheltenham	724	12689	16663	1448
66	                                             Grove	259	23127	26724	518
67	                                          Coventry	277	12128	15722	554
68	                                          Hertford	141	14218	17338	282
69	                                   Newport_Pagnell	414	18685	20992	828
70	                                         Highworth	300	24767	28047	600
71	                                           Baldock	450	24339	26520	900
72	                                           Bedford	429	12920	15701	858
73	                                            Sileby	180	9325	12859	360
74	                                          Bicester	606	24725	28899	1212
75	                                            Epping	727	12133	15127	1454
76	                                         Hartshill	234	11822	15157	468
77	                                       Cirencester	333	3618	6189	666
78	                                          Thatcham	124	21652	24863	248
79	                                           Warwick	488	13847	18430	976
80	                                          Redditch	114	14049	17190	228
81	                                        Birmingham	372	14647	17464	744
82	                                         Dunstable	312	11424	15795	624
83	                               Stratford-upon-Avon	259	7360	9805	518
84	                                            Woking	434	18232	21813	868
85	                                         Leicester	247	23980	28498	494
86	                                           Staines	211	9505	12917	422
87	                                         Worcester	274	18815	23623	548
88	                                       Potters_Bar	372	20856	24304	744
89	                                          Tamworth	296	8232	12736	592
90	                                        Crowthorne	443	17251	20638	886
91	                                           Windsor	154	17482	19916	308
92	                                           Sunbury	429	13134	17116	858
93	                                            Didcot	508	20788	25678	1016
94	                                             Thame	722	13020	17857	1444
95	                                          Daventry	689	14674	18635	1378
96	                                       Mountsorrel	612	22304	27275	1224
97	                                         Kettering	763	18209	21806	1526
98	                                           Chesham	169	22328	24398	338
99	                                         Coalville	329	10659	13372	658
100	                                          Amersham	521	6333	9009	1042
