100

6350	3650

20	90

0	52090	99200	14630	22440	29990	62180	39040	74550	68080	83950	99711	64580	68220	68150	28870	99681	28640	22020	34010	93770	19590	35950	54420	39660	69780	37010	92712	49670	51810	13410	32670	14050	40790	19300	65450	80890	22760	54740	23440	63440	59480	46280	45850	42860	58661	31260	40140	20780	39340	7290	14290	27720	90031	98040	59300	87420	66901	66280	59070	76000	93051	55440	11590	72491	46050	76580	87870	80500	58400	89380	59780	97930	21130	33040	41630	39740	73440	26370	42980	28540	83460	85630	23000	77420	68731	40770	64810	35860	65670	89301	45680	19250	5270	88430	27710	35110	49930	83851	48400	82930	
51990	0	99900	39260	40980	34770	57500	83770	111270	96870	110940	110630	89990	104940	118430	56550	119710	44820	71560	77260	104170	44020	86230	83390	35230	49470	85180	46830	60370	89440	59920	43950	56920	61960	54630	44030	114980	41230	91460	71610	81160	67360	96560	96130	57610	16280	26650	68710	55140	76970	47250	53480	37790	113040	97470	22700	114410	21670	47120	54250	27560	116820	50770	53210	28280	89850	86980	98270	95650	95120	99230	110060	82990	37390	70670	58160	59430	52010	61710	54370	79070	81800	113410	73000	104750	24520	54040	95910	57440	93160	112960	95960	64100	48190	94090	68230	59790	37400	102710	41680	79980	
99830	99980	0	97450	83440	108321	140491	100810	76340	61130	52000	21240	49880	89470	149020	75210	36710	74050	103140	130770	18340	108590	117970	70500	75290	148111	131560	105320	51200	89210	89730	75270	88460	63460	113540	143030	74690	109440	85371	118920	43730	49190	111910	128980	58640	89470	86110	70290	80620	87820	95930	110120	78490	37860	2870	82510	55070	90580	53820	137381	112450	51070	133751	91010	87840	98070	25160	17990	30030	84091	11690	142910	23680	88870	84700	59340	64400	151010	121330	56790	119400	161771	62450	108360	53510	88140	59380	160030	130820	53600	47360	128810	116010	94900	11740	124470	69310	66120	33270	126731	161241	
14500	39460	97460	0	15400	17360	49550	50330	82460	73250	88560	98490	67890	76130	80940	31750	102561	25550	34070	40680	92020	12250	48740	59590	31541	57150	46900	81851	47920	59720	22430	25630	19740	41830	19360	52820	88800	14970	62650	33330	63960	57730	59070	58640	41990	47800	20660	44950	24740	47250	9760	15910	20260	92911	96300	48420	92030	56040	56460	46440	63370	95931	42810	15720	61630	56410	74830	86120	80440	66310	87630	72570	90640	9010	40950	40760	39370	60810	27150	41900	41580	70830	90530	35510	82030	57870	39690	65590	36640	70280	92181	58470	27140	10700	86680	33340	37330	41380	86270	35770	70300	
23280	41010	82920	15400	0	28320	60860	44780	74770	62490	76840	83950	55890	68440	87401	20610	89410	10140	38990	54090	77490	26070	54790	48830	20440	68110	58410	79822	33390	52460	25130	11180	21950	27860	33180	63780	80420	27390	54960	44840	49600	43200	59510	65101	27630	45771	17060	34190	16150	39990	18420	29730	7860	80520	81760	45100	80310	54011	46620	57750	66720	84210	54120	20100	59601	50860	60300	71590	66080	58620	73100	79031	76970	6890	33690	26400	25400	71770	40970	26690	50360	82140	79310	43040	70650	55841	24620	79670	50460	59060	80440	64931	39330	19360	72150	47160	25590	30270	72220	46730	81610	
30370	34760	108851	17640	28930	0	35260	66200	98330	88740	104050	109881	83380	92000	96150	47240	118051	39080	49940	46530	103411	13290	63950	75080	41501	41620	55750	79260	59311	75590	38300	38501	35610	56511	23900	37290	104670	9510	78520	42180	78251	69121	74280	73850	55421	47530	30670	60440	40230	63120	25630	22750	32341	108401	107691	50360	107520	55530	65760	32150	53940	111421	28520	31590	61360	72280	86221	97511	94731	82180	99021	87780	102031	22320	56820	55051	54051	45280	30980	53311	52020	56540	106020	51000	97520	57600	52021	63620	26040	85770	107671	73680	33370	26570	98071	37500	52820	50680	100871	20240	56010	
61840	57500	140271	49110	60640	35370	0	96150	129800	121840	137150	141301	115961	123470	116160	78710	150381	70791	80190	54690	134831	44490	83960	106550	71220	17350	68890	92690	90731	107060	69770	69921	67080	87931	46910	17500	136200	40690	109990	55860	109671	100541	96740	93810	86841	71960	59250	91910	71700	94590	57100	49440	63761	141501	139111	75170	140620	72570	94160	3730	60860	144521	8760	63060	81030	103160	117641	128931	126311	113650	130441	107740	131740	53920	88290	86471	85471	24690	37070	84731	69280	31950	139120	77130	130620	76740	83441	67140	29280	118870	140771	93640	48400	58040	129491	43730	84290	78890	132521	18910	23030	
38330	83960	100820	50130	45180	65490	95590	0	39490	48720	64360	88340	52020	32330	48930	30920	84720	39700	16410	53990	87500	55660	16860	32330	56170	105290	42200	122542	54250	14360	28460	44710	31260	39480	53170	100950	45830	58830	21430	40950	58140	64060	15660	27900	47280	87930	59420	31360	28570	13980	41790	48160	47910	75070	99660	83510	67360	96731	76320	92480	109670	74050	88850	35810	100840	8190	76480	85370	72510	24810	90870	41830	102710	50500	20760	45120	40690	108940	59310	49430	30080	116870	58280	20270	58210	98140	47220	112550	68330	49200	72490	27730	49030	39770	90050	55530	34030	63300	71740	83900	116340	
74370	111020	75980	82510	74850	97870	130060	39580	0	23290	28860	59570	31890	16910	79760	55140	52270	67610	55690	93270	62100	92740	54730	29050	80390	137660	80480	146070	64920	25860	61560	71770	63640	52900	92450	133330	6550	95460	20120	80230	45060	73590	46460	65770	60260	112110	86480	44080	59060	38150	74700	87440	74970	43640	77460	107150	29810	120920	91940	126950	136730	37210	123320	68190	123940	35000	57100	61100	49930	17340	67510	79700	89130	80770	41560	58250	55930	141320	98590	63110	68360	151340	19660	59550	23470	121670	62710	152590	107610	27650	36390	65600	88310	73670	70670	94810	53380	84070	44410	116280	150810	
68170	96380	60980	73690	62540	88530	120720	48090	23300	0	21310	46840	12760	34060	94430	42940	43220	52970	64200	98050	47100	83950	64750	17970	62730	128320	89990	128210	47060	36680	55360	57130	57160	35240	86490	123990	23910	86670	32841	84750	25930	54460	59190	75790	42400	94250	71840	28740	51420	39070	67380	81480	60330	33570	62090	89290	24670	103060	72800	117610	122020	31000	113980	61710	106080	45540	38990	45190	32930	31561	51740	90070	71020	69230	41560	40390	38070	131980	93560	45250	77870	142000	20690	68060	14720	103810	44850	164270	103050	8530	29440	75620	86440	66350	52560	94420	38040	66210	30240	106940	141470	
83960	110420	52050	88501	76580	103341	135531	64830	29350	21360	0	33630	22090	43970	108470	58491	24300	67010	80250	114210	36180	98761	79980	35990	76770	143131	107210	135730	54790	51110	71150	71170	72950	49290	102280	138801	28060	101481	45370	100540	31870	59860	71710	91120	54830	106200	85880	44530	66701	57090	82191	97270	74370	16640	53530	101240	7120	115010	78200	132421	133970	10730	128791	77271	114970	60250	39150	37170	28770	42590	43580	106470	67960	83470	58270	53590	52110	146791	109350	57250	93710	156811	14890	84800	7220	115270	57570	180240	118840	19710	9120	90950	102230	81161	47850	110210	52941	78160	20450	121751	156281	
99771	110820	21100	98370	84360	109241	141411	87610	59710	46690	33640	0	38480	73500	136530	71850	15570	74970	97341	130681	7440	109510	106800	57490	76890	149031	128771	121990	52120	76200	88241	76190	88401	59030	114460	144701	58060	110360	72361	117641	38870	57190	99420	117840	59560	105370	88900	61251	80381	78590	95871	110961	79410	19500	22580	98390	36710	106890	69290	138301	128760	32710	134671	90951	104150	85060	24350	13350	21620	71081	17740	132120	41440	89790	75811	59320	61860	152691	122250	57710	116281	162691	45820	102931	36880	104450	60300	160950	131740	40180	29000	117670	115921	94841	22660	124381	64880	77280	18560	127651	165151	
64610	89480	49720	68130	55640	82771	114941	51030	31930	12790	22340	38650	0	42540	97420	38120	36130	46070	60900	94860	35840	78390	67690	20910	55830	122561	91350	117660	36720	39620	51800	50230	53600	28340	81920	118231	32540	81110	35781	81190	13260	41790	62130	78730	34740	86110	64940	25180	46330	42010	61820	76910	53430	26480	49460	81150	25810	94920	60130	111831	113880	29960	108201	56900	96900	48480	26280	33610	20750	34501	39860	93010	58310	62530	38920	33490	31170	126221	88990	37160	78860	136221	25360	66490	16150	95670	37480	127440	98480	5300	26210	78560	81870	60790	39850	90330	32570	58070	21250	101181	135691	
68220	104870	88470	76360	68700	91720	123910	32060	16910	34030	43560	73510	42490	0	67030	48990	67230	61460	48170	85380	74590	86590	46420	31520	74240	131510	72530	140621	64030	18340	55410	65620	57490	49090	84930	127180	22690	89310	13990	72710	54441	73840	33840	55400	57190	106000	80330	40020	52910	31130	68550	79920	68820	57580	89830	101580	45950	114810	90970	120800	130580	53010	117170	62040	118910	27380	67840	72930	60670	12230	79480	68320	99870	74620	35410	55030	52520	135170	91070	59920	60410	145190	35800	52030	37410	116210	59490	139860	100090	38300	51690	57000	80790	67520	81410	87290	49140	81050	57620	110130	144660	
68140	118790	149420	81330	88050	96540	116420	49020	79710	94510	108730	136900	98050	66980	0	76700	133210	82570	50060	72480	135350	84860	32980	78120	99040	126120	59630	159382	100590	57960	63960	87580	69060	86920	81740	125930	86050	88030	64450	61570	106100	110400	35880	24410	93780	125331	97930	78800	71440	61420	72970	76730	90780	122680	149240	125970	111730	133571	120610	113310	142700	118420	109680	72290	139161	51640	124580	133220	119270	66280	139470	20160	149980	87830	68200	92470	88130	133350	80140	93900	47510	137700	101810	47930	101740	135401	91690	85600	89160	95130	116860	28440	70960	70950	138850	76360	81470	107590	119350	108860	137170	
29300	56440	74830	31710	20970	46550	78740	31030	55300	42920	58790	71820	38230	48970	76800	0	72901	13030	30130	59990	66170	41970	44160	29260	25810	86340	58540	92191	25300	33470	17780	17190	17930	13110	45500	82010	60850	44690	35490	47170	35760	35110	45760	55040	17860	57570	31900	14620	9910	21000	25400	40490	20390	63251	73670	53150	62260	66380	45960	75630	82150	66271	72000	20480	70480	34290	51370	61550	52820	39150	65010	68970	73760	27250	14700	16360	12290	90000	52570	19090	47320	100020	60470	35720	52260	67780	16880	91020	62060	40510	62521	54870	45450	24370	64060	53910	7430	32940	57071	64960	99490	
99931	119700	36670	102341	89050	117181	149371	83700	52220	42730	24140	15670	35980	66840	132170	72331	0	79480	96920	130841	22090	112601	102890	53580	85770	156971	127410	137560	61000	72290	87410	82980	88561	61750	116131	152641	50210	115321	68240	117250	40540	66070	95410	113930	64700	114250	97780	60790	80541	74680	96031	111121	86840	10170	38150	109290	23850	120680	81170	146261	142550	19850	142631	91111	117940	81150	33230	26500	24990	65460	32390	128210	57010	95940	74530	63460	64580	160631	123201	66590	114920	170651	37390	102540	30220	118240	67440	161651	132691	36270	16140	113760	116081	95001	37600	124541	66781	86160	17420	135591	172361	
28850	44720	73520	25510	10110	38011	70181	39700	67560	53160	67230	74550	46280	61230	82321	12840	79800	0	33910	59760	68090	36180	49710	39680	16930	77801	60670	83302	23990	45730	20180	5470	17700	18250	42270	73471	71270	37500	47750	48030	39990	33800	54430	60021	18020	49200	20180	25000	11070	33260	24950	38850	8670	70910	72360	44780	70700	57491	41140	67071	70430	74600	63441	20040	62110	45780	50900	62190	56470	51410	63700	73951	69560	17000	26960	16790	15790	81461	50060	17290	49450	91461	69700	38810	61040	59321	15220	88760	59550	49450	70830	59851	45000	23920	62750	53460	16080	26540	62610	56421	90931	
21970	71700	102650	34240	39640	49600	80310	17060	55310	64350	80180	98061	60850	48150	50020	29930	97090	34160	0	39240	94680	39300	17490	46640	50630	89390	30930	112162	53120	30180	14940	39170	20040	41620	37150	85060	61650	42470	37130	26200	62650	62930	26860	27720	46310	78111	50710	36410	23030	26430	25430	32140	42370	87030	101490	78480	83180	86351	73140	77200	95610	89670	73570	23270	91941	24070	79880	90060	79861	40630	92830	41650	101580	40640	27570	45080	41630	93050	43900	46430	18810	101590	74100	6440	73690	88181	44220	113060	53050	61940	85920	27550	34260	23410	91880	40780	36110	60120	81800	68010	101060	
34020	77520	130330	40680	53560	46300	54930	54580	92830	97200	113070	130841	93700	85670	72200	60000	130811	59770	39180	0	124900	35250	40000	83540	70780	64630	15170	121411	80800	67700	42530	63790	43960	71920	24430	64440	99460	37790	74650	14290	94570	90610	52780	49850	73990	87360	60310	69260	51310	63950	38420	24990	58840	121161	129170	88040	116540	95600	96110	51820	94570	124181	48190	42720	101190	61590	107710	119000	112440	78150	120510	63780	129260	48660	61080	72760	70870	71860	18770	74110	26780	76210	113290	35560	106540	97430	71900	56520	27670	94790	120431	49680	16170	36400	119560	11620	66240	81030	114981	47370	75680	
93980	104280	18300	91830	77820	102701	134871	86520	62190	47030	36120	7360	35780	75370	134730	65730	21960	68430	94241	125150	0	102970	105000	56400	70350	142491	124370	116990	45580	75110	82460	69650	82610	52910	107920	138161	60540	103820	71271	112810	32750	50650	97620	116040	53020	98830	82360	58151	74590	75831	90080	104500	72870	21980	19780	91850	39190	101890	62750	131761	123760	35190	128131	85160	99150	83970	17810	6810	16640	69991	11200	130320	36980	83250	72711	53200	55740	146151	115710	51170	112960	156151	48300	99831	39360	99450	53760	154410	125200	39500	31480	115870	110390	89050	16490	118850	58760	70740	19170	121111	155621	
19570	44960	108630	12530	26320	13740	45480	56350	92810	83780	99090	109660	78420	86480	84820	42280	113091	36470	39330	35560	103190	0	52620	70120	43041	53530	44420	88851	59090	69470	32000	36550	30090	52470	12930	49200	99150	5230	73000	30850	74620	68900	62950	62520	52650	54800	32160	55480	35260	57600	20110	11780	31600	103451	107470	55480	102560	63040	67960	42370	64620	106461	38740	26070	68630	63360	86000	97290	91100	76660	98800	76450	101930	20510	51300	51420	50010	57190	20010	52560	40690	66760	101060	39670	92560	64870	50350	58450	29500	80810	102711	62350	22400	20420	97850	26530	47940	52880	97240	32150	66230	
35930	86580	117460	49120	55380	64330	84210	17330	54520	64870	79390	107020	68170	46420	32980	44030	103400	49900	17460	40270	105470	52650	0	48480	66370	93910	27420	127172	67920	30510	31360	54910	36460	54280	49530	93720	60860	55820	37580	29360	73890	77730	13530	11240	61110	93121	65720	47110	38770	29730	40760	44520	58110	91220	116290	93760	82390	101361	87940	81100	110490	89080	77470	39690	106951	22810	92230	102310	88660	39840	107180	25170	116380	55620	36510	59800	55490	101140	47930	61230	15300	105490	73310	15720	73240	103191	59020	96580	56950	65350	87520	11070	38750	38740	106360	44150	48830	74920	87890	76650	104960	
54460	83380	70630	59980	49160	74820	107010	31700	29170	17970	35880	57590	21270	31510	78040	29230	53970	39970	46700	83860	56750	70240	48360	0	51420	114610	73150	117801	37370	20290	41650	44130	43450	23850	72780	110280	31590	72960	18130	71040	32120	47180	42800	59400	31950	83180	58840	15030	37710	21100	53670	67770	47330	44320	70470	78760	39350	91990	64390	103900	109090	45570	100270	48000	95680	29150	47290	54620	41760	21420	60870	73330	79320	55520	23590	29790	27280	118270	79850	34680	61030	128290	33690	50560	29350	93390	34250	147530	89340	18450	41830	59230	72730	52640	60860	80710	24330	55810	40990	93230	127760	
40750	35220	75190	31010	20540	40491	71120	55930	80240	62830	76900	76670	55950	73910	98551	25520	85750	16700	50140	70710	70210	42280	65940	51210	0	74950	75880	67261	26110	58410	36410	12740	33930	27920	49390	70530	82800	41691	60430	62310	46900	34740	70660	76251	23350	32640	12890	36530	27300	45940	35890	45940	13020	78780	72760	28220	80370	41450	28480	67870	60410	82560	64390	36270	45550	59230	53020	64310	61690	64090	65820	90181	61930	22430	39640	23890	25080	78520	57180	20110	65680	93941	79370	55040	70710	42850	19780	95880	65551	59120	78700	76081	56800	36830	64870	63370	27610	12130	68750	55300	93411	
70120	49400	148240	57390	68680	41580	17310	105950	138080	129360	144590	149400	123370	131750	126090	86990	158080	78200	89690	64620	142930	53040	93890	114830	75350	0	78820	80940	98830	115340	78050	77330	75360	95340	56840	6420	144420	49260	118270	65790	117080	108210	106670	103740	94370	64380	63380	100190	79980	102870	65380	59370	71170	149190	145810	70800	148060	64460	95250	16980	49110	152251	17980	71340	72920	112030	125740	137030	133790	121930	138540	117670	132370	62070	96570	93880	92880	10880	47000	92830	79210	48160	146850	87060	138350	68630	90970	77070	39210	126390	148501	103570	58330	66320	137590	53660	92570	83020	139930	25070	33270	
37170	85440	130640	47010	57830	56280	69020	42870	80670	90220	107570	128681	91170	72870	59400	58610	128651	60570	30940	15210	125060	44600	27200	72810	75050	78720	0	127831	80470	55990	41730	65580	43900	70530	36240	78530	87010	47770	62940	15220	92750	90280	39980	37050	73660	93780	66640	66510	49820	52600	42690	34560	63110	118610	129480	94400	110570	102020	100490	65910	107160	117260	62280	45930	107610	48960	108020	119310	110481	65990	120820	50980	129570	54990	57670	72430	70500	85950	32860	73780	13980	90300	100890	27560	100820	103850	71570	70610	41760	90700	115700	36880	24730	40670	119870	25710	64850	85320	112821	61460	89770	
92981	46910	105190	81761	80101	79260	92790	122530	146330	128370	136150	121810	119140	140470	159381	92080	137280	83591	112421	120940	116570	87700	127181	117770	67440	80970	127680	0	86420	124970	99221	79800	96041	94440	98310	75780	148750	85420	126990	114110	105520	88360	137260	137081	86660	36500	64410	103090	93911	112500	88121	96690	76400	133920	102760	41480	140290	26451	58660	91350	32960	141430	90130	93241	23900	125790	105510	112250	117530	130650	106240	151011	84890	76741	106200	88230	91640	78870	104830	83290	120061	121160	139840	113861	130630	25990	84480	135970	97320	123290	137570	136911	107780	89061	101640	111490	94170	63870	125120	81040	112850	
49980	60070	50880	47600	33590	58471	90641	54440	65010	47050	55020	51910	37640	64170	100760	25360	60990	24200	53290	80890	45450	58740	68120	37410	26120	98261	80640	86350	0	51520	39880	25420	38610	15270	63690	93931	67430	59590	50790	68940	24390	11540	68680	79000	8790	54620	38130	24150	30770	41490	46080	60270	28640	54400	49720	49660	59160	63430	28820	87531	82390	60300	83901	41160	65590	54450	28260	39550	36930	54080	41060	92930	50190	39020	36380	9490	14550	101921	71480	6940	69420	111921	58710	58510	49500	64180	9530	110180	80970	41100	56440	78830	66130	45050	40110	74590	20850	26580	43990	76881	111391	
51710	89220	89350	59850	53010	75210	107400	14070	25500	36690	50370	76310	39990	18340	57780	33340	72690	45810	30180	67760	75470	69430	30730	20300	58590	115000	55970	124971	51370	0	38900	49970	40980	36430	66940	110670	31840	72600	8660	54720	50840	61180	22540	41770	44530	90350	64680	27360	36400	13140	52040	61930	53170	63040	89190	85930	53370	99160	78310	104290	114930	60060	100660	45530	103260	10100	66010	73340	60480	10820	79590	55700	98040	58330	19660	42370	39860	118660	73080	47260	43850	128680	44290	34040	44220	100560	46830	128920	82100	37170	58500	41600	62800	51010	79580	69300	34370	65720	59710	93620	128150	
13390	59890	89390	22430	25100	37790	69980	28660	61570	55100	70970	88630	51600	55240	63721	18000	87430	20340	14850	42790	82980	32000	31191	41440	36810	77580	41880	98912	39860	38830	0	25350	5420	29920	31710	73250	67910	34900	41760	29970	52570	49670	40221	41421	33050	64861	36150	27160	9210	26360	14620	26700	28550	77780	88230	64190	74440	73101	59880	66870	83800	80420	63240	8610	78691	34830	66770	78060	69630	45420	79570	55351	88300	25980	20060	31820	29890	81240	38780	33170	30660	91260	72650	19750	64440	74931	30960	77220	48270	52690	76670	41251	31660	13590	78620	39640	24240	46420	72550	56200	90730	
33500	43760	74720	25620	11170	37051	69221	44590	71810	57410	71480	75750	50530	65480	87211	17090	82810	5360	38800	64310	69290	36290	54600	43930	12860	76841	65560	79751	25190	49980	25070	0	22590	22500	43400	72511	75520	37610	52000	52920	43000	35000	59320	64911	19820	45130	18330	29250	15960	37510	28640	39950	7480	74880	73560	40710	74950	53940	38820	66111	69470	78660	62481	24930	58040	50670	52100	63390	59480	55660	64900	78841	67590	17110	31210	19800	20040	80501	51190	18490	54340	90501	73950	43700	65290	55340	16420	89890	60680	53700	74800	64741	49550	28810	63950	57380	20330	22470	65620	55461	89971	
14050	56940	88020	19770	21940	35130	67320	31530	63660	57140	73010	88320	53640	57330	68891	17690	88501	17690	20020	44220	82590	30000	36361	43480	34160	74920	44040	95752	38490	40920	5440	22700	0	29610	32060	70590	70000	32720	43850	31400	52260	48300	45391	46591	31680	61701	32990	29200	8760	28450	11960	27050	25900	78851	86860	61030	76480	69941	58370	64210	81140	81871	60580	5450	75531	37610	65400	76690	69320	47510	78200	60521	86790	22820	22150	30450	28560	78580	39130	31800	32820	88600	74690	24610	66480	71771	29590	77570	48620	54730	78121	46421	32010	10930	77250	40470	23930	43770	72671	53540	88070	
41210	61980	62880	42240	28140	55271	87441	39570	53020	35150	49220	58810	28270	49150	87270	12960	61870	18570	41650	71900	53160	52500	54630	23850	28330	95061	70450	94060	15100	36500	29690	22730	29840	0	57410	90731	55440	55220	35770	59080	22920	24910	53710	65510	8200	60090	37440	9130	21820	26520	37310	52400	25930	52900	61720	55140	52690	68900	41980	84331	87690	56590	80701	32390	71930	39480	38360	48540	39810	39060	53040	79440	63560	35030	21510	6040	3720	98721	64480	10930	59230	108721	51690	47240	43030	69660	10500	102930	73970	31440	52820	65340	57360	36280	52110	65820	5990	32060	44680	73681	108191	
19530	55350	113090	19440	33230	24130	47100	54170	92420	86630	102320	114120	81650	85260	82060	45510	116321	42730	37540	24890	107660	13080	49860	72970	49951	56800	36360	99241	63560	67290	31960	43460	32240	56780	0	56610	98760	15620	73290	22010	78930	73370	60190	59760	56960	65190	39070	58690	37420	57890	22590	5690	38510	106671	111930	65870	105790	73430	74870	43990	75010	109691	40360	28230	79020	61180	90470	101760	95410	76950	103270	73690	109100	27420	51590	55730	54320	64030	10350	56870	35390	68380	104180	36910	95790	75260	54660	48790	19840	84040	105941	59590	12240	21910	102320	16540	51750	59790	100491	39540	67850	
66060	43950	142790	53330	64620	37520	17980	101890	134020	124430	139740	145240	119070	127690	126390	82930	153741	74040	85630	64920	138770	48980	94190	110770	71190	6470	79120	75750	94670	111280	73990	73170	71300	91180	57140	0	140360	45200	114210	66090	112920	104050	106970	104040	90210	58930	59220	96130	75920	98810	61320	58440	67010	144091	140360	65350	143210	59010	89800	17280	43920	147111	18280	67280	67470	107970	121580	132870	129630	117870	134380	117970	126920	58010	92510	89720	88720	8790	47300	88670	79510	49590	141710	86690	133210	63180	86810	77370	39510	121460	143361	103870	58630	62260	133430	53960	88510	78670	135770	21010	38290	
80770	114960	74330	88910	80740	104270	136510	45980	6610	23770	27470	57920	32370	22750	86160	60810	50530	71550	62090	99700	60450	99140	61130	31580	83000	144060	86880	148600	67450	32260	67960	75710	70040	55430	98850	139730	0	101860	26520	86630	45540	74070	52860	72170	62790	114640	90420	46610	65460	44550	81100	93840	78910	41990	75810	109680	26990	123450	92410	133400	140670	34470	129720	74590	126470	41400	57580	59450	50410	23740	65860	86100	89610	87100	47960	60780	58460	147720	104990	65640	74760	157790	17520	65950	21820	124200	65240	159900	114010	28130	34390	72000	94710	80070	70130	101210	55910	86600	42760	122680	157260	
22670	41040	109080	15360	27350	9340	41080	59450	95640	86610	101920	110110	81250	89310	87920	45110	115921	37500	42430	38300	103640	5060	55720	72950	41821	49130	47520	85540	59540	72570	35100	37580	32920	55220	15670	44800	101980	0	75830	33950	76960	69350	66050	65620	54990	51940	31020	58310	38090	60430	22940	14520	31880	106271	107920	52620	105390	60180	66820	37970	60220	109291	34340	28900	65770	66460	86450	97740	93440	79490	99250	79550	102351	20630	54130	53760	52760	52790	22750	53540	43790	62360	103890	42770	95390	62010	51680	61190	32240	83640	105541	65450	25140	23290	98300	29270	50770	51740	99580	27750	61830	
54630	91280	85491	62770	55110	78130	110320	20780	20150	32831	45020	72451	36131	14010	64210	35400	68690	47870	36890	74470	71611	73000	37440	18110	60650	117920	62680	127031	50620	8820	41820	52030	43900	35680	72950	113590	26490	75720	0	61430	46981	60430	29650	48480	43780	92410	66740	26610	39320	18670	54960	67940	55230	59040	85331	87990	48020	101220	77560	107210	116990	54710	103580	48450	105320	18190	62151	69481	56621	4430	75731	62410	94181	61030	21820	41620	39110	121580	79790	46510	50560	131600	38940	40750	38870	102620	46080	136230	88810	33311	53150	48310	69510	53930	75721	76010	35730	67640	55851	96540	131070	
23720	71880	118660	33450	44270	42720	55970	41550	79800	84900	100770	118641	81400	72640	61370	47800	118611	48330	26150	14370	113230	31040	29170	71130	61490	65670	15300	114271	69130	54670	30230	53340	31660	59720	22020	65480	86140	34210	61620	0	82370	78940	41950	39020	62320	80220	53080	56960	39010	50920	29130	21000	49550	108961	117500	80840	104240	88460	88110	52860	93600	111981	49230	33430	94050	48560	96040	107330	100310	65120	108840	52950	117590	41430	48130	61090	59200	72900	19690	62440	14490	77250	98590	22530	94240	90290	60230	57560	28710	82490	108231	38850	10510	27110	107890	15910	54040	71760	102781	48410	76720	
63830	80970	43140	63940	49510	76641	108811	57630	45050	25920	31970	38590	14440	54201	106260	35580	40720	39940	62570	94740	32940	74200	73720	32040	46830	116431	92650	105340	24400	50750	52310	43110	52460	22860	79150	112101	45660	76900	46911	81700	0	29470	71660	84760	24830	76200	58410	26940	44440	44470	59930	75020	47300	33100	41980	71240	36110	85010	47810	105701	103970	37250	102071	55010	84580	57430	18800	28320	19540	45631	33190	99140	49430	56400	41350	23590	25690	120091	86940	27250	80530	130091	35660	68160	26450	84880	27570	125550	96430	18590	33390	84590	79980	58900	32370	88440	28610	48160	23530	95051	129561	
59800	67330	48950	57420	43410	68291	100461	64260	73700	54560	60100	56990	43090	73990	110580	35180	66070	34020	63110	90710	50530	68560	77940	47230	34730	107940	91400	88180	11430	61340	49700	35240	48430	25090	73510	103290	74310	69410	60610	78760	29470	0	78500	88820	18610	61690	45650	33970	40590	51310	55900	70090	38460	59480	46680	56110	64240	70160	30650	97351	89460	65380	93721	50980	67420	64270	33340	44630	42010	63900	46140	102750	41980	48840	46200	19310	24370	111510	81300	16760	79240	121741	63790	68330	54580	67720	19350	120000	90790	47240	61520	88650	75950	54870	41410	84410	30670	33790	49070	86701	121211	
45900	96550	112110	59090	60140	74300	96400	15830	46270	59260	71140	99590	62560	33800	35880	45520	95620	54660	26740	52460	98040	62620	13500	42870	70770	106100	39610	137142	68730	22710	39841	59670	44941	53730	59500	105910	52610	65790	29760	41550	71830	78540	0	22760	61830	102530	74380	45050	43530	28330	50730	54490	62870	85160	111950	98110	74140	111331	90920	93290	120460	80830	89660	48171	115440	16390	88580	95910	83050	31590	102160	35680	117190	65460	34890	59670	55290	113330	60120	64030	27490	117680	65060	25690	64990	112740	61820	103540	69140	59740	79270	24080	50940	48710	102150	56340	48630	77900	82280	88840	117150	
46000	96650	129090	59190	66011	74400	94280	28370	65560	75910	91320	118060	79210	55370	24340	55030	114440	60531	27920	50340	116510	62720	11290	59520	77001	103980	37490	137242	78920	41550	41820	65541	46920	65280	59600	103790	71900	65890	48620	39430	84930	88730	22760	0	72110	103191	75790	58150	49401	40770	50830	54590	68741	103840	127930	103830	94320	111431	98940	91170	120560	101010	87540	50150	117021	33850	103270	113490	100430	50880	118360	14810	128300	65690	47550	70800	66490	111210	58000	72230	25370	115560	84350	25790	84280	113261	70020	85980	67020	76390	99450	5460	48820	48810	117540	54220	59830	85920	100510	86720	115030	
43120	57500	58330	41930	27500	54331	86501	47600	60490	42530	55230	59360	34830	57560	93900	17980	64710	17930	46430	74030	52900	52190	61260	32230	23360	94121	73780	86580	8800	44910	33020	20040	31750	8500	57140	89791	62910	54890	44180	62080	24900	18610	61910	72140	0	52620	35340	17540	23910	34720	39220	53720	24490	56780	57170	47660	58700	61430	34500	83391	80390	60560	79761	34300	64450	47680	35710	47000	41380	47470	48510	86070	57260	34390	29540	2290	7710	97781	64930	3450	62560	107781	58250	51650	49040	62180	4100	103630	74420	38290	56700	71970	59270	38190	47560	67730	13960	24580	47520	72741	107251	
58991	16430	89440	47770	46111	47040	71890	87770	112040	94360	106490	105200	86090	105710	125391	57320	114280	49000	78431	86950	98740	53710	93191	83010	32680	64400	93690	36660	54980	90210	65231	45040	62051	59720	64320	58960	114600	51430	92230	80121	76160	61900	102500	103091	52650	0	30420	68330	59600	77740	54131	62700	41700	107690	87010	8690	109960	11500	37340	68640	32060	111820	65160	59251	14550	91030	81550	92840	90220	95890	89470	117021	70400	42751	71440	54220	56880	66940	71400	49280	86071	96190	109510	79871	100300	11380	50470	109790	70490	89550	107960	102921	73790	55071	84330	77920	59410	29930	97280	56070	94370	
31690	26730	86110	20300	16820	29650	59240	58900	86400	72000	86070	88660	65120	80070	98090	31680	97740	19950	50520	60000	82200	31570	65890	58520	12870	63070	66220	64331	38100	64570	35940	18340	32760	37090	38680	58650	90110	31090	66590	52650	58370	45730	73630	75790	35190	30280	0	43840	30270	52100	26830	35230	12250	89750	83680	28620	89540	38520	35940	55990	52990	93440	52510	30910	44110	64980	65010	76300	73680	70250	77810	89720	72000	13640	45800	35170	34630	66640	46470	32100	58770	82800	88540	52570	79880	40350	31770	85170	54580	68290	89670	75620	46460	27770	76860	52660	34920	20860	80740	43420	81720	
40170	68740	69690	45390	34570	60230	92420	30990	44270	28760	44630	61981	25260	40020	79150	14640	61090	25330	36460	69570	58911	55650	47080	15100	36720	100020	66540	103030	24010	27370	27360	29490	29160	9070	58490	95690	46690	58370	26640	56750	27010	33820	45020	58120	17170	68480	44200	0	23420	17830	39080	53480	32690	51440	68530	64060	48100	77290	50950	89310	94450	54080	85680	33710	80900	30790	45350	54870	43781	29930	59740	72050	72470	40930	14710	15010	12500	103680	65560	19900	54420	113700	46310	42050	38100	78630	19470	104010	75050	26350	50330	57950	58440	38050	58920	66420	9690	41030	46121	78640	113170	
21390	55860	80650	25280	17080	40120	72310	28630	59050	51240	67110	81210	46800	52720	71280	10660	81471	11600	23330	51810	75220	35520	38640	37580	28070	79910	50360	94442	31120	36310	9600	16610	9240	22500	37590	75580	65390	38240	39240	38990	45150	40930	43360	49441	24310	60340	31320	23300	0	23840	17490	32580	19810	71821	79490	55920	70580	68631	51140	69200	81570	74841	65570	12570	73250	34710	58030	69320	62210	42900	70830	63371	79560	22400	17540	23080	21190	83570	44660	24430	39140	93590	68790	28230	60580	70461	22220	83110	54150	48830	71091	49271	37540	16460	69880	46000	16820	37680	65641	58530	93060	
39310	76890	87310	47450	40610	62810	95000	13630	38050	38650	56560	78270	41950	30930	61790	21010	74650	33480	26070	63650	76641	57680	29720	20680	46260	102600	52520	112641	41530	12950	26500	37640	28580	26530	57630	98270	44390	60400	18430	50610	44630	51340	28090	40760	34630	78020	52350	17850	24000	0	39640	52620	40840	65000	86150	73600	60030	86830	66410	91890	102600	66250	88260	33130	90930	13790	62970	72490	61511	22110	77360	54690	89990	45930	7790	32470	29020	106260	64700	37360	40400	116280	54370	29930	50030	88230	36310	128890	74190	39130	62510	40590	57580	38610	76540	65190	22400	53390	61670	81220	115750	
7370	47340	95540	9880	17550	25240	57430	42410	74670	66710	82020	95860	61350	68340	72880	25210	96021	24980	25390	38180	90110	20110	40680	53050	34770	65030	42500	87822	46010	51930	14640	27780	11950	37130	22220	60700	81010	22830	54860	28930	59780	55820	50730	50580	39200	53771	26370	38410	17120	39460	0	17210	22830	86371	94380	54410	85490	62011	61390	54320	71250	89391	50690	7930	67601	48620	72920	84210	76840	58520	85720	64510	93040	16380	33160	37970	36080	68690	29290	39320	34450	78710	83990	26830	75490	63841	37110	67730	38780	63740	85641	50410	23420	2020	84770	31880	31450	45040	80191	43650	78180	
14220	54040	109540	15850	29640	22820	49220	48860	87110	81320	97010	110570	76340	79950	76750	40200	111011	39180	32230	25020	104110	11770	44550	67660	46361	58920	34650	96671	60010	61980	26650	39870	26930	52120	5400	58280	93450	14310	67980	21080	74770	69820	54880	54450	53410	62620	35480	53380	32110	52580	17280	0	34920	101361	108380	63240	100480	70860	71280	46110	73700	104381	42480	22920	76450	55870	86920	98210	91860	71640	99720	68380	105510	23830	46280	52180	50770	66150	12470	53320	30960	70500	98870	31600	90480	72690	51110	50910	21960	78730	100631	54280	11480	16600	98770	18040	46440	56200	95181	41230	69970	
28700	37480	78230	19890	7870	30771	62941	47820	75040	60640	74710	79260	53760	68710	90441	20320	87230	8590	42030	59510	72800	31160	57830	47160	12980	70561	63830	76062	28700	53210	28300	7390	25820	25730	38270	66231	78750	31880	55230	50260	47420	38510	62550	68141	24240	41700	12260	32480	19190	40740	23840	34820	0	78390	77070	38240	78180	50251	39470	59831	63190	82080	56201	25520	55570	53900	55610	66900	63900	58890	68410	82071	70840	11310	34440	24220	23270	74221	46060	22700	55780	84221	77180	46930	68520	52081	20840	84760	55550	56930	78310	67971	44750	24780	67460	52250	23560	23120	70040	49181	83691	
90381	112770	37980	92791	80150	107321	139801	74440	43790	33470	16550	19500	26430	57580	122080	62781	10170	70580	87100	121070	22050	103051	91100	44320	78630	147421	117560	133590	54410	63030	78000	74740	79011	52850	106581	143091	42140	105771	58980	107400	32990	59480	85320	103720	56630	107660	89450	51380	70991	65420	86481	101571	77940	0	39460	102700	17210	115570	76060	136691	135430	13210	133061	81561	112830	71890	28120	23100	18860	56200	29510	118000	54610	87040	65120	55390	55680	151081	113651	59050	105070	161081	29900	92690	20960	113130	59370	152101	123141	27010	9500	103550	106531	85451	34200	114991	57231	79570	10600	126041	160551	
98270	97510	2920	95890	81880	106761	138931	99270	77730	62250	53390	22630	50630	90860	148960	73650	38100	72490	101580	129210	19730	107030	116370	70440	72820	145680	130000	102850	49640	89150	88170	73710	86900	61750	111980	140560	76080	107880	85311	117360	42020	46720	111850	127420	57080	87000	83640	68580	79060	86110	94370	108560	76930	39250	0	80040	56460	88110	51350	135821	109980	52460	132191	89450	85370	98010	23450	19380	31360	84031	12800	141350	21210	87310	82990	57780	62840	148540	119770	55230	117840	160211	63840	106800	54900	85670	57820	158470	129260	54630	48750	127250	114450	93340	9950	122910	67600	63650	34660	125171	159681	
59820	22870	82430	48290	45140	50180	75260	83230	107200	89240	101370	98220	80970	101170	126220	52780	109160	44460	77900	87900	91760	54660	93700	78470	28140	70840	94210	41260	49860	85670	64170	40500	61080	55180	65270	65400	109620	52380	87690	80640	71040	55970	97960	103920	47530	8610	28460	63790	55060	73200	54960	63220	38140	102570	80000	0	104840	16660	30020	72010	38400	106700	68530	59230	18460	86490	76430	86240	85100	91350	82150	117850	63390	41810	66900	49100	52340	73380	72350	44160	86900	99560	104390	80700	95180	15760	45350	111200	73630	84430	102840	103750	74450	55900	77010	78870	54870	24740	92160	59440	97740	
87540	114000	55310	92261	80160	107101	139291	67510	29850	24770	7070	36830	25670	45990	111150	62251	24150	70590	83620	117790	39380	102521	82660	39570	80350	146891	109890	140080	59140	53790	74730	74750	76530	52860	105860	142561	27000	105241	48050	104120	36080	64210	74390	93800	58410	109780	89460	48110	70461	60670	85951	100850	77950	17370	56790	104820	0	118590	82550	136181	137550	7940	132551	81031	119320	62930	43360	40430	32980	45270	46840	109150	71940	87050	61850	57170	55690	150551	112930	60830	96390	160571	14180	87480	10800	119340	61150	182920	122420	23290	8010	93630	105810	84921	51530	113790	56701	81740	24660	125511	160041	
67021	21820	90470	55800	54141	55070	72650	96570	120840	103160	115290	106800	94890	114510	133421	66120	120720	57631	86461	94980	101560	61740	101221	91810	41480	64390	101721	26181	63780	99010	73261	53840	70081	68520	72350	58950	123400	59460	101030	88150	84960	70090	111300	111121	61450	11260	38450	77130	67951	86540	62161	70730	50440	115840	88040	16480	118760	0	40390	70600	22350	120620	67120	67281	9620	99830	87430	96610	99020	104690	91230	125051	71430	50781	80240	63020	65680	63790	79430	58080	94101	98150	118310	87901	109100	5250	59270	112960	74310	98350	116760	110951	81820	63101	86630	85950	68210	38730	106080	58030	95340	
67330	47060	53720	55970	46830	65070	93940	76330	92030	72890	78430	69140	61420	91190	120820	45880	81270	41170	73350	95670	62680	67240	88180	64430	28490	95230	100700	58430	28700	78540	59940	38790	58400	42200	74350	89790	92640	66710	77810	88320	47800	30640	91060	99060	34420	37270	35800	51170	50830	66300	62470	70900	39570	76390	51290	30000	82570	40410	0	90690	62280	83710	87210	60740	37670	79590	47980	57160	60000	81100	53070	112990	37850	49010	60000	35990	41410	97770	82140	31050	89480	118240	82120	78570	72910	37970	33820	121300	89350	65570	79850	98890	82130	63410	47930	88330	46820	17090	67400	77890	116420	
58650	54220	137081	45920	57450	32180	3750	92960	126610	118650	133960	138111	112771	120280	112970	75520	147191	67601	77000	51500	131641	41300	80770	103360	67940	16920	65700	91170	87541	103870	66580	66731	63890	84741	43720	16730	133010	37500	106800	52670	106481	97351	93550	90620	83651	68680	55970	88720	68510	91400	53910	46250	60571	138311	135921	71890	137430	70740	90880	0	59340	141331	5530	59870	79040	99970	114451	125741	123121	110460	127251	104550	128460	50730	85100	83281	82281	24150	33880	81541	66090	34440	135930	73940	127430	74910	80251	63950	26090	115680	137581	90450	45210	54850	126301	40540	81100	75610	129331	15720	26440	
75690	27520	112390	62960	66480	53900	60900	109270	136770	122180	134310	128720	113910	130440	142130	82050	142640	70320	95260	94330	123480	64140	109930	108890	60500	49080	106600	32990	82800	114940	83620	69450	80930	87460	74750	43890	140480	60360	116960	93030	103980	89720	120260	119830	80470	32110	53090	94210	80640	102470	70950	73600	63290	135510	109960	38220	137780	22460	62310	59460	0	139800	59020	76910	28840	115350	109350	118530	118040	120620	113150	133760	93350	62890	96170	82040	84700	46980	76710	77100	102770	91790	137330	96700	128120	26110	78290	106780	69200	117370	135780	119660	84220	71890	108550	83370	85290	57750	125100	51670	80650	
93381	117240	50820	95791	84121	110631	142821	74520	37110	31050	10570	32340	29950	52840	118160	65781	19610	74551	89750	123720	34890	106051	89670	45570	83100	150421	116900	141510	60570	60800	80650	78711	82011	56821	109581	146091	34170	108771	55060	110050	37650	65640	81400	100810	61100	112470	93421	54030	73991	66670	89481	104571	81911	12830	52300	107510	7630	121280	83980	139711	140400	0	136081	84561	120750	69940	40960	35940	30630	52280	42350	116160	67450	91011	67770	59860	59651	154081	116651	63520	103400	164101	21350	94490	16910	121050	63840	189930	126141	28260	4570	100640	109531	88451	47040	117991	60231	84430	22310	129041	163571	
55230	50630	133661	42500	54030	28760	8780	89540	123190	114470	129990	134691	109320	116860	109550	72100	143771	64181	73580	48080	128221	37880	77350	99940	64350	17880	62280	90090	84121	100450	63160	63311	60470	81321	40300	17690	129530	34080	103380	49250	103061	93931	90130	87200	80231	65090	52380	85300	65090	87980	50490	42830	57151	134341	132501	68300	133460	67150	87100	5530	58930	137361	0	56450	75450	96550	111031	122321	119701	107040	123831	101130	124010	47310	81680	79861	78861	25110	30460	78121	62670	35090	131960	70520	123460	71320	76831	60530	22670	111500	133611	87030	41790	51430	122881	37120	77680	72020	125911	12290	30120	
11910	53290	90610	15830	19220	31190	63380	36040	68170	61650	77090	90910	56420	61840	72081	20280	91091	20050	23210	42830	85180	26060	39551	47990	36440	70980	46060	93032	41080	45430	8630	25060	5450	32200	28120	66650	74510	28780	48360	33420	54850	50890	48581	49781	34270	58981	30270	33480	12190	32960	8020	23110	24500	81441	89450	58310	80560	67221	60730	60270	77200	84461	56640	0	72811	42120	67990	79280	71910	52020	80790	63711	89150	20100	26660	33040	31150	74640	35190	34390	34840	84660	79060	26630	70560	69051	32180	73630	44680	58810	80711	49611	28070	6990	79840	36530	26520	46130	75261	49600	84130	
72731	28320	87840	61510	59851	60780	80830	100760	124210	106250	115250	104170	97980	118700	139131	70310	118090	61990	92171	100690	98930	67450	106931	96000	45670	72570	107430	23730	65520	103200	78971	58030	75791	72320	78060	67130	126630	65170	105220	93860	84620	67460	115490	116831	64540	14570	44160	81320	72590	90730	67871	76440	55620	113210	85410	18660	119390	9410	37760	78680	28740	120530	75200	72991	0	104020	84800	93980	96820	108880	88600	130761	68800	56491	84430	66110	69870	72300	85140	61170	99811	106230	118940	93611	109730	5080	62360	121040	82390	101440	116670	116661	87530	68811	84000	91660	72400	41750	104220	66110	103520	
45930	90190	98480	56560	51610	71920	103190	7890	34600	45820	59470	85440	49120	27340	51640	34310	81820	46130	24010	61460	84600	63260	22860	29430	59560	111710	48610	125941	54470	10110	34890	50940	37690	39470	60770	107380	40940	66430	18090	48550	57570	64280	16400	33900	47570	91320	65650	30790	35000	14110	48750	55760	54140	72170	98320	86900	62470	100130	79710	100080	115900	69160	96450	42240	104230	0	75140	82470	69610	19920	88720	47830	102930	56930	20630	45410	41960	115370	66910	50300	36490	124470	53390	27870	53320	101530	49250	122030	75930	46300	67600	33730	56630	47370	88710	63130	35340	66690	68840	90330	123940	
76900	86970	24560	74520	60510	85391	117561	76050	58240	39100	39190	24150	27410	68850	123860	51120	33350	51120	79810	107840	17690	85660	92140	47220	53040	125181	108630	105530	28270	65930	66800	52340	65530	38300	90610	120851	58050	86510	62091	95990	18800	33340	88440	103180	35710	81520	65050	45360	57690	62890	73000	87190	55560	28470	23400	76560	43430	87510	48000	114451	109290	41270	110821	68080	84770	74790	0	11790	12080	60811	14720	117680	32250	65940	59670	36410	41130	128841	98400	33860	96470	138841	46770	85400	37560	85070	36450	137100	107890	31780	37030	103010	93080	71970	13790	101540	44150	53430	20190	103801	138311	
88190	98260	17910	85810	71800	96681	128851	84270	61250	44870	37180	13290	33530	73620	132480	61200	26450	62410	89890	119130	6830	96950	102210	54150	64330	136471	119840	112600	39560	72860	77930	63630	76820	48380	101900	132141	59600	97800	69021	107280	28220	44630	95370	113380	47000	92810	76340	54780	68980	72310	84290	98480	66850	23040	19390	86310	40250	96720	57210	125741	118590	36250	122111	79370	93980	81720	11790	0	12890	67741	8150	127880	32820	77230	69190	47700	51210	140131	109690	45150	107760	150131	47360	95580	38420	94280	47740	148390	119180	37250	32540	113210	104370	83260	12410	112830	54230	64720	18180	115091	149601	
80820	95640	29930	80390	65960	93091	125481	72130	50960	32970	28800	21600	21520	61720	118650	52570	24930	56390	79191	112260	16680	90650	88790	42010	61710	133101	109691	117550	36940	60720	69300	59560	69450	39750	95650	128771	50340	93350	56881	99220	19540	42010	83230	100480	41280	90190	73720	43101	61430	60781	76920	92170	63750	19030	31010	85230	33040	99000	60020	122371	117960	31080	118741	72000	96790	69580	12080	12940	0	55601	20260	114760	41520	72850	57661	40040	42580	136761	103440	42530	97201	146761	38920	84781	29820	97090	44020	142140	112930	25350	26640	100310	97500	75890	23060	105960	45600	62100	9800	111721	146231	
58220	94870	84221	66360	58700	81720	113910	24370	17330	31561	42200	71181	34861	12270	65990	38990	65870	51460	40480	78060	70341	76590	39700	21440	64240	121510	65450	130621	53950	10830	45410	55620	47490	39010	76540	117180	23670	79310	4430	65020	45711	63760	31430	50740	47110	96000	70330	29940	42910	22260	58550	71530	58820	56220	84061	91580	45200	104810	80890	110800	120580	51890	107170	52040	108910	19970	60881	68211	55351	0	74461	64670	92911	64620	25410	44950	42440	125170	83380	49840	53330	135190	36120	44340	36050	106210	49410	138010	92400	32041	50330	50570	73100	57520	74451	79600	39060	70970	54581	100130	134660	
89670	99170	11890	87290	73280	98161	130331	90420	67770	51940	43700	17640	40590	80690	139410	65050	32240	63890	92980	120610	11180	98430	107160	61080	65810	137951	121400	106430	41040	79790	79570	65110	78300	53010	103380	133621	66120	99280	75951	108760	33170	46110	102300	118330	48480	89570	77820	59730	70460	77260	85770	99960	68330	29560	12840	82300	46770	91330	53200	127221	113200	42770	123591	80850	88590	88650	14710	8150	20260	74671	0	132750	26020	78710	74140	49180	54240	141611	111170	46630	109240	151611	53880	98200	44940	88890	49220	149870	120660	44320	39060	118160	105850	84740	5530	114310	58860	64070	24700	116571	151081	
60010	110660	143390	73200	80021	88410	108290	42380	79570	90250	106710	132400	93550	67941	20470	69040	128780	74541	41930	64350	130850	76730	25300	73530	91011	117990	51500	151252	92930	55560	55830	79551	60930	79290	73610	117800	85910	79900	62630	53440	99370	102740	35331	14840	86120	117201	89800	72160	63411	54780	64840	68600	82751	118180	142230	117840	109710	125441	112950	105180	134570	116400	101550	64160	131031	47860	117990	128210	114770	64890	133080	0	142320	79700	61560	84810	80500	125220	72010	86240	39380	129570	99790	39800	99720	127271	84030	77050	81030	90730	114840	17540	62830	62820	132260	68230	73840	99930	114850	100730	129040	
98360	83030	23540	90410	77110	101171	130970	102900	90230	71090	67480	41330	59400	100840	149350	73820	56800	69680	101750	129380	36710	101740	116580	79210	61960	132510	130170	84850	50070	97920	88340	67570	86910	63730	109110	127070	89950	102371	94081	117530	49390	41980	117140	127590	57250	70300	72020	72610	79230	89950	94360	105660	70830	54500	21110	63340	71670	71410	37860	127720	93280	67710	124240	89250	68670	102910	32220	32710	41490	92801	25940	141520	0	81530	84840	57950	63010	133970	117990	55400	118010	154751	77710	106970	68770	68970	57990	156740	126310	63770	64000	127420	114620	93430	21340	123080	69310	52760	48530	114850	153450	
21400	37420	88540	8670	6890	21520	54130	50060	80480	69040	83740	89570	62790	74150	87840	27270	96310	17040	40590	48370	83110	19940	55640	55380	22750	61310	54590	76462	39010	57740	26010	17120	22830	34760	27050	56980	86820	20660	60670	41020	56500	48820	64790	65540	34530	42411	13730	40740	21430	45270	16660	23600	11350	87420	87380	41770	87210	50651	49370	51020	63130	91110	47390	20980	56241	56140	65920	77210	72980	64330	78720	79470	81430	0	38970	33300	32300	64970	34840	33010	48480	75410	86210	42410	77550	52481	31150	73280	44330	65960	87340	65370	34830	17600	77770	41030	32250	33020	79120	39930	74880	
32990	70570	84060	41130	34290	56490	88680	20420	41730	41620	58320	76571	38950	35400	68580	14690	74780	27160	27580	61130	73501	51360	36510	23650	39940	96280	57660	106321	36050	19710	20180	31320	22260	21280	51310	91950	48070	54080	21920	48200	41490	45860	34760	47550	29080	71700	46030	14710	17680	7690	33320	46300	34520	65130	82900	67280	61790	80510	60090	85570	96280	67770	81940	26810	84610	20530	59540	69350	58371	25580	74220	61480	84510	39610	0	26920	22490	99940	58380	31810	45540	109960	57340	33170	51790	81910	29780	135680	67870	40040	64020	47380	51260	32290	73290	59240	15830	47070	59900	74900	109430	
41890	57860	59130	40700	26270	53401	85571	45530	58860	40900	54160	59310	33760	55490	92670	16550	63640	16700	45200	72800	53660	50960	60030	30160	23720	93191	72550	88020	9600	42840	31790	19870	30520	6430	55910	88861	61280	53660	42110	60850	23830	19410	59840	70910	2160	54060	35170	15470	22680	32650	37990	52490	24060	55710	57970	49100	57630	62870	35940	82461	81830	59490	78831	33070	65890	45610	36510	47800	40310	45400	49310	84840	58060	33160	27470	0	5640	96851	63700	4890	61330	106851	57180	50420	47970	63620	4460	102400	73190	37190	55630	70740	58040	36960	48360	66500	11940	26020	46450	71811	106321	
40060	59210	64030	39470	25370	52501	84671	40850	56220	38290	52360	61950	31410	52350	88530	12260	65010	15800	41890	70970	56300	49730	55890	27050	25180	92291	70330	91561	14500	39700	29570	19960	28690	3600	54680	87961	58640	52450	38970	58960	26060	24310	55580	66770	7530	56940	34670	12330	20820	28960	36160	51250	23160	56040	62870	52520	55830	65750	41310	81561	84710	59730	77931	31240	69850	41920	41410	51680	42950	42260	54210	80700	62960	32260	22790	5370	0	95951	62470	10260	59110	105951	54830	47480	46170	67150	9370	101170	71960	34580	55960	66600	56210	35130	53260	64670	7020	30290	47820	70911	105421	
73680	51660	150360	60950	72240	45140	24540	109510	141640	132920	148050	152860	126830	135310	132960	90550	161540	81660	93250	71490	146390	56600	100760	118390	78810	10740	85690	78840	102290	118900	81610	80790	78920	98800	63710	8980	147980	52820	121830	72660	120540	111670	113540	110610	97830	66500	66840	103750	83540	106430	68940	66060	74630	152650	147930	72920	151520	64040	97370	23850	47010	155811	24850	74900	72540	115590	129200	140490	137250	125490	142000	124540	134080	65630	100130	97340	96340	0	53870	96290	86080	55390	150410	93930	141820	68210	94430	83940	46080	129950	152061	110440	65200	69880	141050	60530	96130	86480	143390	28630	40500	
27050	63060	121580	27930	41720	31840	36800	60110	98360	94150	109840	122610	89170	91200	80120	53030	123841	51220	44150	18650	116150	20790	47920	80490	58441	46500	32850	104620	72050	73230	39480	51950	39760	64950	10840	46310	104700	23330	80180	19820	87420	81860	60700	57770	65450	72900	47560	66210	44940	65410	30270	13370	47000	114191	120420	73580	113310	81140	83360	33690	76440	117211	30060	35750	86730	67120	98960	110250	103900	83680	111760	71700	117760	35910	59110	64220	62810	53730	0	65360	33240	58080	111700	41090	103310	82970	63150	38490	9540	91560	113461	57600	12360	29430	110810	7810	59270	68280	108011	29240	57550	
43750	54810	56520	42150	27360	53021	85191	49800	63110	45150	57280	57550	36880	60420	94530	19350	66630	17970	47060	74660	51090	52510	61890	34960	20670	92811	74410	83700	6990	47770	33650	19190	32390	11360	57460	88481	65530	54140	47040	62710	26950	16800	64530	72770	3580	49740	32680	20400	24540	37580	39850	54040	23190	58830	55360	44780	60750	58550	31620	82081	77510	62610	78451	34930	61570	50540	33900	45190	42570	50330	46700	86700	55450	33570	32400	5150	10570	96471	65250	0	63190	106471	60300	52280	51090	59300	3410	103950	74740	40340	58750	72600	59900	38820	45750	68360	16820	21700	49570	71431	105941	
28540	78910	118850	41450	49260	52490	69350	30790	68590	78140	94350	116381	78870	60790	47320	47460	116351	49420	18860	26840	113311	40810	15120	60730	65890	79050	13990	119532	69320	43910	30580	54430	32750	59380	35400	78860	74930	43980	50860	14500	80670	79130	27900	24970	62510	85481	58080	54430	38670	40520	34120	30920	54540	106070	117690	86120	97350	93721	89340	66240	102820	104040	62610	34780	99311	36880	96230	107520	98181	53910	109030	38900	117780	47950	45590	61280	59350	86280	33070	62630	0	90630	87380	15480	87310	95551	60420	110310	42090	78620	102480	24800	23890	32100	108080	29290	53700	75500	100521	61790	90100	
82930	81610	161361	70200	81730	56460	31690	117100	150890	142930	158240	162391	137051	144560	137110	99800	171471	91881	101140	75640	155921	65580	104910	127640	94011	47990	89840	121070	111821	128150	90860	91011	88170	109021	67860	48850	157290	61780	131080	76810	130761	121631	117690	114760	107931	96070	83050	113000	92790	115680	78190	70390	84851	162591	160201	99280	161710	98130	118270	34460	91740	165611	34580	84150	106430	124110	138731	150021	147401	134740	151531	128690	154921	75010	109380	107561	106561	55330	58020	105821	90230	0	160210	98080	151710	102300	104531	88090	50230	139960	161861	114590	69350	79130	150581	64680	105380	103000	153611	41350	20830	
85790	112840	62130	90700	79000	105540	137730	58520	19690	20760	14450	45720	25510	35830	102110	60560	37750	69430	74630	112240	48250	100960	73670	33630	79190	145330	100420	139920	58980	44800	72980	73590	74780	51700	104110	141000	17550	103680	39060	99170	35920	64050	65400	84710	58250	109620	88300	46360	68900	54730	84390	99100	76790	29790	63610	104660	14210	118430	82390	134620	137390	21690	130990	79330	119160	53940	46690	47250	38850	36280	53660	100110	78040	85890	57220	56850	54530	148990	111180	60670	87300	159010	0	78490	10210	119180	60990	173880	120670	21750	21610	84540	104060	83360	57930	112040	55140	81580	30560	123950	158480	
22760	73160	108100	35700	43110	51060	77170	20870	59120	68220	83990	103631	66420	51960	47900	35500	102690	39050	6410	35570	100561	39480	15700	50450	55520	86870	27520	113622	58570	33990	19830	44060	24600	47190	36360	86520	65460	42650	40940	22530	68220	68380	25750	25600	51760	79571	52170	41980	27920	30240	26890	31350	47260	92600	106940	80210	86990	87811	78590	74060	97070	93680	70430	26630	93401	27880	85450	96020	85431	44440	98280	39530	107030	42200	33140	50530	47200	94100	40890	51880	15400	98450	77910	0	77840	89641	49670	110940	49910	67510	91490	25430	30610	24870	97330	37110	41680	65130	87370	69470	97920	
77280	104230	53180	82090	70390	96930	129120	57840	23100	14280	7370	36770	16150	36980	101430	52050	30490	60820	73570	107530	39300	92350	72990	29110	70580	136720	100090	130560	49620	44120	64470	64980	66270	43090	95600	132390	21450	95070	38380	93860	26560	54690	64720	84030	48890	100260	79690	37850	60290	50210	75780	90590	68180	20840	54660	95300	10840	109070	73030	126010	128030	17060	122380	70820	109800	53260	37330	38300	29810	35600	44710	99430	69090	77280	51590	47650	45920	140380	102670	51310	86620	150400	9800	77810	0	109820	51630	173200	112160	13140	15500	83860	95550	74750	48980	103530	46530	72220	21610	115340	149870	
68861	24120	88370	57640	55981	56910	76420	97830	121690	103730	115780	104700	95460	115770	135261	67380	118620	59060	88301	96820	99460	63580	103061	93070	42740	68160	103560	26080	64350	100270	75101	55100	71921	69780	74190	62720	124110	61300	102290	89990	85150	67990	112560	112961	62020	11400	40290	78390	69660	87800	64001	72570	52280	113740	85940	15730	119330	4940	38290	74270	26290	121060	70790	69121	5710	101090	85330	94510	97350	105950	89130	126891	69330	52621	81500	63590	66940	68050	81270	58650	95941	101820	118880	89741	109670	0	59840	116630	77980	98920	117200	112791	83660	64941	84530	87790	69470	39230	104750	61700	99110	
40460	54170	61680	38960	24070	50681	82851	46510	64790	46830	60090	62710	39690	61410	91240	16060	69570	14680	43770	71370	56250	49220	58600	36090	19980	90471	71120	84780	12150	48630	30360	16390	29090	12360	54170	86141	67210	51460	48030	59420	29760	21960	61240	69480	6650	50820	31690	21390	21250	36480	36560	50750	20840	61640	60520	45860	63560	59630	34910	79741	78590	65420	76111	31640	62650	49450	39060	50350	46240	51320	51860	83410	60610	30960	29970	6560	10880	94131	61960	5460	59900	104131	63110	48990	53900	60380	0	100660	71450	43120	61560	69310	56610	35530	50910	65070	15440	22780	52380	69091	103601	
63840	104610	161640	66010	80850	63300	67460	91001	113900	138871	141470	162670	126910	104620	85390	90770	161581	91280	94381	55440	156210	58870	73800	122151	100080	86320	69640	145790	112110	104181	77220	92010	76800	102690	48920	85050	118040	61410	111251	56610	125340	121920	75450	85990	105510	111600	87620	103950	82680	105010	68240	51450	87060	151931	160480	119720	140030	122770	127890	64350	118130	146500	60720	72540	131070	95480	139020	150310	147690	113511	151820	86040	162450	75740	96850	103530	101640	95420	39080	105420	70030	97900	132270	78830	136080	126940	103210	0	39660	129300	147430	96430	49150	66220	150870	44600	97010	110350	154750	59900	97370	
35940	56950	130500	36850	50640	25420	29180	69000	107250	103040	118730	131530	98060	100090	89010	61920	132731	60140	53040	27540	125070	29710	56810	89380	65341	38880	41740	97400	80970	82120	48370	60870	48650	73840	19760	38690	113590	32250	89070	28710	96340	90780	69590	66660	74370	70420	54300	75100	53830	74300	39190	22290	55920	123081	129340	73420	122200	74460	89020	26070	69220	126101	22440	44640	82760	76010	107880	119170	112820	92570	120680	80590	125930	44830	68000	73140	71730	46110	9920	74280	42130	50460	120590	49980	112200	78630	72070	39530	0	100450	122351	66490	21250	38320	119730	16580	68160	73940	116901	22020	49930	
65790	92740	53390	70600	58900	85440	117630	48640	27690	8550	19760	40310	5300	38330	94980	40560	36690	49330	62080	95670	39510	80860	65300	18520	59090	125230	90540	122910	41120	37230	52980	53490	54780	31600	84110	120900	28300	83580	33391	82370	18510	47040	59740	76340	38220	89590	68200	26360	48800	39620	64290	79100	56690	27040	54500	84630	23230	98400	65380	114520	117360	28300	110890	59330	101420	46090	31530	37600	25340	32111	44150	90620	63560	65790	40100	36750	34430	128890	91180	40640	78420	138910	21730	67670	13230	99150	40960	164820	100670	0	24550	76170	84060	63260	45100	92040	35040	61550	23520	103850	138380	
89251	112670	48360	91661	79991	106501	138691	71560	36080	29420	8400	29880	25820	52030	116530	61651	17150	70421	85620	119590	32430	101921	88040	41440	78530	146291	114680	136940	56000	59170	76520	74581	77881	52691	105451	141961	34070	104641	53430	105920	33080	61070	79770	99180	56530	107900	89291	49900	69861	62540	85351	100441	77781	10370	49840	102940	7710	116710	79410	135581	135670	4600	131951	80431	116180	68310	37460	33480	27080	50650	39890	114530	64990	86881	63640	55290	55521	149951	112521	58950	101770	159971	21250	91210	15280	116480	59270	188300	122011	24130	0	99010	105401	84321	44580	113861	56101	79860	18760	124911	159441	
45840	96490	128930	59030	65851	74240	94120	28210	65400	75750	91160	117900	79050	56970	28250	54870	114280	60371	27760	50180	116350	62560	11130	59360	76841	103820	37330	137082	78760	41390	41660	65381	46760	65120	59440	103630	71740	65730	48460	39270	84770	88570	24080	5350	71950	103031	75630	57990	49241	40610	50670	54430	68581	103680	127770	103670	94160	111271	98780	91010	120400	100850	87380	49990	116861	33690	103110	113330	100270	50720	118200	17370	128140	65530	47390	70640	66330	111050	57840	72070	25210	115400	84190	25630	84120	113101	69860	89890	66860	76230	99290	0	48660	48650	117380	54060	59670	85760	100350	86560	114870	
19250	64240	115560	26630	38790	33020	48520	49660	87910	86350	102040	116071	81370	80750	70770	45230	116041	45000	34060	16130	110130	21970	38570	72690	56010	58220	24860	107451	66030	62780	31680	49020	31960	57150	12020	58030	94250	24510	69730	10510	79800	75840	51350	48420	59220	73400	46260	58410	37140	57610	23650	10940	44070	106391	114400	74020	105510	81640	82060	45410	83900	109411	41780	27950	87230	56670	92940	104230	97670	73230	105740	62350	114490	34610	51310	57990	56100	65450	12240	59340	23890	69800	103900	30640	95510	83470	57130	50110	21260	83760	105661	48250	0	21630	104790	10830	51470	66280	100211	40960	69270	
5500	48280	94560	10820	18490	26180	58370	40390	73680	65730	81040	94880	60370	67350	70860	24230	95041	24000	23370	36320	89130	20250	38660	52070	35710	65970	40640	88762	45030	50940	13650	28720	10960	36150	21610	61640	80020	22970	53870	27070	58800	54840	48710	48560	38220	54711	27310	37430	16140	38470	2010	16600	23770	85391	93400	55350	84510	62951	62330	55260	72190	88411	51630	6950	68541	47400	71940	83230	75860	57530	84740	62490	93400	17320	32170	36990	35100	69630	28680	38340	32580	79650	83010	24810	74510	64781	36130	67120	38170	62760	84661	48390	21560	0	83790	30020	30470	45980	79211	44590	79120	
88640	94650	11090	86260	72250	97131	129301	89640	71660	52690	47540	22570	41000	82440	139140	64020	37370	62860	91950	119580	16310	97400	106380	60810	64780	136921	120370	101850	40010	79520	78540	64080	77270	52120	102350	132591	70010	98250	75681	107730	32390	42150	102030	117550	47450	85050	76790	58950	69430	76480	84740	98930	67300	34260	9930	77780	51470	86750	48680	126191	108620	47470	122561	79820	84010	88380	13820	12470	23090	74401	5540	131720	21440	77680	73360	48150	53210	140581	110140	45600	108210	150581	57770	97170	48830	84310	48190	148840	119630	45370	43760	117380	104820	83710	0	113280	57970	59550	28590	115541	150051	
27440	68540	123750	32810	46600	37320	43730	55430	93680	93650	109520	124261	89560	86520	75440	53420	124231	53190	40030	11780	118320	26270	43240	79990	63321	53430	25980	111550	74220	68550	38980	56830	40150	65340	15630	53240	100020	28810	75500	15140	87990	84030	56020	53090	67410	78380	52440	65710	45330	64570	31840	17710	51880	114581	122590	79060	112990	86620	88240	40620	83370	117601	36990	36140	92210	62440	101130	112420	105860	79000	113930	67020	122680	40790	58270	66180	64290	60660	7750	67530	28560	65010	111200	36410	102990	88450	65320	45320	16470	91240	113851	52920	10580	29820	112980	0	59660	73160	108401	36170	64480	
35670	59640	68870	37510	25800	52350	84540	34000	53340	37830	53260	64800	32590	48920	81700	7420	67261	16230	36080	66360	59150	47770	49060	24170	27680	92140	64910	94061	20860	34470	24150	20390	24300	6090	51870	87810	55760	50490	35540	53540	28740	30670	48730	59940	13720	59440	35100	9490	16280	22330	31770	46860	23590	57611	67710	55020	56730	68250	46750	81430	85350	60631	77800	26850	72350	35290	44350	54530	45800	38830	59030	73870	69320	32480	15940	11730	7110	95800	58940	16450	53690	105820	55230	41670	46730	69650	14400	97390	68430	34980	56881	59770	51820	30740	58100	60280	0	33730	50500	70760	105290	
51030	37320	66040	41120	30530	50220	78860	63350	84260	66300	78430	77060	58030	81290	107840	32900	86140	26390	59830	80820	70600	52390	75200	56100	12190	82690	86160	63620	26920	65790	46100	22490	43620	32370	59500	78270	86680	51860	67810	72590	48100	33790	78080	85941	24590	29810	20950	41410	36990	53320	46170	56050	23270	79550	63610	24700	81900	38620	17100	75610	57580	83760	72130	45960	41490	66610	53410	64700	62080	71340	63960	99871	52660	32710	47020	26160	30310	86260	67290	21220	75370	103160	81450	64730	72240	39220	22410	105990	74500	61490	79900	85771	67080	47110	58820	73480	33840	0	69140	63040	101340	
84001	102700	33110	85920	71820	98991	131471	71120	44580	30200	20480	18560	21230	58370	119090	56401	17380	62250	81571	114911	19230	96220	87780	41000	68770	139091	112360	124940	44000	59710	72471	65750	72631	44520	100201	134761	42930	98940	55871	101871	23310	49070	82220	100400	47470	97250	80780	45481	64611	62100	80101	95191	69610	10600	34590	92290	24720	106060	67410	128361	125020	22760	124731	75181	104180	68570	20210	18230	9830	54591	24640	114680	49020	78710	59920	46230	47350	142751	107271	49590	99870	152751	30690	87161	21750	104480	50210	145721	116761	23600	18320	100230	100151	79071	28910	108611	50270	69160	0	117711	152221	
48480	41400	126961	35750	47040	19940	18830	84310	116440	106850	122160	127991	101490	110110	108580	65350	136161	57190	68050	47110	121521	31400	76380	93190	55120	25090	61310	80860	77421	93700	56410	56611	53720	74621	39330	20760	122780	27620	96630	48280	96361	87231	89160	86230	73531	55860	43150	78550	58340	81230	43740	40860	50451	126511	125610	59070	125630	57920	77870	15720	51530	129531	12090	49700	66220	90390	104331	115621	113001	100290	117131	100160	114780	40430	74930	73161	72161	28750	29490	71421	61700	41260	124130	69110	115630	62090	70131	59560	21980	103880	125781	86060	40820	44680	116181	36150	70930	62790	119211	0	39440	
82290	79400	160721	69560	81090	55820	22720	116460	150250	142290	157600	164761	136411	143920	136470	99160	172051	91241	100500	75000	155281	64940	104270	127000	93120	33060	89200	112770	111181	127510	90220	90371	87530	108381	67220	38070	156650	61140	130440	76170	130121	120991	117050	114120	107291	93860	81150	112360	92150	115040	77550	69750	84211	161951	159561	97070	161070	94950	116060	26110	80480	164971	29820	83510	103410	123470	138091	149381	146761	134100	150891	128050	153640	74370	108740	106921	105921	40400	57380	105181	89590	20590	159570	97440	151070	99120	103891	87450	49590	139320	161221	113950	68710	78490	149941	64040	104740	100790	152971	39140	0	

0	                              Ashton_in_Makerfield	0	0	32400	0

1	                                             Crewe	739	4105	7510	1478
2	                                          Rawmarsh	282	9627	13539	564
3	                                        Warrington	655	21116	25249	1310
4	                                        Partington	201	23966	26493	402
5	                                          Frodsham	462	22031	24469	924
6	                                       Yr_Wyddgrug	220	17952	20952	440
7	                                         Blackburn	590	3039	6064	1180
8	                                          Glusburn	212	21889	24234	424
9	                                        Queensbury	654	13400	17503	1308
10	                                            Pudsey	108	14550	17067	216
11	                                         Hemsworth	165	5991	9090	330
12	                                            Elland	782	19896	24582	1564
13	                                      Barnoldswick	547	16525	20455	1094
14	                                         Fleetwood	131	18263	22936	262
15	                                         Prestwich	742	18997	21835	1484
16	                                        Castleford	470	11597	15082	940
17	                                         Stretford	139	18405	21446	278
18	                                           Chorley	198	12281	16917	396
19	                                            Formby	818	2139	5150	1636
20	                                          Cudworth	636	12613	14916	1272
21	                                            Widnes	442	8896	11421	884
22	                                           Preston	419	1815	5912	838
23	                                         Todmorden	149	17347	21657	298
24	                                          Wilmslow	446	23818	27317	892
25	                                            Brymbo	297	7719	10921	594
26	                                         Southport	820	4330	6849	1640
27	                                          Stafford	393	11214	14971	786
28	                                       Longdendale	164	22851	26975	328
29	                                           Padiham	110	12408	16122	220
30	                                      Westhoughton	795	9814	13643	1590
31	                                              Sale	332	17016	19956	664
32	                                          Atherton	822	17776	20511	1644
33	                                            Oldham	678	14214	16924	1356
34	                                            Huyton	456	14574	16610	912
35	                                           Wrecsam	257	25119	28534	514
36	                                           Silsden	558	21183	24236	1116
37	                                           Runcorn	327	1931	5398	654
38	                                        Brierfield	785	19290	22662	1570
39	                                          Ormskirk	275	15113	17587	550
40	                                           Meltham	503	17452	20582	1006
41	                                           Glossop	635	14689	19458	1270
42	                                         Longridge	233	25929	29789	466
43	                                           Kirkham	596	24102	28840	1192
44	                                        Dukinfield	517	6651	8746	1034
45	                                         Kidsgrove	335	16358	20079	670
46	                                         Knutsford	806	17249	22193	1612
47	                                          Rochdale	419	15637	18816	838
48	                                           Walkden	479	2091	4673	958
49	                                        Haslingden	661	13865	18856	1322
50	                                 Newton-le-Willows	223	10258	14809	446
51	                                           Prescot	546	5257	9097	1092
52	                                        Altrincham	820	2753	5981	1640
53	                                         Lofthouse	325	5192	8828	650
54	                                         Rotherham	686	6367	8391	1372
55	                                          Biddulph	675	4757	8169	1350
56	                                         Horsforth	294	7373	12100	588
57	                              Newcastle_under_Lyme	263	7351	10037	526
58	                                            Buxton	146	18295	20883	292
59	                                           Buckley	737	21317	25887	1474
60	                                    Market_Drayton	277	18883	23640	554
61	                                   Chapel_Allerton	191	15765	19314	382
62	                                          Hawarden	405	3020	7912	810
63	                                             Leigh	179	20899	25219	358
64	                                           Longton	823	3336	5893	1646
65	                                     Great_Harwood	501	10295	14269	1002
66	                                         Penistone	638	4584	8181	1276
67	                                          Barnsley	118	7452	11046	236
68	                                      Clayton_West	321	10852	13972	642
69	                                            Nelson	163	10213	12520	326
70	                                    Hoyland_Nether	127	5508	8788	254
71	                                         Blackpool	310	6181	8362	620
72	                                         Dronfield	207	7256	10037	414
73	                                              Lymm	261	21923	25457	522
74	                                        Ramsbottom	350	10127	14301	700
75	                                 Ashton-under-Lyne	585	23777	26771	1170
76	                                        Failsworth	777	3805	7140	1554
77	                                 Rhosllanerchrugog	174	13377	15948	348
78	                                         Liverpool	361	19194	22405	722
79	                                              Hyde	565	16972	21555	1130
80	                                          Tarleton	309	21995	25136	618
81	                                         Prestatyn	447	13317	16134	894
82	                                           Baildon	386	22112	26483	772
83	                                            Euxton	118	23153	25598	236
84	                                          Bradford	711	9710	13291	1422
85	                                    Stoke-on-Trent	562	9663	14181	1124
86	                                            Denton	246	3794	7206	492
87	                                        Donaghadee	379	22278	27086	758
88	                                         Bebington	816	9556	13004	1632
89	                                           Halifax	453	21698	26202	906
90	                                             Leeds	347	9701	13088	694
91	                                        Freckleton	369	13209	15643	738
92	                                            Kirkby	301	9298	13280	602
93	                                          Golborne	448	15876	20766	896
94	                                        Chapletown	583	20842	25679	1166
95	                                            Bootle	275	18243	22204	550
96	                                         Middleton	771	17528	22499	1542
97	                                        Bollington	305	9878	13475	610
98	                                           Horbury	162	11901	13971	324
99	                                           Chester	448	22123	24836	896
100	                                           Denbigh	302	5311	7987	604
