100

6350	3650

20	90

0	90061	79670	45560	28490	98090	88970	42950	14610	82110	53930	73760	72160	89960	79510	99220	97990	85070	60500	96280	80710	72480	30730	25280	43610	60890	56390	99860	82980	52790	40430	99960	58680	70060	57220	97510	96760	89520	90380	96620	70710	59500	37910	94541	60280	99510	35630	89040	74500	78280	40640	67020	77590	63690	33850	91750	90010	93540	56520	64080	86900	63730	72480	82750	70061	79540	90300	73480	52320	55360	53530	85650	93110	89950	93510	82440	84520	66820	66520	72820	79990	71670	61020	73800	78931	90690	75880	77960	15630	79230	74540	91040	73260	91171	67420	77540	84251	33850	87400	87770	66150	
90161	0	156424	110160	91600	130550	128261	116880	100021	158824	140534	157774	45371	159440	26710	113980	192232	107701	137214	116690	170070	91831	94380	93010	129250	72170	144931	176614	160604	138801	122720	65680	140480	159420	139914	186345	136121	166274	104650	143140	146490	133380	60550	6710	46150	171130	62610	176245	55790	31700	125821	143734	145330	71540	59531	34820	172824	182725	39460	153440	176035	29470	62150	146200	27870	170335	118280	157475	130224	118080	89260	158150	189481	130790	154760	169135	160300	66080	152574	27780	113340	130980	149181	144590	16510	177710	154944	113701	100381	112270	74590	141850	162550	10220	48410	144700	14930	59531	160810	111320	66661	
79290	155442	0	48280	63610	79240	145102	40930	75320	9930	38380	38420	146682	17590	137440	97920	102401	154380	21390	165260	74481	145710	60000	96930	41660	95330	46210	22710	14520	58710	89640	175362	96030	61560	30460	49910	152892	12370	89080	153480	111770	24370	93170	160244	115540	24790	92920	47160	149902	134350	66600	14820	23280	95490	100043	136600	29010	52280	116432	52990	48170	126362	147882	131210	132172	44141	81660	27350	31650	112230	74050	10930	65850	146820	31260	42690	118590	143080	38900	134462	75880	38560	61860	16270	144634	87971	15160	140460	67070	77180	98930	50980	80080	156874	141942	25180	146362	100043	124740	85330	143700	
45750	109620	48310	0	19930	63310	125920	19630	49130	53010	41440	58351	104240	49790	92720	70320	115620	128690	34330	139900	88430	116100	16320	69660	32300	56840	49270	68110	56020	60560	77550	132920	92700	73900	40820	81051	133710	58220	61480	133560	107830	27120	49490	119172	71910	61040	49240	74111	107460	89910	58030	40890	35680	57000	58300	98110	68541	80111	70610	59330	73901	80540	105440	119870	86350	68201	59810	55341	29960	92310	35530	48500	88120	126900	50770	67001	120160	100980	53480	88640	49500	28390	67170	35290	102700	103130	51810	118330	40760	49540	63360	48720	89160	114820	99500	35630	100540	58300	124520	58080	103280	
28520	91220	64740	21050	0	70900	113130	27770	33310	68570	50260	67500	85840	66590	74320	72690	114090	111460	46960	122670	89060	98870	5270	52430	40140	46110	58090	84990	70350	59370	64670	114520	82920	77570	49640	91470	120920	74650	63850	120780	94950	42300	31090	100772	53510	77840	30840	83630	89060	71510	55760	53480	52480	46270	39900	82480	82430	89630	52210	68150	83050	62140	87040	106990	67950	77180	63110	65900	39950	79520	27950	65300	96940	114110	67280	76520	108760	82580	62300	70240	52800	44880	67600	53510	84300	103760	64690	103820	27520	52040	55200	63850	87650	96420	81100	52430	82140	39900	111640	60580	84880	
98051	131110	78660	62790	70611	0	183581	80270	102841	87880	97510	108020	147890	64100	109450	36470	174770	185110	81810	196320	143980	168401	72850	121961	90930	67070	105340	89680	92250	117840	134201	180630	152451	129450	94310	126510	191441	86390	27630	191301	165231	72950	85500	133360	94250	70950	87660	122090	155170	104940	118070	80650	59250	66350	98950	101460	104540	128090	104440	115400	122240	112790	153150	177431	112430	117870	12550	101170	83110	149051	52200	69790	139741	184631	49430	115780	179041	148690	106790	111860	21910	41840	123240	64300	133940	158680	91030	173961	97051	23520	56580	28720	145230	140430	144700	54810	117060	98950	182081	19220	150990	
88800	127810	144575	125420	113220	183390	0	114000	79520	142602	106285	114872	87570	158190	124460	179940	85400	23840	127395	27380	92460	38470	115060	65160	107204	134920	100052	160765	139952	89552	55642	93390	57611	95591	115105	128001	8220	150222	170370	17930	49030	127730	104780	128500	120280	166985	106470	120781	73870	129040	78812	132755	146940	136350	94770	139690	143102	122870	109810	98152	119131	108030	70580	32880	113300	115082	175600	128322	117014	33390	138390	153125	110590	4020	162860	118382	55410	66480	110582	116120	165290	148500	90872	142030	112360	89681	133122	15300	89740	164530	148500	169220	84451	121110	83450	146890	125770	94770	52870	173070	63650	
42970	116340	41730	19600	26650	80600	114530	0	40790	44170	25630	42870	109172	51760	99440	87910	99350	120740	22560	131620	72620	112070	23040	63160	15510	71320	33460	61920	45950	43770	64920	137852	78210	58090	25010	66840	122320	51580	79070	122170	93860	21300	56210	122734	78630	61570	55960	59000	112392	96630	42650	29080	38920	71480	62533	108930	57800	65000	77330	43520	58420	87260	110372	108480	93070	52550	77400	41270	15320	80920	50010	47710	72310	115510	54840	51890	104780	105912	37670	95360	67090	40480	51360	35600	107124	87320	40290	106940	30750	67130	77840	61200	72910	119364	104432	38870	107260	62533	110260	75670	106020	
14500	99951	75110	48820	34000	103600	80300	40340	0	75540	44360	62270	79150	85400	90600	105390	87030	85230	55310	96110	68040	74320	35840	24310	35120	73530	44700	93400	74490	40120	31840	105780	50090	57390	48730	85820	88090	83060	96550	87950	62120	54940	51010	104431	72150	94950	48730	77350	80320	90150	27970	61910	74150	76330	46640	103620	81520	81850	67610	51410	75210	73620	76220	74160	79951	67850	95810	64990	44930	46690	60650	81090	80440	81280	90070	70950	75930	69350	55250	82710	85500	74930	48350	69240	88540	78020	67390	71430	10700	84740	87180	95260	60590	101061	74410	74100	94141	46640	78810	93280	68680	
82050	158102	9770	53010	66880	88600	142612	43690	75970	0	36970	33550	149342	27110	141202	107280	97551	153651	22530	164531	69631	144981	63270	97580	41980	101210	42950	20180	7370	55460	87150	179843	91910	56920	29050	42700	150402	9840	98440	150990	107650	28250	97900	162904	120392	31760	96532	40010	152562	138392	64110	16660	32640	101370	102703	142480	20770	45130	119092	48350	41020	129022	150542	127090	134832	39180	91020	22480	33280	109740	79930	20450	58700	144330	40780	36460	113950	144241	34260	137122	85240	47920	57220	25630	147294	83121	9890	139851	69180	86540	104810	60340	75440	159534	144602	34540	149022	102703	120620	94690	143571	
54000	140222	38290	41630	48940	98270	106722	25420	44920	37230	0	20300	124271	53500	123322	107740	75020	116681	21110	127561	47260	108011	45330	61381	13420	93790	8100	54480	34950	20600	51260	143701	58750	32730	8820	44550	114512	44850	98900	115110	74490	28530	78500	145024	102512	60700	78250	36080	118241	120512	28220	26470	48350	93950	82240	133982	41480	41090	101212	18160	34450	111142	114141	93930	116952	27990	97080	24950	15450	73850	72480	46840	46950	108440	65070	28980	81980	107271	13060	119242	86770	56970	26000	40550	129414	61960	27850	102881	39080	87000	100310	75520	47990	141654	119531	49970	131142	82240	87460	95500	106601	
73730	157322	38570	58401	66040	109160	115622	42520	62730	33470	20180	0	138501	54990	140422	124090	68010	128120	30070	139000	38860	122241	62430	75611	33120	111080	18340	46950	30300	28400	60160	157931	60480	24330	19230	26480	123412	40410	115250	120570	76220	37460	95600	162124	119612	62190	95350	18010	132471	137612	39500	28170	53290	111240	101923	151082	28860	23020	118312	16920	16380	128242	128371	95660	134052	10680	111580	15430	31240	82050	89251	48330	32690	116640	67550	10910	81360	121501	7770	136342	103120	68480	25790	45660	146514	53560	24290	114840	58810	103350	117600	80900	42850	158754	133761	54910	148242	101923	88650	111850	120831	
72230	45340	146922	104390	85830	149180	88040	108542	79080	149322	124291	138581	0	151700	54820	136720	146330	67480	127712	76460	141340	51610	88610	64280	111900	86920	120811	167122	151102	113420	93990	39450	106960	130690	128410	160250	95900	156772	127390	105610	111620	124132	62510	45790	59380	163390	64350	151780	15560	60140	101270	134232	137590	88230	52100	69730	163322	156280	48590	124710	149640	41510	21920	111360	43830	142280	138880	147973	120722	83240	97080	150410	153740	91700	152390	145530	125430	25060	131341	46480	130120	129410	121650	136850	32960	143070	145442	73480	83920	129110	97330	148380	133600	38400	7010	136960	50010	52100	125940	132050	26440	
89910	159150	17640	49760	67170	64580	159640	51490	86370	27210	53530	55270	153770	0	135980	89620	119681	165710	34010	176590	91761	157040	63760	108260	54140	93860	61360	27370	31800	73860	104790	182450	112010	77600	46440	67190	167450	25170	80780	167300	127750	31470	95890	164970	113990	14310	95750	64440	156990	132890	81750	29550	17470	94020	105990	135140	43320	69560	120140	69030	65450	130070	154970	147190	135140	61421	70060	44630	44090	125770	72550	7480	83130	160640	14910	59970	134630	150510	54940	135270	66370	31290	77900	16690	152230	105251	32440	151790	77690	67980	96390	34950	96120	164350	149030	17700	146580	105990	140720	74790	152810	
79590	26560	137111	92920	74360	109070	124770	99640	90740	142500	124100	141430	54770	135860	0	92550	171940	113460	120800	122580	157660	97590	77140	85530	112010	45960	130310	154460	144280	127850	113880	90540	132630	147010	123480	166853	132630	148251	83220	139590	142920	116140	43310	30420	21850	147110	45370	159913	67370	5490	115700	127350	121750	45570	46280	15400	156492	165913	23100	141030	159703	17840	70590	142660	12340	154003	96850	141143	113790	114540	64960	134570	170060	127250	130460	152803	156730	69240	136170	9580	91910	106680	136130	124510	28430	167640	138612	111870	89810	90840	53160	115880	150210	35080	53660	120420	11920	46280	157240	89890	72470	
99270	114620	97880	69650	72721	36490	181140	87260	104951	107100	107350	123801	137170	90410	92960	0	182110	175140	95631	186350	154340	162550	75700	123180	99840	54170	115180	111190	110972	127390	136311	170660	154561	139810	106730	143042	189000	108300	9890	193411	167341	86451	75530	116870	80040	98130	77690	138622	145200	88450	124520	97232	78470	51260	88980	84970	122443	144622	91560	125240	138751	96360	143180	179541	95940	133651	24270	117702	94300	151161	46070	91300	155170	183620	76610	131561	181151	138720	119390	95370	24560	60510	133080	83360	117450	170180	107562	168760	99161	22610	40090	56910	155070	123940	134730	75660	100570	88980	184191	17310	141020	
98150	192572	102681	115980	114130	175210	85700	99680	87610	97541	74940	67860	146480	120021	175030	183860	0	109020	93970	112960	29930	116440	112750	88030	85950	157120	68010	103890	91710	57190	58660	163290	42090	47520	81090	61190	88530	99960	174260	77400	40720	102390	134600	197052	156080	124470	132320	58840	137290	174580	59570	93670	118790	159920	130540	188050	82410	55420	151150	58050	58350	157550	132930	54070	163881	61340	173350	80830	89930	68950	140780	113361	41400	82590	133691	63550	35550	126190	67350	166750	162280	131450	49440	111160	164950	14610	88461	97150	89080	162320	169570	146400	28520	193682	139960	120410	178360	130540	35620	170860	125150	
84930	107440	154930	128550	111480	185100	23730	120900	85960	153981	116751	128450	66960	165440	113710	174100	109590	0	134570	12650	111490	18100	113720	64350	114250	129080	113271	171231	151701	103080	69620	72061	74000	110000	125571	144390	31300	161601	164530	41380	71860	134630	98940	107890	112380	174920	100630	137170	53260	118290	92630	141570	153840	130510	88930	128940	156621	139650	99450	111680	135520	97280	49970	56160	102550	132500	175270	141431	124060	46810	132550	160910	128420	27470	170110	135800	78690	46810	123801	105370	166510	154660	104400	148930	95790	110310	144601	14390	95700	165500	142660	174030	100840	100500	63780	153790	111580	88930	76150	168440	43080	
60670	136722	21180	34300	45500	81970	128392	22310	55720	23420	21670	30920	127962	33820	119822	95790	94720	134660	0	145540	65570	125990	41890	77330	22060	86940	29510	41280	25200	42000	72930	156642	80150	51040	15080	52250	136182	30940	86950	136100	95890	9160	75060	141524	99012	41020	74810	45790	131182	117012	49890	8330	28620	87100	81323	130482	37420	51790	97712	39210	45870	107642	129162	115330	113452	40770	84110	25870	12050	94840	65630	27160	62780	129430	45340	38680	103380	124460	28550	115742	74820	41010	47400	20820	125914	80270	19540	120860	48450	75050	93080	56230	69390	138154	123222	30240	127642	81323	108860	83550	124580	
96140	116760	165620	139760	122690	196310	26840	131590	96650	164671	127441	139392	76280	176130	123030	185310	113050	12460	145260	0	119571	27420	124930	75560	124940	140290	123961	181921	162391	113000	79540	74040	82081	120061	136261	152471	33010	172291	175740	44490	75420	145320	110150	117210	121700	185610	111840	145251	61630	127610	102550	152260	164530	141720	100140	138260	167311	147731	108770	122622	143601	106600	59290	59270	111870	140581	186480	152121	134750	56730	143760	171600	136501	30580	180800	143881	81800	56130	134491	114690	177720	166440	115342	159620	105110	117331	155291	24750	106870	176710	153870	186920	108921	109820	73100	164480	120900	100140	79260	179650	52400	
81140	170240	74611	88490	88990	144870	92590	72280	68690	69471	47320	38540	141680	91951	158040	154600	29790	110910	64650	120101	0	113960	87610	78790	59540	136440	40390	77470	65290	30840	51300	160810	38680	18200	51770	34660	95600	73540	145760	87460	43110	73070	115680	181681	138810	98050	113400	32420	134810	157530	40650	64350	89470	136600	111620	173400	55990	28890	135050	30250	31930	142260	130450	62550	148591	33270	143940	52760	62310	66580	115640	85291	16610	89480	104770	35970	47230	123620	38030	151350	133630	103570	21820	81840	154790	15340	60391	97370	68890	133860	145530	117080	11630	168110	136940	91090	164321	111620	53441	142360	122580	
72440	91650	146150	116060	98990	168590	38610	112120	74290	145201	107971	122261	51170	156660	97920	161610	116250	18060	125790	27180	114170	0	101230	51860	105470	116590	104491	162451	142921	96960	65950	56990	76520	106020	116791	141080	46470	152821	152040	56180	76830	125850	86450	92100	96590	166140	88140	133860	37470	102500	84810	132790	145060	118020	76130	113150	147841	136340	83660	107700	132210	81490	34180	68510	86760	125960	160800	132651	115280	49430	120060	152130	130780	42270	161330	129210	88650	31020	115021	89580	150490	142170	100420	140150	80000	112990	135821	24070	83210	149730	130170	161540	103520	84710	47990	145010	95790	76130	87880	155950	27290	
30910	93930	60040	16350	4240	73390	115360	23070	35540	63870	45560	62800	88550	63860	77030	76610	112440	113850	42260	125060	87410	101260	0	54820	35440	50150	53390	80290	65650	57720	66900	117230	85150	75920	44940	86770	123150	69950	67770	123000	97180	37600	33800	103482	56220	75110	33550	78930	91770	74220	54620	48780	49750	50310	42610	86520	77730	84930	54920	63450	78350	64850	89750	109220	70660	72480	66100	61200	35250	81750	31990	62180	92240	116340	64840	71820	110990	85290	57600	72950	55790	42460	65950	48810	87010	102110	59990	106050	29750	55830	59240	62790	86000	99130	83810	49700	84850	42610	113870	64370	87590	
25290	92740	97540	69470	52400	122000	65490	63430	24500	97810	61231	75521	64180	108050	85590	123130	87990	64670	77580	75880	78280	52080	54640	0	57390	82400	57751	115670	96181	50360	30750	83880	48680	67630	70051	97190	73350	105330	114290	77100	58620	77590	52260	96060	68610	117380	53950	88720	58420	86610	38210	84180	96800	83830	43100	100080	101101	93220	63190	61650	86580	67950	54320	65990	74430	79220	114210	85911	67200	37240	77440	103520	90680	67120	112720	82470	72430	47450	68281	77040	103900	95580	58590	91890	77290	84730	89081	53400	33040	103140	95980	114950	70350	90610	59440	96750	88330	43100	75310	111680	46780	
43410	128820	42070	32420	39130	91170	107750	15640	35280	42210	12470	32120	111610	53930	111920	100190	85490	114020	22110	124900	59250	105350	35520	56890	0	84060	20300	60070	41160	28600	53440	139210	65960	44930	15400	56370	115540	49730	91350	115400	81610	24220	68690	134993	91110	61910	68440	47900	113750	109110	30400	28710	45570	84220	71650	121410	48190	52910	89810	30360	46270	99740	109650	97960	105550	39810	89530	31660	11600	74140	62750	48050	59150	108730	61820	40800	92070	102780	24880	107840	79220	50140	37790	37770	119383	73950	34060	100220	28490	79450	90580	70860	59050	131623	106870	45850	119740	71650	97550	87950	102110	
61090	72040	93761	55290	44650	65890	135900	69500	73680	99691	91750	109341	87020	92370	46290	53280	156860	129900	85390	141110	135730	117310	48420	82790	82170	0	99580	111110	103461	102940	100150	123540	118400	121140	91130	134971	143760	104901	43710	150730	130430	77790	30450	75130	27820	103760	32530	128031	98330	41120	97800	88690	78260	3220	43420	43250	114932	134031	39020	109640	127821	46360	96910	142470	48430	120281	54450	107421	80460	115080	21750	91080	143660	138380	84990	119081	144240	92450	103790	47860	47160	63330	111170	81020	68520	147850	100051	123520	68910	46150	15020	68900	130420	79900	83890	77080	57400	43420	147120	47620	94750	
56200	145531	46030	49370	56680	106010	99992	33160	44720	43320	8200	18540	120491	61240	130100	115480	67890	112901	28850	123781	40330	104231	53070	57601	20570	101530	0	60200	40680	12840	44530	139921	51620	26230	16560	42050	107782	50940	106640	108380	67360	36270	86240	150011	110252	68440	85990	33580	114461	128252	21490	34210	56090	101690	84440	141722	44120	38080	107110	11690	31440	114320	110361	86800	120651	24080	104820	29040	23190	67120	80220	54580	40480	101710	72810	27220	74850	103491	11300	123410	94510	64710	18870	48290	133601	55030	33840	99101	41280	94740	108050	83260	40860	146641	115751	57710	136391	84440	80330	103240	102821	
99890	176364	22820	67990	84210	90680	160945	61530	93990	20330	54100	47020	167282	27340	155030	111160	103290	170781	40550	181661	76280	162111	80600	115481	60000	112920	59610	0	19600	72120	103810	197783	106670	70520	46180	46560	168735	10850	102320	164750	119390	44970	115300	180844	133090	24570	114472	45520	170502	151940	80770	34680	36520	113080	120643	154190	22300	50290	137032	63110	47920	146962	168241	138830	152772	49900	94900	37670	51300	126400	91600	20680	64330	160990	41010	47580	123510	161371	50920	154320	89120	51800	71980	34350	165234	88860	26380	156981	87200	90420	116520	61050	84730	177474	162542	38420	165630	120643	129513	98570	160701	
82970	159622	14510	55980	68400	92980	139982	45210	74840	7440	34810	30430	150862	31850	142722	110960	91850	151491	24050	162371	64840	142821	64790	96191	40850	104610	40320	19870	0	52830	84520	179811	89280	53930	26890	36480	147772	11110	102120	148370	105020	31050	99492	164424	121912	35580	98052	34120	153051	139912	61480	18570	37020	104770	104223	145920	14880	39240	120612	45720	35280	130542	148951	124460	136352	34670	95400	19360	34370	107110	83250	25190	52960	141700	45520	32350	110960	142081	31630	138642	89620	52300	54590	30010	148814	77420	7090	137691	68050	90220	108250	64720	72090	161054	146122	38920	150542	104223	117990	98720	141411	
52880	140961	58590	60970	59190	118570	89902	44190	40430	55670	20760	28290	113420	73800	127880	128040	57020	102600	41410	113280	30780	97030	57810	50530	28890	104000	13120	72550	53020	0	34440	132850	40370	19290	29120	47430	97692	63290	119200	97830	56110	48830	86310	145300	108680	81000	84030	38960	107390	127400	12140	46770	68650	104160	82250	140900	56470	43460	104390	11890	36820	110400	103290	75550	116731	29460	117380	41390	35750	56580	85840	67140	41410	91170	85370	32710	63600	96420	23610	119990	107070	77270	9320	60850	126530	45480	46190	89370	39090	107300	113090	95820	30580	139850	108680	70270	131821	82250	69080	115800	95750	
40280	122280	89490	77330	65130	134730	55942	64960	31430	87320	51200	60000	93720	104700	113750	136520	58750	69190	72310	79870	51350	65740	66970	30690	53540	99790	44770	104200	84670	34330	0	110310	19440	41600	60020	74480	63732	94940	127680	64430	31470	75970	76810	125600	95300	111900	74530	67260	84690	113300	23530	77670	97320	102590	69790	126770	88120	69740	90760	43280	65610	96770	80330	45710	103101	60210	126940	73040	63350	23170	91780	98040	64710	57760	113380	63510	45280	73590	55300	105860	116630	99460	36000	89520	106830	55490	77840	55960	41650	115870	113440	120180	42000	120150	87360	97410	117691	69790	48160	124410	72550	
99580	65770	175742	133210	114650	181490	93230	137362	105810	180033	143651	157941	39600	180520	90540	170490	163240	72660	156532	73640	160700	56800	117430	83820	139810	123960	140171	201411	180261	132780	110650	0	123490	150050	152471	183360	101090	191521	160920	110800	128150	152952	95330	65470	97100	197473	97020	176140	26320	95720	120630	163052	166410	125270	83280	99820	183661	178620	85150	144070	173340	79230	32340	124680	81550	161640	171660	168331	149542	99770	129520	182503	173590	96890	181210	166551	141960	41040	150701	84200	162900	158230	141010	165670	65550	159980	173431	80060	111270	161890	135050	177200	150510	58080	41850	165780	79710	83280	142470	164830	37960	
58730	140200	96030	92920	83580	153180	58361	78350	49880	91820	58490	60070	107000	111530	132700	154970	42000	73360	79140	82551	38930	76610	85420	48610	66210	118240	51560	106390	89170	40310	19240	123440	0	39760	66850	72170	66151	99440	146130	62490	18980	86560	95260	143520	113750	118730	92980	64950	97810	132250	36090	84210	106380	121040	88240	145720	88300	66860	109210	43350	63300	115220	93450	37580	121551	60280	145390	74850	73480	29570	110230	104870	55540	60050	123100	63580	30800	86710	58030	124810	135080	112850	36070	98580	124750	37750	82340	60130	60100	134320	131890	133550	28280	138070	100480	108000	136641	88240	35620	142860	85670	
69850	158950	61670	74120	77000	130370	96231	57910	57400	57040	32950	24220	130390	77710	146750	140230	47350	109100	50150	119980	18200	105660	75620	67500	45920	121810	26240	70540	53870	18850	41190	149820	39650	0	37270	35160	104021	64000	131390	98150	53800	58570	104120	162270	127520	84910	101840	27940	124360	146240	29360	49850	74980	121970	100060	161260	51490	30420	123760	15310	26290	130760	120260	73240	137091	23030	129570	39000	47940	63080	103650	71050	25390	97670	90270	26330	58920	113390	23530	140060	119260	89070	9830	67340	143500	32900	47660	95870	56900	119490	130900	102580	20410	156820	125650	76590	152181	100060	66040	127990	112470	
57710	139792	30330	41200	48510	94740	115992	24990	49580	29270	9270	18760	128980	46370	122892	107100	80530	125951	14520	136831	51380	117281	44900	70651	15590	93360	17100	46520	26990	29600	60530	152971	67220	36850	0	42730	123782	36890	98260	124370	82960	22940	78070	144594	102082	53570	77820	34890	127511	120082	37490	18510	42400	93520	84393	133552	33690	40890	100782	24920	34310	110712	123411	102400	116522	28440	96440	17160	13240	83120	72050	39710	49710	117710	58900	27780	90450	116541	14360	118812	86130	53440	33390	34600	128984	66080	19890	112151	42790	86360	99880	70010	55370	141224	124240	44020	130712	84393	95930	94860	115871	
97630	186575	50060	80991	90060	127950	127610	66540	86150	42660	44400	26290	160350	66940	166033	143930	61240	143150	51470	153821	34730	139660	86450	97460	57140	137620	42150	47010	36460	47520	75190	185420	72330	35730	43250	0	130620	43700	135090	122190	77840	58860	122803	191055	145223	68210	121363	8520	154320	163223	59070	49320	71990	137780	127534	176693	25530	6010	143923	36710	11630	153853	150220	97280	159663	18990	130370	30610	55230	97080	111841	60280	20050	124210	80610	17040	81960	143350	31990	161953	122960	87270	43520	64560	175445	47760	36150	129870	82710	123190	141220	99690	45620	187685	155610	73810	180765	127534	88171	131690	142680	
97000	136010	152775	133620	121420	192150	9320	122200	87720	150802	114485	123072	95770	166950	132660	188140	88690	31780	135595	32920	95870	46670	123260	73360	115404	143120	108252	168965	148152	97752	63842	101590	65811	103791	123305	131940	0	158422	178570	15950	52440	135930	112980	136700	128480	175185	114670	128981	82070	137240	87012	140955	155140	144550	102970	147890	151302	126170	118010	106352	127331	116230	78780	36170	121500	123282	184360	136522	125214	41590	146590	161325	113890	7630	171620	126582	58700	74680	118782	124320	174050	157260	99072	150230	120560	92971	141322	23500	97940	173290	156700	177980	89290	129310	91650	155090	133970	102970	56160	181830	71850	
89390	165542	12320	58380	73710	87590	150232	51030	83490	9830	44590	40260	156782	24310	148642	108060	99300	161271	30050	172151	72290	152601	70100	105100	49500	106580	50570	10590	11120	63080	94770	187283	99530	63760	36670	43120	158022	0	99220	158610	115270	34470	104910	170344	126790	24920	103972	41530	160002	145600	71730	24180	33420	106740	110143	147850	18890	46650	126532	55970	43440	136462	157982	134710	142272	43770	91800	29190	40800	117360	85300	17650	60530	151950	37980	41450	119520	151861	41880	144562	86020	48700	64840	28490	154734	84870	17510	147471	76700	87320	110180	57960	80250	166974	152042	35320	156462	110143	125523	95470	151191	
89370	105380	87980	59750	62821	26590	171570	77360	95051	97200	97450	113901	127930	80510	83720	9830	172210	165570	85731	176780	144440	152980	65800	113280	89940	44930	105280	101290	101072	117490	126411	161090	144661	129910	96830	133142	179430	98400	0	183511	157441	76551	65960	107630	70800	88230	68120	128722	135630	79210	114620	87332	68570	42020	79410	75730	112543	134722	82320	115340	128851	87120	133610	169641	86700	123751	14370	107802	84400	141261	36170	81400	144130	174050	66710	121661	171251	129150	109490	86130	14660	50610	123180	73460	108210	159140	97662	159190	89261	12710	30850	47010	145170	114700	125160	65760	91330	79410	174291	7410	131450	
93840	139700	150210	130460	118260	188990	18950	119040	84560	148040	111920	117290	104440	163790	136350	190780	75500	41670	132710	45210	84910	56300	120100	74040	112390	146810	105490	163090	145390	94700	61240	111220	59640	95480	120740	119570	16010	155660	181940	0	41480	132770	116670	143020	132170	172620	118360	116910	91700	140930	84250	138390	151980	148240	106660	151580	141170	113800	121700	100570	115260	119920	88050	22680	125190	116290	181200	132070	122200	38430	144910	158760	101520	14320	168460	118990	46330	83270	115250	128010	170890	154100	93290	147070	124250	80601	138560	33130	94780	170130	160390	174820	78330	137570	97920	151930	137660	106660	42970	178670	80440	
70700	146360	111770	107750	95550	165720	49480	93770	61850	107560	74230	75810	111700	127270	142980	167510	40720	71540	94880	75740	43430	76920	97390	58710	81630	130210	67300	120330	104910	56050	31210	128130	18760	54000	82590	78090	52490	115180	158670	44350	0	102300	107230	149680	125720	134470	104950	75430	102510	144220	51510	99950	122120	133010	100210	157690	98980	72320	121180	59090	73780	126000	98150	19440	131820	74810	157930	90590	89220	30300	122200	120610	60040	46370	138840	77510	14390	91410	73770	134640	147620	128270	51810	114320	130910	42170	98080	59120	72070	146860	143860	148990	36850	144230	105180	123740	144320	100210	17270	155400	90370	
59490	130950	24480	27140	41260	73640	128960	21070	55950	28880	28320	37550	124552	30960	114050	87220	102390	135170	9380	146050	73240	126500	37650	77840	23970	79530	36150	44730	31670	48650	76120	153232	86800	58710	22750	58880	136750	34390	78380	136600	102540	0	70820	138114	93240	42020	70570	52420	127772	111240	53080	14960	22600	79690	77913	122180	44050	58420	91940	46210	52500	101870	125752	120640	107680	47400	75780	32500	13920	95350	58220	28160	69410	129940	39060	45310	110030	121292	36220	109970	66250	32580	54050	14800	122504	87940	26170	121370	47270	66480	84510	48730	76040	134744	119812	23090	121870	77913	115510	74980	122540	
38040	60300	93480	49790	31230	86750	105730	56510	51160	97310	79000	96240	62470	95900	43400	75280	134340	99730	75700	110940	115350	87140	34010	52620	68880	30440	86830	114940	99090	86350	77130	95250	95380	104550	78380	121671	113590	104760	65710	120560	107410	71040	0	65980	22590	107590	2280	114731	69790	40590	75280	82220	81790	31860	13530	54060	111310	120731	21290	96890	114521	31220	67770	114240	37030	108821	76450	95961	68690	85490	34650	94610	126750	108210	95600	107621	121220	63310	91040	39320	67690	71820	94580	82250	53380	125330	93430	93350	48260	66680	44020	85060	107900	65500	59280	81740	51220	13530	124100	69620	65610	
95092	6780	161355	115900	97340	132940	129152	122620	104952	163755	145465	162705	46262	164650	30340	116370	197163	108592	142145	117612	181522	92722	100120	96650	134990	74900	149862	181545	165535	143732	126360	65440	144120	163060	144845	191276	137012	171205	107040	146770	150130	138565	66290	0	50640	181195	68350	181176	56722	34430	130752	148665	150540	73930	64462	35610	177755	187656	45200	157080	180966	35210	63072	149840	33610	175266	120670	162406	135155	121720	93750	163360	194412	132812	159250	174066	163940	68122	157505	32290	115730	135470	154020	150330	20150	193903	159875	114592	105312	114660	76980	145420	166190	10010	50980	149210	18940	64462	164450	113710	67552	
60450	46330	115541	72240	53680	93710	120680	78960	72330	119850	101450	118780	59620	114010	21890	79770	153030	112520	98150	121640	138520	96650	56460	68770	91330	27820	109280	132890	121630	108760	95470	97320	113720	127870	100830	144211	128540	126681	70440	135500	125750	93490	22630	50840	0	125540	24690	137271	72110	18800	96790	104700	99900	29130	27870	32270	133850	143271	13140	119370	137061	18810	74770	129190	21050	131361	82270	118501	91140	100440	43390	112720	150920	123160	108890	130161	139560	71450	113520	21180	74980	85110	116990	102660	40970	148500	115970	108300	70670	73970	40380	95980	131070	52630	57670	98850	32450	27870	142440	75440	73750	
99400	170750	24900	61000	78410	72440	167865	61040	95430	31900	61020	62310	165370	14290	147220	98980	124090	174840	41500	185720	97080	166170	75030	117040	61770	105110	68850	24540	35500	81350	112280	197293	119380	84910	53810	67910	175655	24810	90140	176120	135120	42530	107490	180354	125280	0	107350	66320	168590	144130	89240	37040	28740	105270	117590	146380	43680	71440	131740	76340	68230	141670	166570	154560	146380	68031	78170	51240	51760	134550	83790	14290	85320	169460	21610	65830	141940	162110	62250	146510	76170	41760	85210	27960	163830	109660	39050	160570	87180	77780	107600	42720	103430	175950	160630	28390	157820	117590	148090	82900	164410	
35760	62360	93210	49520	30960	88820	107420	56240	48880	97040	78730	95970	64310	95740	45460	77440	132060	101420	75430	112630	113070	88830	33740	54310	68610	32500	86480	114780	98820	84070	74850	96940	93100	102270	78110	121401	115280	104490	67870	122240	105130	70770	2280	68040	24650	107430	0	114461	71480	42650	73000	81950	81630	33930	15370	56120	111040	120461	23350	95360	114251	33280	69460	115930	39090	108551	78610	95691	68420	87180	36420	94450	124470	109900	95770	107351	118940	65000	90770	41380	69850	71990	92300	81980	55440	123050	93160	95040	45980	68840	46080	85230	105620	67560	61120	81580	53280	15370	121820	71780	67300	
89260	176935	47090	74171	82280	123210	122491	58760	77780	40020	35880	17770	151980	64430	159213	139200	58920	136320	45180	146991	31910	132830	78670	89090	48850	131710	33780	45840	34130	39150	68360	177680	65910	28900	35470	8470	127800	41910	130360	119370	75020	52570	115983	181415	138403	66420	114543	0	145950	156403	50700	43280	67340	131870	120710	169873	24360	7500	137103	28340	3260	147033	141850	94460	152843	10620	125630	24470	47480	90250	105021	57770	20530	121390	78100	8520	79140	134980	23470	155133	118230	82530	35310	59710	165090	44490	32870	123040	74340	118460	136490	94950	40700	178045	147240	68960	167033	120710	85143	126960	134310	
74120	56410	150282	107750	89190	156030	73720	111902	80350	152682	118191	132481	15980	155060	67670	145030	137410	53160	131072	61370	135240	37290	91970	58360	113790	99090	114711	170472	153141	107320	85200	26200	98040	124590	127011	154150	81580	160132	135460	91290	102700	127492	69870	56910	72230	166750	71560	145680	0	72990	95170	137592	140950	100400	57820	82580	158061	150180	60280	118610	143540	54360	7240	100770	56680	136180	146200	142871	124082	74320	104060	153770	147640	77380	155750	139430	116510	15710	125241	59330	137440	132770	115550	140210	45200	134150	146041	59900	85810	136430	110180	151740	124680	49520	16390	140320	62860	57820	117020	139370	12860	
78200	31470	133851	89990	71430	104700	128850	96710	90080	139570	121170	138500	59840	132600	5720	88180	171280	117540	117870	126660	157000	101670	74210	86520	109080	40980	129000	151200	141350	127190	113220	95940	131970	146350	120550	163923	136710	144991	78850	143670	144000	113210	40380	34560	18590	143850	42440	156991	72440	0	115040	124420	118490	40590	45620	14320	153562	162983	23960	139090	156773	21120	75660	146740	16760	151073	92480	138221	110860	118190	61700	131310	169400	131330	127200	149873	157810	74310	133240	13760	87540	103420	135470	121250	33830	166980	135682	115950	88420	86470	48790	110900	149550	40480	58730	117160	16830	45620	160690	85520	77540	
40740	128821	66480	58200	55630	118310	78962	42780	28290	64310	28190	39530	101280	81690	115740	125320	59440	92110	49300	102790	40450	84890	54700	38390	30640	97720	21760	81190	61660	12150	23500	120710	36020	29800	37010	58980	86752	71930	116480	87340	51670	53070	75280	133160	96790	88890	73000	50510	95250	115290	0	54660	74420	100520	71220	128760	65110	55010	92250	23440	48370	98260	91150	68020	104591	41010	114810	50030	40450	46090	82280	75030	52470	80680	90900	44260	62590	84280	32290	107850	104500	77280	20380	66620	114390	50430	54830	78880	29760	104540	109530	98000	33000	127710	96540	74930	119681	71220	68070	113080	83610	
66970	143022	14780	40620	51800	81550	133152	28610	62230	16720	26430	28250	134262	29520	126122	97580	93360	141290	7450	152170	64210	132620	48190	83840	28540	90050	34260	34580	18870	46760	77690	162942	84150	49680	18580	48690	140942	24240	88740	141530	99890	14840	81360	147824	105312	36720	81110	43120	137482	123312	54650	0	25680	90210	87623	132540	31090	49120	104012	41110	43200	113942	135462	119330	119752	38100	83970	22490	18560	100280	68740	22860	60110	134870	42010	36010	106710	130760	27020	122042	76610	40870	49980	18050	132214	78910	13210	127370	54750	76840	94870	53290	68200	144454	129522	27300	133942	87623	112860	85340	131210	
76790	144040	23990	34650	52060	57210	146680	38020	73660	33210	49070	53730	138660	17650	120870	75890	118840	152890	29580	163770	89690	144220	48770	95560	44960	78740	56900	37300	37580	69400	96640	167340	107550	75160	42470	72220	154470	34410	67050	154330	123290	22290	80780	149860	98870	28370	80640	67800	141880	117780	74070	26360	0	78900	90750	120030	52070	73800	104960	66590	67950	114960	139860	140630	120030	63580	59630	46880	34910	113070	57430	17410	85451	147660	18930	61490	130780	135400	52500	120160	53850	16530	74800	9950	137120	104390	36630	139090	64570	55150	82360	28950	93680	149240	133920	3150	131470	90750	136260	63300	137700	
63440	71310	95441	56970	46330	66480	137300	71180	76030	101371	93430	111021	88300	94050	45560	51250	159210	131300	87070	142510	137410	118710	50100	84190	83850	3100	101260	112790	105141	104620	102500	124820	120750	122820	92810	136651	145160	106581	41920	152130	132780	79470	31850	73830	29100	105440	33930	129711	99610	40390	100150	90370	79940	0	44820	41930	116612	135711	40300	111320	129501	47640	98310	144820	47700	121961	55040	109101	82140	117060	23430	92760	145340	139780	86670	120761	146590	93850	105470	47130	47950	65010	112850	82700	69210	150200	101731	124920	71260	46880	12150	70580	132770	79170	85170	78750	56670	44820	149470	48190	96150	
33980	59251	100973	58530	39970	100200	95020	62593	46670	103373	82240	102070	51610	105260	46370	88730	127370	89020	81763	100230	111290	75990	42750	43110	71920	43400	84700	121163	105153	82290	69810	82810	88060	100490	84463	127734	102880	110823	79160	109840	100090	78183	13530	63731	27860	116950	15370	120730	57350	45860	71130	88283	91150	44830	0	59330	117373	125650	23380	93580	118590	31710	55330	103530	38270	111230	89900	102024	74773	74780	48100	103970	123690	97500	105950	113684	113900	50870	94830	40800	81140	83550	90520	90990	48121	121270	99493	82640	44200	80130	56980	98510	103750	60361	48420	91100	52460	0	116780	83070	53170	
92290	34830	136381	97910	83000	101240	140530	109270	104170	142311	135260	152590	70030	135130	15940	84720	186470	129220	130740	138340	173620	113350	86770	100610	121640	43260	143090	153730	146081	142380	127310	99990	147160	162660	134640	178013	148390	147521	75390	155350	158710	121560	54470	35760	32680	146380	56530	171081	82630	14600	130230	132341	121020	42280	59710	0	157552	177073	38050	153180	170863	33600	85850	158420	28100	165163	89020	152303	124950	130300	64370	133840	186020	143010	129730	163971	172520	85000	147330	25340	84080	105950	151081	123780	42100	183210	142671	127630	102510	83010	45330	113770	166170	44530	68920	119690	21790	59710	173030	82060	88230	
90300	173365	28820	68801	80590	105750	143772	57070	82170	20640	41660	28980	163522	42470	155382	122661	82160	156270	36710	167150	55150	147741	76980	101111	48180	116351	43840	22120	14830	56350	88040	183511	88630	51800	34290	25430	151562	19230	113821	143620	98260	44100	112152	177845	134572	43740	110712	24390	157971	152572	65000	31230	51480	116511	116883	157621	0	29160	133272	45070	26790	143202	153871	117700	149012	30220	109860	20860	43980	110200	95071	35810	43200	144790	56140	27900	102380	147001	33570	151302	101691	66760	53940	44470	161474	67730	18060	142611	75380	101921	119951	76120	63600	174475	158782	53380	163202	116883	108383	110421	146331	
93670	182715	52190	79951	88060	128990	121850	64540	82190	45120	40980	22870	156390	69530	164993	144980	55480	137790	50960	148331	28970	134300	84450	93500	53950	138151	38190	50380	39100	43560	69830	179150	66570	30370	41250	5780	124860	46880	136140	116430	72080	58350	121763	187195	144183	71390	120323	7260	150360	162183	55110	49060	73120	138311	125140	175653	28900	0	142883	32750	7820	152813	146260	91520	158623	15030	131410	30250	53260	91720	110801	62870	14290	118450	83200	14300	76200	139390	28570	160913	124010	88310	38470	65490	169500	42000	38290	124510	78750	124240	142310	100730	39860	183825	151650	74740	172813	125140	82411	132740	138720	
56710	39230	116130	70920	52360	104920	110210	77640	67860	118530	100130	117460	48220	118230	23210	91590	148560	99600	96830	108720	134780	83730	55140	63210	90010	39030	107430	136320	120310	104470	91000	84740	109250	124130	99510	142891	118070	125980	82260	125040	121200	92170	21310	44910	13150	129920	23370	135951	59530	24250	92320	103380	104120	40340	23400	37720	132530	141951	0	118050	135741	10150	62190	123630	15960	130041	93480	117181	89820	94880	53570	116940	147180	112690	116730	128841	135010	58530	112200	18490	86190	92950	113250	103380	32310	144760	114650	97830	66930	85180	52490	106160	127330	44430	45090	102870	30150	23400	137890	86650	60830	
64160	153260	53070	59530	66840	116170	98782	43320	51710	48540	18360	16790	124700	69110	141060	125640	57970	111230	38460	122110	30280	107790	63230	61810	31330	111690	11720	63110	45890	11870	43320	144130	43640	15320	25280	36700	106572	56160	116800	103730	59380	46430	96400	156580	120412	76310	95310	28230	118670	138412	23420	41250	66250	111850	93530	151882	45020	32730	118070	0	26090	125070	114570	78820	131401	18730	114980	31570	33350	65210	90380	62450	32160	99800	81670	21980	66870	107700	14750	134370	104670	74870	8950	58450	137810	44980	39060	98000	50370	104900	118210	93420	30940	151130	119960	67870	146491	93530	72350	113400	107030	
86530	175745	47440	73481	81120	122810	119781	57600	75050	40720	33840	15730	149250	64780	158523	138730	57800	133610	44710	144281	30790	130120	77510	86360	46810	131240	31050	47710	34840	36420	65650	174220	63200	26190	34310	12130	125960	43330	129890	117530	73180	52100	115293	180225	137713	67840	113853	3660	143220	155713	47970	42810	66940	131400	117980	169183	26360	8660	136413	25610	0	146343	139120	92620	152153	7890	125230	24000	46320	87540	104331	58120	18890	119550	78450	7070	77300	132250	21430	154443	117760	82130	32580	59310	162360	43370	32470	120330	71610	117990	136020	94550	37990	176855	144510	68560	166343	117980	84023	126490	131580	
64150	29560	128192	81020	62460	112380	108530	87740	74010	130600	112200	129530	41450	130300	17810	96290	154710	97220	108900	106340	142220	81350	65240	68210	100110	46490	114870	148382	132372	110620	97150	79250	115400	131390	111580	154961	116390	138042	86960	123350	126050	104240	31410	35240	18950	141990	33470	148013	54040	21530	98470	115450	116190	47800	31910	33040	144592	154013	10320	125410	147803	0	56700	126420	6650	142103	100590	129243	101890	97920	62060	129010	154620	111010	127560	140911	139860	54140	124270	9180	93650	103050	120690	115450	22640	151450	126712	95630	74370	92640	56900	114650	134590	34760	39600	115560	20840	31910	141000	93630	57370	
72050	62430	148212	105680	87120	153960	70610	109832	76250	150612	114091	128381	22000	152990	70630	142960	132870	50050	129002	59170	130790	34180	89900	54260	110250	97070	110611	168402	149041	103220	80660	32570	93500	120490	122911	150050	78470	158062	133390	88180	98160	125422	67800	62930	74820	164680	69490	141580	7320	75950	91070	135522	138880	98500	55750	85540	153961	146080	62460	114510	139440	56950	0	96920	59640	132080	144130	138771	120060	69780	101990	151700	143540	74270	153680	135330	111970	10240	121141	62290	135370	130700	111450	138140	50030	129610	141941	56050	83740	134360	110650	149670	120140	55540	18560	138250	65820	55750	112480	137300	8630	
83261	146030	131200	120311	108111	178281	33310	108891	74411	126990	93660	95240	111400	146700	142680	180071	54270	56030	114310	59570	62860	68370	109951	66050	97930	142771	86730	139760	124340	75480	45460	123810	37590	73430	102020	97520	36140	134610	171231	25540	19430	120360	113650	149350	129150	153900	115340	94860	100580	147150	67920	119380	141550	145220	103640	157910	118410	91750	123730	78520	93210	126250	96760	0	131520	94240	170491	110020	107740	30440	134761	140040	79470	30200	157751	96940	24280	91110	93200	134340	160181	143391	71240	133750	130580	58551	117510	44760	84631	159421	156421	164111	56280	143900	104880	141781	143990	103640	21740	167961	89150	
70171	27920	133992	86820	68260	112060	113590	93540	80031	136400	118000	135330	43760	135040	12320	95540	160731	102280	114700	111400	148241	86410	71040	74350	105910	48250	120891	153640	138180	116641	103171	81570	121421	137411	117380	160753	121450	143842	86210	128420	131740	110040	37210	33600	21030	146290	39270	153813	56360	17410	104491	121250	120930	47860	38350	27550	150400	159813	16120	131431	153603	6660	59580	131480	0	147903	99840	135051	107690	103360	64140	133750	160641	116070	129640	146703	145550	58230	130070	3610	94900	105860	126711	121250	22360	157471	132512	100690	80391	93830	56150	116730	140611	33610	42650	119600	15350	38350	146060	92880	61460	
79590	170162	44091	68170	75480	118990	115722	51960	68110	38951	27880	10480	142310	61431	153262	133920	61580	128220	39900	139100	33660	124730	71870	79420	40850	125540	24110	50010	34990	29480	60260	161740	60580	23030	28670	19010	123512	44080	125080	119020	74670	47290	110032	174975	132452	67971	108592	10540	136280	150452	41030	38000	63120	125700	111040	163922	30420	15040	131152	18670	8400	141082	132180	94110	146892	0	121410	21430	40680	82150	99020	54771	24710	116740	75101	3780	79000	125310	15470	149182	112950	78310	25640	55490	155420	47150	29871	114940	64670	113180	131210	90730	39690	168740	137570	64740	161082	111040	86001	121680	124640	
90791	119020	81710	59810	63351	12690	176321	77420	95581	90930	97251	110910	138860	70750	97360	24380	172270	176080	84370	187290	144241	161141	65860	114701	89741	55760	105081	95020	95300	117550	126941	171600	145191	129711	96631	129400	184181	92130	15540	184041	157971	75510	76470	121270	83580	77600	78630	124980	146140	92850	114680	83540	62300	55040	89920	89370	109790	130980	94130	115141	125130	100760	144120	170171	100340	120760	0	104060	84201	141791	44940	75130	142631	177371	56080	118670	171781	139660	109291	99770	12950	44400	122981	67190	121850	160081	93920	166701	89791	12330	44490	36380	144971	128340	135670	59180	104970	89920	174821	7130	141960	
73650	157173	27690	55231	64450	102070	128372	40930	65520	22450	25010	15450	148413	45030	140273	118100	80840	141091	24910	151971	52920	132421	60840	85791	31530	110620	28710	38070	19280	41220	72910	168111	75100	38950	17640	30820	136162	29700	109260	135190	90840	32300	97043	161975	119463	51570	95603	24360	142651	137463	49870	22390	46200	110780	101774	150933	20710	30360	118163	31540	24440	128093	138551	110280	133903	21540	104490	0	28740	95500	86081	38370	42050	130090	58700	18810	95980	131681	18970	136193	97140	61390	40410	38570	146365	66410	13470	127291	58730	97360	115390	73810	57470	158605	143673	47820	148093	101774	103270	105860	131011	
52290	128090	31890	29930	38400	84160	117890	14880	45420	33340	15320	31730	120922	43700	111190	94620	90070	124160	11930	135040	62310	115490	34790	67030	11430	82130	23150	51200	34580	35650	63580	149350	73800	47780	13250	55100	125680	40860	85780	125540	89540	13990	67960	134484	90380	51730	67710	47860	123890	108380	40540	18530	35340	82290	74283	121850	44310	53860	89080	33210	47280	99010	119790	108100	104820	41410	83960	28800	0	84280	60820	37870	61910	118870	51910	40750	97030	112920	26560	107110	73650	42860	41050	27540	118874	77010	27480	110360	38630	73880	88650	61030	63040	131114	116182	35940	119010	74283	102510	82380	112250	
55670	117920	112040	92290	80090	149690	33870	80870	46390	109870	73750	81850	83290	125060	114570	151480	68880	46280	94540	56960	66830	49400	81930	37270	74220	115010	67320	126750	107220	56530	23070	99720	29590	63450	82570	96330	41660	117490	142640	41520	30300	94600	84870	121240	100370	134340	86560	89110	74100	118370	46080	100220	113810	116440	74860	129800	110080	91590	94950	65130	87460	97720	69740	30410	103410	82060	141900	95590	84030	0	106740	120480	83440	34850	129730	85360	44110	63000	77850	106230	131590	115370	57850	108900	102470	65650	100390	33050	56610	130830	128590	136090	56180	115790	76770	113760	115880	74860	44620	139370	61960	
54140	89910	73371	36030	28620	52950	139050	50240	60850	79301	72490	89401	97490	72120	65470	46300	141630	133050	66130	144260	116600	120460	32390	78050	62910	23720	80320	90720	83071	86910	92210	129760	110460	104950	71870	112101	146910	84511	37460	148320	122490	58530	35100	94420	43850	83070	36710	105161	104300	62380	83300	69331	58010	23880	48550	64990	94542	111161	54040	90380	104951	62390	102280	134530	64630	99251	44910	86391	61200	107060	0	70830	119170	141530	66720	98051	136300	97820	84530	64760	34850	42940	95140	60770	84550	131300	79661	126670	55060	34090	28490	53440	115190	96210	94300	56680	76030	48550	139180	39610	100120	
85420	158740	10610	49110	66160	71220	153762	47060	81450	20180	47040	48290	152052	7880	135570	91700	112651	160510	27520	171390	84731	151840	62550	103060	47790	93450	54870	19890	24770	67370	98300	182553	105090	70620	39520	60160	161552	17950	82860	162110	120830	28550	95480	164560	113580	15080	95340	57410	155272	132480	75260	23060	17060	93610	105413	134730	36100	62530	119730	62050	58420	129660	153252	140270	134730	54391	75440	37600	37780	120570	72140	0	76100	155440	21550	52940	127650	148792	47960	134860	69660	32340	70920	15470	150004	98221	25410	146590	73200	70960	97060	41590	89140	162244	147312	18960	146170	105413	133800	79110	149830	
93160	189961	65390	88030	95340	140760	109540	71820	80710	58670	47020	32550	153700	82730	170060	154260	41450	127910	61970	137101	16660	129250	91730	90810	59990	146800	40380	64630	52790	41320	64780	174100	55340	25320	49930	20030	112550	61130	145300	104120	59770	69360	126690	194441	150830	85640	124410	20080	147670	169550	52420	60070	84890	146960	123640	184352	43150	14260	147070	32000	19120	154280	143570	79210	160611	24500	143180	41950	61760	83240	118880	76070	0	106140	96400	24320	63890	136700	36280	163370	133170	100080	33420	77260	166810	28580	50420	114370	79370	133400	153070	112500	28290	191071	148960	86510	176341	123640	69673	141900	136030	
90250	130400	146620	126870	114670	185400	4900	115450	80970	144450	108330	116430	91350	160200	127050	182530	82830	27620	129120	31160	89890	42250	116510	67190	108800	137510	101900	161330	141800	91110	57650	97170	60041	98021	117150	124550	7630	152070	172960	14180	46460	129180	107370	132280	122870	169030	109060	121890	77650	131630	80660	134800	148390	138940	97360	142280	144660	118780	112400	99710	120240	110620	74360	30310	115890	116640	177610	130170	118610	34840	140980	155170	106500	0	164870	119940	52840	70260	112430	118710	167300	150510	92430	143480	114950	87111	134970	19080	91190	166540	151090	171230	83310	124890	87230	148340	128360	97360	50300	175080	67430	
93840	155350	31300	50970	67210	50960	163990	55070	90710	40870	65270	67990	153810	14900	130870	77500	133341	170060	45780	180940	104850	161390	65090	112610	62010	86430	73100	41030	45460	85600	113690	182490	123750	90320	58820	80850	171800	38830	68660	171650	139490	39340	95930	159860	109250	21630	95790	78100	157030	127780	91120	42270	21230	86590	106030	130030	56980	83220	117100	81750	79110	127790	155010	157680	130030	75081	56690	58290	51960	130120	67880	21140	96790	164990	0	73630	146980	150550	67660	130160	54690	24580	90620	25170	149990	118911	46100	156140	81620	56300	86610	21240	108840	161650	149070	17890	141470	106030	154020	61420	152850	
81610	168933	42380	66991	75100	116740	118312	51580	70580	36100	28060	9950	144780	59720	152033	132020	63590	130810	38000	141690	36170	127320	71490	81890	41030	124361	26220	47910	32890	31950	62850	166711	63170	25620	28290	17250	126102	41980	123180	121610	77260	45390	108803	173735	131223	65640	107363	8780	138750	149223	43500	36100	60870	124521	113490	162693	28320	14780	129923	21140	7790	139853	134650	96700	145663	3020	119160	18850	40300	84740	97841	53060	24680	119330	73390	0	81510	127780	15650	147953	111050	76060	28230	53240	157890	49160	27410	117530	66690	111280	129310	88480	42200	170365	140040	62490	159853	113490	88511	119780	127110	
84440	160100	118880	120060	109290	179460	55810	104640	75590	114250	81410	81430	125440	134450	156720	181250	35570	78530	102060	82070	47401	89060	111130	72450	91990	143950	74480	124252	111080	63230	44950	141870	30570	59210	89770	81892	58640	120150	172410	48560	13740	109480	120970	163420	139460	141650	118690	79202	116250	157960	62380	107060	129300	146750	113950	171430	102772	76122	134920	66270	77980	139740	111890	24180	145560	79010	171670	96210	96400	44040	135940	127790	63482	52700	146020	81710	0	105150	80740	148380	161360	137920	58990	121500	144650	40071	104870	67260	85810	160600	157600	157210	41050	157970	118920	130920	158060	113950	8100	169140	104110	
66790	66070	143490	101030	82470	149310	66400	105182	69380	144451	107221	121511	25100	148340	68980	138310	126000	46840	124320	55960	123920	30970	85250	47390	103380	92420	103741	161701	142171	96350	73790	41290	86630	113620	116041	143180	74260	152071	128740	83970	91290	120772	63150	67880	71350	160030	64840	134710	15890	74300	84200	130840	134230	93850	51100	84210	147091	139210	58420	107640	132570	54320	10230	91030	57990	125210	139480	131901	113190	62910	97340	147050	136670	70060	149030	128460	105100	0	114271	60640	130720	126050	104580	133490	50700	122740	135071	51120	77560	129710	106000	145020	113270	60490	18580	133600	66490	51100	105610	132650	4840	
66540	152032	39020	53440	60750	107830	110812	37230	55540	34490	12990	7850	131311	55060	135132	119550	67220	123721	27610	134601	38070	115051	57140	68421	25960	105600	11150	51370	31840	23630	55350	150741	58320	23540	14730	32100	118602	42110	110710	118410	74060	36030	90310	156834	114322	62260	90060	23630	125281	132322	32310	27200	52320	105760	94780	145792	33690	28640	113022	14760	22000	122952	121181	93500	128762	15540	108890	19050	26470	77940	84290	48400	36400	112530	67620	16530	80570	114311	0	131052	98580	66530	23630	44690	141224	52770	25010	109921	51620	98810	112120	79930	42060	153464	126571	53940	142952	94780	87030	107310	113641	
73130	27770	136092	88920	70360	111480	116570	95640	82990	138500	120100	137430	46570	134970	9570	94960	164190	105260	116800	114380	151200	89390	73140	77190	108010	47670	123850	153570	140280	120100	106130	84380	124880	140550	119480	162853	124430	145942	85630	131400	134720	112140	39310	32280	20960	146220	41370	155921	59170	14400	107950	123350	120860	47280	40890	24800	152500	161913	18660	134570	155703	9200	62390	134460	3730	150003	99260	137151	109790	106340	64070	133680	163600	119050	129570	148803	148530	61040	132170	0	94320	105790	129670	123350	23090	160930	134612	103670	83350	93250	55570	116660	143750	33950	45460	119530	13890	40890	149040	92300	64270	
80381	114130	75830	49400	52941	22380	165911	67010	85171	85050	86841	103191	130110	67050	92470	24460	161860	167330	75021	178540	133831	150731	55450	104291	79331	48550	94671	89140	89420	107140	116531	162850	134781	119301	86221	122432	173771	86250	15620	173631	147561	65841	67720	116380	76370	75510	69880	118012	137390	87960	104270	76622	56420	48150	81170	84480	101833	124012	86660	104731	118141	94910	135370	159761	95450	113041	12850	97092	73791	131381	34530	69250	133521	166961	53990	110951	161371	130910	98881	94880	0	38520	112571	61310	116960	148531	86952	156291	79381	1850	39600	34290	134561	123450	126920	53610	100080	81170	164411	10760	133210	
72370	130900	38570	28820	45060	41810	149740	40790	75750	47790	57010	67770	129820	31830	106420	60140	131760	155310	41230	166690	103730	142720	42940	96280	50460	64310	64840	51880	52160	77340	99870	158500	113160	89200	53810	86260	157550	48990	51300	157410	128810	32450	71530	135410	84800	41820	71700	81840	133040	103330	77600	40400	19160	64470	83880	105580	66650	87840	92650	74900	81990	102580	131020	143430	105580	77620	43950	60920	42610	115870	43430	31990	99491	150740	24360	75530	138720	126560	66540	105710	38170	0	82740	24050	125540	118430	50780	141890	66700	39400	66160	21230	104730	137200	125080	16100	117020	83880	144200	47620	128860	
61130	150230	61880	66940	67440	123580	91512	50730	48680	57350	25770	25600	121670	77920	136160	133050	49290	103960	46420	114700	21730	100520	66060	58780	37990	112250	18840	71920	54700	9290	36050	141100	36370	10240	33700	43120	99302	64970	124210	96460	52110	53840	94560	153550	116930	85120	92280	35140	115640	135650	20390	50060	73660	112410	90500	149751	53830	38380	113170	8880	33000	120380	111540	71550	126711	25640	122390	40380	40760	57940	94090	71260	33350	92530	90380	28940	59600	104670	23560	129470	112080	82280	0	65860	134780	36430	47870	90730	47340	112310	121340	100830	22260	148100	116930	75280	141921	90500	65080	120810	104000	
74260	147680	16380	35160	52210	65290	143730	35840	70720	25590	41210	45760	139102	16760	124510	83970	110870	149940	21720	160820	81720	141270	48600	92610	38490	82390	49040	34290	29960	61540	90640	167782	99690	67190	34500	64250	151520	28540	75130	151370	115430	15820	81770	152664	102520	28020	81520	59830	142322	121420	67600	18390	9380	82550	90580	123670	44450	65830	108610	58620	59980	118600	140302	134870	123670	55610	67710	38910	28440	110120	61080	15260	77481	144710	25080	53520	122920	135842	44530	123800	61930	24610	66940	0	137054	96420	28650	136140	62040	63230	86000	37030	85710	149294	134362	11040	135110	90580	128400	71380	138142	
78531	16360	144794	103092	84532	133560	112720	106414	87750	147194	128904	146144	32970	150402	28420	117040	165380	95380	125584	104500	154480	79510	87312	77420	118753	68690	133301	164984	148974	125350	107130	65560	124890	143830	128284	174715	120580	154644	107710	127550	130900	122004	53610	19680	41150	162092	55670	164615	44830	33600	112370	132104	136292	69360	47901	41730	161194	169420	32520	137850	162780	22530	49840	130610	22350	155420	121340	145845	118594	102490	84260	149112	166880	115200	149760	157505	144710	50570	140944	23080	115850	125980	134790	135552	0	162120	143314	99820	88751	114840	77650	136850	146960	14370	32910	135662	22010	47901	145220	114380	53300	
90910	176970	88281	103190	103690	159570	90172	86980	78460	83141	62020	53240	143050	105621	167810	169420	14450	109960	79350	117432	15310	113010	102310	84600	74240	147970	55090	89490	77310	45540	55230	159860	37730	32900	66470	47130	93002	85560	160460	83452	42160	87770	125450	193622	148580	110070	123170	44440	133860	167300	50420	79050	104170	150770	121390	182830	68010	41360	144820	44950	43950	152030	129500	58542	158361	46940	158760	66430	77010	65630	130340	98961	28410	87062	119291	49150	40702	122760	52730	161120	148330	118270	36520	96540	161520	0	74061	96420	79930	148560	160230	131780	18650	190252	136530	105790	173751	121390	46182	157060	121720	
75880	154222	14970	51820	63000	91800	133042	39810	67750	9630	27720	24060	145462	32310	137322	107780	88041	144401	18650	155281	60121	135731	59390	89101	33760	100460	33380	26620	7090	45890	77580	172871	82340	47350	19800	35740	140832	17250	98940	141430	98080	26040	94092	159024	116512	38850	92652	32990	145961	134512	54540	13170	35840	100620	98823	142740	17870	38110	115212	38780	33150	125142	141861	117520	130952	29781	94220	12990	27280	100170	79100	25650	50760	134760	45980	27520	104380	134991	24690	133242	86810	51120	47650	28410	143414	73611	0	130601	60960	87040	105070	63540	65870	155654	140722	37660	145142	98823	111050	95540	134321	
78030	113480	140670	118460	105120	174720	15340	107040	72100	140121	102891	114620	73000	151230	112120	167850	97500	14060	120710	24740	97710	24030	107020	53420	100390	122830	99411	157371	137841	89300	55840	80160	60220	96220	111711	130000	23200	147741	158280	32910	59090	120770	92690	113930	108190	160510	94380	122780	59830	116700	78850	127310	139980	124260	82680	127350	142761	125260	97720	97900	121130	95690	56010	44980	100960	115730	166930	127571	110200	33030	126300	146650	114640	19000	155900	119030	67510	51230	109941	103780	156620	141540	90620	135070	100020	96530	130741	0	82320	155860	136410	162260	87060	106540	68200	139930	113430	82680	64970	162190	48400	
15820	101121	67460	40910	28280	97880	90710	30740	11290	68760	38660	58490	84020	77750	90320	99670	88710	95820	48290	106700	68400	83460	30120	33190	28340	69260	41120	86620	67710	38710	42340	111820	60320	56910	41950	82240	98500	76280	90830	98350	72620	47290	48720	105601	71090	87300	46440	73770	86360	89090	29650	54810	65580	72060	44660	102560	74740	78270	67330	50000	71630	74540	84340	84660	80871	64270	90090	58210	38150	57100	54930	73440	79030	91690	81500	67170	86430	77800	51250	83630	79780	66430	46940	61590	89991	79700	60610	82020	0	79020	82180	87150	62270	102231	79280	65530	95061	44660	89310	87560	77130	
79771	112920	77660	49260	52331	23570	165301	66870	84561	86880	86960	103581	128990	69030	91260	22730	161720	166210	75411	177420	133950	150121	55310	103681	79450	47430	94790	90970	90752	107000	115921	161730	134171	119420	86340	122822	173161	88080	13890	173011	146951	66231	66600	115170	75250	77490	68760	118402	136270	86750	104130	77012	58250	46940	80050	83270	102223	124402	85540	104850	118531	93790	134250	159151	94240	113431	12130	97482	73910	130771	33920	71080	133640	166351	55970	111341	160761	129790	99000	93670	2210	40290	112690	63140	115750	148650	87342	155681	78771	0	38390	36270	134680	122240	125800	55440	98870	80050	163801	9030	132090	
74560	75560	98541	63400	55280	56090	149500	77610	87150	104471	99860	117451	98110	96940	53900	39570	169770	143500	92900	154710	145470	130910	59050	96390	90280	15110	107690	115890	108241	113570	113620	135810	131870	131770	99240	140311	157360	109681	30240	164320	143900	83720	44050	77810	40980	107720	46130	135891	110600	49390	109960	94501	83180	12200	57020	45910	119712	141891	52500	117750	135931	57300	110510	155940	56880	128391	43870	114971	88570	128550	28370	96000	151770	151980	86390	127191	157710	106050	111900	56310	38930	66430	121800	85940	78390	160170	104831	137120	81720	37860	0	70300	141850	84880	96160	81770	61510	57020	160590	36910	108350	
91600	141760	51130	48810	64160	30170	170130	61180	95740	60430	75410	80570	148730	35830	116330	57180	145680	174540	56420	187080	116530	161950	62770	115510	70850	70400	83240	61410	64800	95740	120260	177410	133550	102000	69310	99060	177940	58120	48340	177790	149200	48640	85040	145480	95660	42680	85210	94640	151950	111160	97990	53200	31800	70560	98490	113580	76270	100640	105850	93300	94790	114200	149930	163820	116440	90420	36370	73720	61010	136260	53610	41520	112291	171130	21160	88330	157640	145470	79340	116570	34420	21730	101140	36850	136400	131230	63580	162280	87090	36030	70580	0	120520	148060	143990	27360	127880	98490	164690	41100	147770	
73490	162520	80180	88950	87560	145590	85161	72740	61040	75531	47780	42730	133560	96220	150390	155060	28400	100160	68430	109351	11590	103520	86180	70360	59380	130470	40850	84850	71980	30620	42010	150370	28240	20510	55710	45850	89060	80470	146220	80920	36570	75850	108030	165840	131160	103420	105750	39950	124370	149880	33000	68360	93480	132530	103970	164900	63500	40080	127400	30890	38300	134400	120010	56010	140731	39330	144400	57510	62770	56140	114210	89560	28200	82940	108780	42030	40690	113270	42040	143700	134090	104290	22280	85850	147070	18660	66170	86930	62510	134320	141460	121090	0	160390	127040	95100	155821	103970	47691	142820	112230	
90912	10290	157175	115320	96760	139850	121751	118795	100772	159575	141285	158525	38861	162783	35060	123280	192983	101191	137965	110180	167850	85321	99540	90790	131134	79740	145682	177365	161355	139520	120500	58410	138260	157200	140665	187096	129611	167025	113950	139321	144270	134385	65710	10140	52520	174473	67770	176996	49280	40240	126540	144485	148673	79350	60282	44340	173575	183476	44620	151220	176786	34630	55640	143980	33520	168790	127580	158226	130975	115860	95630	161493	190232	125411	161130	169886	158080	60721	153325	33970	122640	137350	148160	147933	14290	189723	155695	107191	101132	121570	83890	148220	160330	0	43960	148043	24230	60282	158590	120620	60151	
67540	48410	142232	99700	81140	146030	83400	103852	74390	144632	119511	133801	7040	147010	53650	134570	139880	63840	123022	72960	136560	47970	83920	59590	107210	84310	116031	162422	146412	108640	87670	41900	100510	125910	123720	155470	91260	152082	124990	100970	105170	119442	59360	50730	57860	158700	61200	147000	16100	58970	96490	129542	132900	85620	48950	68560	158632	151500	45500	119930	144860	39990	18680	104910	42660	137500	135730	143283	116032	76790	93930	145720	148960	87060	147700	140750	118980	18610	126561	45310	126970	124720	116870	132160	33050	136620	140752	68120	79230	125960	95810	143690	127150	44050	0	132270	48840	48950	119490	128900	21840	
77460	142740	25200	35320	52730	55390	147350	38690	74330	34420	49980	54720	137360	17750	120490	75200	119830	153560	30570	164440	90680	144890	49440	96230	45630	78380	57810	38510	38790	70310	97310	166040	108460	76150	43460	73210	155140	35620	66360	154990	124200	22960	81450	149480	98710	28470	81310	68790	140580	117400	74740	27350	5790	78540	91420	119650	53280	74790	102570	67580	68940	113660	138560	141300	119470	64570	58940	47870	35580	113740	57270	18620	86441	148330	17800	62480	131690	134100	53490	119780	53160	15590	75710	11000	135820	105380	37730	139760	65240	54460	81760	27130	94670	147940	132620	0	131090	91420	137170	62610	136400	
84431	14940	147611	101080	82520	116850	126250	107800	94291	150652	132260	149590	49780	146360	12050	100330	176920	111140	128960	120260	165100	95270	85300	88460	120170	57510	138960	164960	152432	132830	118370	79720	136780	153600	131640	180615	134110	158102	91000	141080	144430	124300	51470	18980	32350	157610	53530	168081	62380	17040	119850	135510	132250	57120	52610	21390	164660	174073	30380	147620	167863	20920	65600	144140	15420	162163	104630	149303	121950	116020	75460	145070	177500	128730	140960	160971	158240	66330	144330	14000	99690	117180	143210	135010	21850	173660	146772	113350	94651	98620	60940	128050	156800	24260	48670	130920	0	52610	158750	97670	69060	
33980	59251	100973	58530	39970	100200	95020	62593	46670	103373	82240	102070	51610	105260	46370	88730	127370	89020	81763	100230	111290	75990	42750	43110	71920	43400	84700	121163	105153	82290	69810	82810	88060	100490	84463	127734	102880	110823	79160	109840	100090	78183	13530	63731	27860	116950	15370	120730	57350	45860	71130	88283	91150	44830	0	59330	117373	125650	23380	93580	118590	31710	55330	103530	38270	111230	89900	102024	74773	74780	48100	103970	123690	97500	105950	113684	113900	50870	94830	40800	81140	83550	90520	90990	48121	121270	99493	82640	44200	80130	56980	98510	103750	60361	48420	91100	52460	0	116780	83070	53170	
87470	160720	124880	124520	112320	182490	53490	110540	78620	120670	87340	88690	126060	140380	157340	184280	35450	76210	107990	79750	53331	87960	114160	75480	97920	146980	80410	130182	118002	69160	47980	142490	35530	66280	95700	87822	56320	126252	175440	44840	16770	115410	124000	164040	142490	147580	121720	85132	116870	160990	68280	113060	135230	149780	116980	172600	108702	82052	137950	72200	84642	140910	112510	21860	146180	85821	174700	103470	102330	44660	138970	133720	69412	50380	153160	88521	8070	105770	86880	149000	164390	143850	64920	127430	145270	46001	111190	64940	88840	163630	160630	164350	47861	158590	119540	136850	158680	116980	0	172170	104730	
88241	112060	85370	57730	60801	19680	173771	75340	93031	94590	95430	111881	132140	75630	90400	17420	170190	169360	83711	180570	142420	156770	63780	112151	87920	49040	103260	98680	98960	115470	124391	164880	142641	127890	94810	131122	181631	95790	8580	181491	155421	74531	69750	114310	76860	82520	71910	126702	139420	85890	112600	85312	65960	48300	83200	82410	110523	132702	87410	113320	126831	93800	137400	167621	93380	121731	7460	105782	82380	139241	39690	78790	142110	174821	61000	119641	169231	132940	107470	92810	11090	48060	121160	70850	114890	157120	95642	162980	87241	9140	37530	41300	143150	121380	128950	63150	98010	83200	172271	0	135240	
66570	66430	144520	103790	85230	152070	63350	106400	69160	144231	107001	121291	25950	151100	72140	141070	125430	42780	124820	51900	123350	26910	88010	47170	103160	95180	103521	161481	141951	96130	73220	38030	86060	113290	115821	142960	71200	151851	131500	80910	90720	122950	65910	66880	74110	162790	67600	134490	12780	77460	83980	131820	136990	96610	53860	87370	146871	138990	61180	107420	132350	57480	8640	88940	61150	124990	142240	131681	112970	62340	100100	149810	136450	67000	151790	128240	104530	4770	114051	63800	133480	128810	104360	136250	53480	122170	134851	48070	77340	132470	108760	147780	112700	59490	21740	136360	69270	53860	105040	135410	0	

0	                                             Grove	0	0	32400	0

1	                                         Kingswood	692	9916	13321	1384
2	                                            Woking	489	3866	7778	978
3	                                            Tadley	250	21106	25239	500
4	                                           Newbury	265	25748	28275	530
5	                                           Fareham	280	24866	27304	560
6	                                           Warwick	608	16306	19306	1216
7	                                           Reading	215	10984	14009	430
8	                                          Abingdon	629	11937	14282	1258
9	                                        Addlestone	249	10501	14604	498
10	                                            Marlow	310	12978	15495	620
11	                              Chalfont_Saint_Peter	664	4157	7256	1328
12	                                        Stonehouse	666	12967	17653	1332
13	                                         Godalming	306	12818	16748	612
14	                                  Bradford-on-Avon	354	19773	24446	708
15	                                             Hythe	544	7777	10615	1088
16	                                          Kempston	516	10365	13850	1032
17	                                          Alcester	178	7481	10522	356
18	                                         Bracknell	525	4973	9609	1050
19	                                          Redditch	226	10093	13104	452
20	                                         Dunstable	207	5495	7798	414
21	                                           Evesham	397	19024	21549	794
22	                                          Thatcham	828	12258	16355	1656
23	                                            Witney	321	7943	12253	642
24	                                  Henley_on_Thames	239	12906	16405	478
25	                                           Bulford	369	12391	15593	738
26	                                      High_Wycombe	568	24651	27170	1136
27	                                       Leatherhead	659	10671	14428	1318
28	                                        Shepperton	441	18692	22816	882
29	                                Princes_Risborough	479	6510	10224	958
30	                                          Bicester	661	4654	8483	1322
31	                                       Ross_on_Wye	779	20269	23209	1558
32	                                        Buckingham	581	25985	28720	1162
33	                                             Tring	572	20239	22949	1144
34	                                        Maidenhead	593	18608	20644	1186
35	                                       Borehamwood	388	6851	10266	776
36	                                        Kenilworth	251	4132	7185	502
37	                                            Cobham	692	4617	8084	1384
38	                                            Totton	365	14767	18139	730
39	                                           Brandon	644	21189	23663	1288
40	                                         Towcester	526	6302	9432	1052
41	                                        Crowthorne	335	14367	19136	670
42	                                       Marlborough	328	7622	11482	656
43	                                           Bristol	227	6285	11023	454
44	                                           Devizes	773	21757	23852	1546
45	                                         Cranleigh	339	17238	20959	678
46	                                        Mildenhall	829	9816	14760	1658
47	                                            Bushey	161	14749	17928	322
48	                                        Gloucester	604	24992	27574	1208
49	                                        Trowbridge	393	11901	16892	786
50	                                             Thame	805	8787	13338	1610
51	                                             Ascot	489	4356	8196	978
52	                                              Hale	472	22039	25267	944
53	                                          Amesbury	752	18063	21699	1504
54	                                           Swindon	512	5487	7511	1024
55	                                             Frome	313	18557	21969	626
56	                                          Richmond	117	15449	20176	234
57	                                           Radlett	699	14621	17307	1398
58	                                             Calne	236	8177	10765	472
59	                                   Great_Missenden	413	19505	24075	826
60	                                           Watford	265	4939	9696	530
61	                                        Chippenham	773	6836	10385	1546
62	                                        Churchdown	428	20832	25724	856
63	                                          Daventry	440	3580	7900	880
64	                                           Corsham	665	18685	21242	1330
65	                                       Chorleywood	445	13092	17066	890
66	                                         Bursledon	798	14867	18464	1596
67	                                              Iver	106	15157	18751	212
68	                                           Twyford	423	10380	13500	846
69	                                           Banbury	552	10741	13048	1104
70	                                           Andover	309	2222	5502	618
71	                                         Guildford	540	11475	13656	1080
72	                                         Harpenden	136	5137	7918	272
73	                                        Leamington	363	16966	20500	726
74	                                         Haslemere	732	19020	23194	1464
75	                                     Rickmansworth	764	6561	9555	1528
76	                                      Hardingstone	698	13195	16530	1396
77	                                    Charlton_Kings	647	8792	11363	1294
78	                                      Beaconsfield	251	2754	5965	502
79	                                            Neston	743	22154	26737	1486
80	                                       Bishopstoke	342	12650	15791	684
81	                                             Alton	482	16433	19250	964
82	                                          Wendover	823	20904	25275	1646
83	                                       Farnborough	699	18887	21332	1398
84	                                  Chipping_Sodbury	342	20646	24227	684
85	                                          Flitwick	277	4885	9403	554
86	                                           Staines	410	10380	13792	820
87	                               Stratford-upon-Avon	336	9364	14172	672
88	                                            Didcot	768	21089	24537	1536
89	                                         Eastleigh	691	22865	27369	1382
90	                                         Salisbury	532	20280	23667	1064
91	                                       Petersfield	456	13057	15491	912
92	                                  Leighton_Buzzard	407	3244	7226	814
93	                                     Stoke_Gifford	404	7783	12673	808
94	                                            Stroud	171	16581	21418	342
95	                                           Farnham	583	11965	15926	1166
96	                                              Bath	524	6908	11879	1048
97	                                         Wroughton	806	21193	24790	1612
98	                                       Northampton	285	24401	26471	570
99	                                       Southampton	126	25453	28166	252
100	                                        Cheltenham	669	23113	25789	1338
