100

6350	3650

20	90

0	93480	65360	63940	58350	84330	82780	77570	49620	85020	64730	56820	84840	61970	74830	77741	26910	90020	7040	99110	84490	88380	29630	99410	79940	78001	56110	40000	54860	62240	10270	38310	98870	59540	99400	98390	16480	92720	96660	90910	66930	31230	65100	96351	57280	59330	8730	73440	56920	96810	90190	74130	74720	20910	77080	34740	82160	89570	69090	55061	66150	7040	96850	56120	77050	35360	60800	13070	83130	81000	81190	66430	31820	99380	38290	23790	46850	44350	46140	93270	46061	31730	91990	88420	96420	92840	77790	59290	72840	40480	97280	82720	84300	19950	19080	96010	59140	45460	99711	9070	22300	
93230	0	76150	155260	119530	71740	16990	17790	136810	62810	34870	145250	57100	106780	144770	160530	110490	174340	89460	186612	47300	51650	79810	24510	156150	163920	44580	97640	114070	117350	101490	99250	56851	134610	80610	173200	105950	131720	55500	44110	121870	117080	107270	38470	147720	138100	93100	76220	144050	53580	153360	164570	64770	99890	20720	125630	114740	11640	46350	140190	123540	89460	14030	125050	95360	105050	75000	99870	94960	52020	141970	142270	110820	93860	91310	96660	123480	118900	126210	166680	53390	64040	122250	150810	171970	60010	93340	84000	89440	116880	97430	64940	42910	74390	104150	159700	36100	71210	34050	98900	109970	
65130	75800	0	109680	54601	24940	77190	60870	87450	31080	78320	95500	31950	39620	139350	135240	87150	119940	72180	152671	37770	37820	39100	98690	93142	133881	80860	104570	47980	50210	69540	102880	124110	68392	41710	105890	70020	60050	44460	44190	54710	91120	40110	107640	109971	83020	56640	11400	92320	46380	85200	127691	18760	83360	76080	85141	44280	83560	29720	112560	56380	72180	88480	61251	25940	99610	5290	74420	29310	104960	74810	79692	60160	143020	36890	88040	71750	61120	106390	99370	76510	50080	54110	82650	107572	38900	23920	13900	20020	65150	141420	27190	104120	72070	61170	91540	62650	20970	106930	69270	82190	
63590	154910	109530	0	61460	127060	144210	138300	23200	137181	126130	15340	137380	78761	84230	50520	48440	33030	66770	48400	137180	141070	79910	160561	44980	34180	117510	88900	66810	68791	53550	85050	159860	51740	141800	67510	49210	97390	149181	143600	70000	43550	81181	157502	14060	32910	63760	114760	19000	149500	77461	24030	124970	58860	138510	30500	93701	151000	124570	35640	67670	66770	158280	56440	101671	75050	104970	56430	107141	142010	72110	42470	51640	151050	74030	66540	39640	49460	49730	64970	107071	93100	103531	78071	59090	145110	107031	96600	104110	45790	148950	131450	145451	81380	54330	83221	120570	97450	160862	56970	47270	
58380	119240	54161	61710	0	68800	118060	102270	40660	81500	107700	47530	82082	19250	124290	107900	71470	67920	65130	109930	86081	87172	43220	137530	42090	93770	100251	96370	7350	9300	56880	94680	146731	16910	82510	55580	51050	38930	93812	92501	10780	69700	21690	142172	69920	31000	51510	59010	43190	95732	39580	84880	69601	73320	112360	52380	34210	124850	77361	85220	9110	65130	130350	8480	42180	90270	49601	63890	47650	128271	29190	28210	29830	156410	29380	78700	27320	15860	86100	49060	95021	66010	44040	37030	57290	89480	47540	44171	45120	24430	154310	75080	130121	74480	40040	45920	92030	49890	144340	59680	64720	
84520	71690	24900	126890	68590	0	79640	64070	104660	15810	83420	112710	17470	51050	159760	153261	106550	134420	91570	169881	28580	26640	58490	94580	107490	151091	89270	123290	63930	60730	88930	122330	129560	82310	18410	116410	88300	63050	30800	35120	65230	110510	48730	109930	127181	97500	76030	14400	109530	32970	93510	144901	12030	102750	80170	102351	48560	81710	31500	130581	66900	91570	84370	74980	30930	119000	26950	93810	24140	113440	85100	93610	77370	155020	54100	107430	88960	78330	125780	109890	90320	68750	51310	90960	122690	24200	25310	30380	25230	82360	153820	9220	110360	90740	78380	95220	69930	40380	104120	88660	101580	
82460	17020	77640	144320	118070	79590	0	17100	127750	70660	20100	136190	64950	106090	130000	149760	99720	169290	78690	175842	55150	59500	76930	22490	153340	153150	29810	82870	112820	116110	90720	84480	50220	132170	88460	171020	96870	134490	64170	52660	121180	106310	106580	32710	136950	135220	84270	79890	135050	62250	153190	153800	70390	89120	6630	115450	116640	8360	50020	129420	122340	78690	15870	122830	97080	90280	76520	89100	100630	37840	142690	139460	107710	82690	89090	85890	120600	116020	115430	165600	38620	56760	127730	150640	169050	67860	95060	84980	91160	114000	86260	72790	31740	63620	96720	159530	27120	70120	30530	88130	99200	
77270	17740	61250	138690	102450	64050	17090	0	119960	55760	28090	128400	50050	89700	129440	144570	94530	157220	73500	170652	40340	44690	62730	38790	139070	147960	37270	82310	96990	100270	85530	83920	65070	117530	73560	155970	89100	115840	51020	37850	104790	101120	90190	49010	131760	121020	76190	63850	126970	49100	135280	148610	54350	83930	17750	108780	100070	23460	33980	124230	106460	73500	28850	107970	80690	89240	60130	83910	84060	51550	124890	125190	93740	95230	74230	80700	106400	101820	110250	149450	40410	48020	109080	132730	154780	53050	78670	68590	74770	99800	97770	57890	46590	58430	87070	141620	20140	54130	46830	82940	94010	
49500	136910	87200	23500	40330	104700	127800	120010	0	115031	110920	9320	115160	57631	91410	70850	43470	41590	54430	71850	114960	118850	60020	145870	36170	55560	102450	81980	45680	47661	40250	78130	146730	33200	119440	58700	33280	77680	126980	121380	49530	40730	60051	143281	31780	15950	45060	92400	7630	127280	59751	46670	102720	51940	122100	19410	72571	134590	103410	49570	47820	54430	141870	36590	80541	68750	82750	45980	86021	128570	54400	26210	31140	144130	51810	59620	17190	28330	54100	56160	93110	74810	82401	60361	52440	122860	85901	74240	82230	23320	142030	109090	131230	67810	35310	65511	103600	75230	146641	43670	39080	
85430	62770	31050	137061	81290	15770	70720	55570	114831	0	78500	122881	7070	63750	160670	155540	107450	147140	92480	178300	17540	15070	59400	85660	120190	155680	84530	120480	75231	73430	89840	120030	120651	95010	19660	129110	90320	77900	19230	24830	77930	111420	61430	101010	133970	110200	76940	23720	119701	21400	107770	150820	12510	103660	71940	109630	63230	72790	26760	132860	79600	92480	75450	87680	43630	119440	33100	94720	38990	105790	98030	106310	87000	149880	64271	108340	99131	88501	126690	122590	85620	66800	66160	105220	134823	10880	40160	41710	37930	92531	150490	8430	101860	88150	83920	110070	65190	41500	95200	89570	102490	
64600	35060	78470	126410	107740	84630	20170	28100	110660	78660	0	119100	73560	96040	111450	130980	80940	151780	60830	157062	64210	69090	66230	35510	140860	134370	10340	64320	102490	106000	72860	65930	45740	120070	96840	158920	79330	125680	77110	62940	111130	87530	96530	36930	118170	119870	67630	82870	117960	75190	142670	135020	73630	70340	16070	97590	109880	26890	53190	110640	112230	60830	34170	112500	94960	71730	74480	71020	98330	27780	132280	126960	92350	68210	78760	67110	107380	104880	96650	153800	20070	44300	119740	140120	156950	77170	92940	75150	88940	101010	70750	80160	26940	45280	79630	149010	16790	60010	40160	70270	80420	
57360	144790	94590	15300	46490	112120	135680	127890	8220	122241	118800	0	122511	63821	90900	62650	47960	33390	62290	63650	122490	126380	67550	153750	32880	47360	110330	86740	51870	53851	48110	82890	154590	36760	126860	55410	41160	82410	134241	128910	55020	43130	66241	151161	23840	17930	52940	99820	4020	134810	62481	38470	110030	56700	129980	24220	78761	142470	110940	44590	52690	62290	149750	41460	86731	73510	90030	52100	92201	136450	57130	27490	39020	148890	59340	64380	24700	34520	53120	52870	100990	82690	88591	63091	49030	130170	92091	81660	89170	30850	146790	116510	139110	75670	43190	68241	111480	82760	154521	51530	43840	
85270	57070	31930	136950	82052	17420	65020	49870	115031	7230	73550	123081	0	65070	159490	155380	107290	147391	91600	178140	11840	9370	59240	79960	120593	155520	79610	114490	75431	74750	89680	115110	113561	95843	25030	130430	90160	79550	13530	19130	79250	111260	62750	93920	133810	110471	76780	24860	119901	15700	109090	150660	13390	103500	66240	109470	64550	67090	21840	132700	80920	91600	69750	88702	44950	114520	33980	94560	40640	100030	99350	107143	86840	144280	64440	104490	99331	88701	126530	123910	80700	61880	67810	106540	135023	8350	41810	42590	39250	92731	144890	10620	95070	83230	83760	111720	60270	41340	89500	89410	102330	
61990	106700	39590	79140	19260	51360	106050	89730	58090	64060	96150	64960	65310	0	133360	120870	78860	85350	69040	127360	71510	72601	39480	125980	58420	111200	95441	102160	14590	12160	62670	100470	141921	33240	66100	67900	56840	33540	78640	77930	17310	79500	5290	130400	87350	48430	54240	41570	60620	80810	47800	102310	53890	79110	100810	65820	23300	112420	62790	98190	18390	69040	117810	25910	28250	95980	35030	69680	33720	122810	37410	44540	39710	154931	25490	83850	44330	30910	95900	61380	90211	61200	33130	45250	73620	72040	33610	28620	27890	37870	153331	57640	121970	75370	46920	54140	80480	37480	132790	64830	72690	
74620	144840	139280	84620	123870	159300	129950	129330	90900	159990	111100	90790	158760	133770	0	50690	56790	120690	69420	84670	155370	160350	101450	141340	125660	64710	102480	48590	122540	129761	70650	47270	118710	120310	174370	148190	76660	162630	168770	161130	133501	54360	137072	130800	71130	106420	80550	148410	94530	167640	148851	73120	148640	54410	125610	73480	154441	136670	138270	48820	132380	69420	143950	120560	149362	45300	134720	64710	156382	108960	143500	115620	95920	95290	110650	54530	98980	108300	37770	145650	91760	97980	164302	149461	141810	166860	151042	133210	146092	100580	88320	157690	117610	75480	87580	154611	110900	119250	136980	69400	62540	
77431	160240	135570	50790	107540	153392	149400	144190	70750	155230	130230	62890	155050	121120	50690	0	52040	83290	76400	37250	154700	158590	99840	164701	94920	27600	121610	79370	108230	113210	68530	75710	156390	99290	168132	118410	66150	144100	166870	161120	116181	47401	124770	161642	39900	80460	79530	141092	66550	167020	127031	36010	144930	60690	143700	57030	138510	156311	140750	23160	115060	76400	163591	103990	137472	66360	131010	66660	144492	139560	121650	90020	82840	141300	99582	66430	82780	92460	35250	115870	111211	106250	148350	127641	111430	163050	139152	122932	134202	84720	134620	152930	148850	86340	77840	132791	125760	115670	165002	68821	55931	
26880	110410	87360	49380	71790	106330	99710	94500	43470	107020	80540	47490	106840	79010	56890	52080	0	79651	25610	76193	106490	110380	51630	115011	75950	53731	71920	41360	69470	75730	19370	37510	112320	69110	121400	99740	22550	107330	118660	112910	80420	6810	82140	111952	40200	55430	30730	95440	50770	118810	95641	54770	96720	11320	94010	25290	99570	106500	92540	30791	79340	25610	113780	69060	94460	27130	82800	15590	101480	95490	90290	64420	43520	103510	56570	19000	47970	57290	20150	96380	61521	55460	109400	96251	94750	114840	96140	79920	91190	49570	101330	104720	99901	36650	34050	101401	76070	67460	115312	18270	7690	
90110	174790	119370	33050	67380	134590	169640	157730	41660	147021	152240	33870	147291	85220	116720	82960	79191	0	95040	61960	149800	153142	95420	187480	30410	59820	143770	119490	74420	74550	80860	115640	188660	52540	148290	44110	74600	95250	159782	156320	74150	74301	87480	184891	46280	41520	86380	124800	34850	161702	66170	49400	134810	89450	163420	56970	99700	176430	138250	67860	71410	95040	183710	62350	107960	105801	114810	84850	113430	169810	63430	42920	68290	182690	87210	97130	52520	60080	81950	44620	134430	116130	104340	66780	30300	155270	113320	107220	110900	58720	180590	140870	172840	108420	75310	66940	144920	110070	188251	84280	76590	
6930	89420	72290	67030	65280	91260	78720	73510	54640	91950	60670	61840	91650	68900	69620	76570	25400	95040	0	100083	87490	92470	36560	95350	85670	77621	52050	33840	61790	69170	14950	32150	94810	66470	106330	105320	21560	99650	100890	93250	73860	30850	72030	92291	59850	65160	15660	80370	61940	99760	97120	76700	81650	16240	73020	39380	89090	85510	70640	54681	73080	0	92790	63050	83980	29290	67730	11640	90060	76940	88120	73360	38750	93220	45220	17610	53780	51280	42550	100200	42001	31420	98920	95350	103350	98980	84720	66220	79770	47410	91120	89650	80240	15890	26010	102940	55080	52390	95651	11910	22080	
98920	187152	152672	48070	109210	170172	176312	171102	71200	178260	157142	63350	178080	126761	84280	37070	76493	62340	100630	0	177730	181620	120190	191613	88940	30160	148332	106110	114810	116791	88880	102450	184910	98170	184912	104530	85440	144660	189900	184150	117740	70583	129181	188554	42780	80910	99880	157872	67000	190050	123541	26910	165790	87412	170612	69450	141840	183223	161610	47022	115410	100630	190503	104180	149671	93100	148222	90290	155141	168970	118190	88550	97240	168290	116362	93152	87640	97460	61990	105040	137804	129220	151710	124151	90720	186080	155031	139712	150982	93790	161610	174562	176503	112933	95490	127360	152482	136020	191914	91600	79113	
84140	47360	37020	135930	85981	28020	55310	40310	114180	17600	64100	122230	11890	71000	155640	154250	106160	148980	87100	177010	0	5800	58110	70250	124522	154390	71510	109990	79360	81590	88550	110610	103851	99772	35400	137270	89030	89510	14220	9030	86090	110130	71490	84210	132680	111840	75650	33030	119050	14360	116580	149530	21050	101760	56680	108340	73740	57380	17590	131570	87760	87100	60040	92631	54140	110020	37030	93430	51240	90320	106190	111072	85820	134220	63420	99990	98480	89690	125390	130750	72620	57380	78410	114030	138952	14160	52120	46030	48440	91880	135180	21220	85360	78730	82630	122320	52350	40320	79790	88280	101200	
89090	51640	38390	140770	87712	26650	59590	44690	119020	15130	68990	127070	9420	72731	160650	159200	111110	153783	92120	181960	5840	0	63060	74530	126253	159340	76400	115010	81091	82861	93500	115630	108131	101503	31400	138541	93980	88780	8420	10890	87361	115080	70861	88490	137630	116131	80600	33660	123890	8560	117801	154480	21680	106780	61540	113290	73721	61660	22610	136520	89031	92120	64320	94362	54180	115040	40440	98380	49870	94600	107461	112803	90660	139340	68260	105010	103320	94361	130340	132021	77510	62400	77040	115251	140683	8360	51040	48481	48421	96720	140330	19850	89640	83750	87580	120950	57240	45160	84070	93230	106150	
29340	80220	39590	79320	43250	58560	76810	63250	60220	59250	66170	68360	59070	39400	101650	99450	51360	95430	36390	119710	58720	62610	0	96280	77350	99590	58531	69350	38390	42440	33750	67660	105011	56180	73630	95030	34230	71330	70890	65140	47850	55330	41780	100452	77750	59230	20850	47670	65180	71040	78340	94730	48950	47570	71110	52880	58050	83600	45600	76770	48670	36390	90880	47950	51210	63820	35030	38630	55650	86551	67950	63470	31950	117210	14660	52250	44610	40030	70600	89910	53301	24290	67880	75790	93060	67070	50310	31810	45360	38010	115110	56950	88401	39640	25460	84680	50780	19690	103090	33480	46400	
99071	24620	99150	160591	137710	94740	22470	38820	145800	85810	35720	154141	80100	126010	140300	165181	115141	187170	95301	191263	70300	74650	96570	0	174140	168571	45130	98060	132460	135970	107331	99800	37051	151810	104460	191860	113801	155650	78980	67590	141100	121731	126500	17110	152351	154860	102770	99220	153100	77060	173050	169201	87770	104541	26270	132061	138360	17910	69350	144841	142200	95301	11940	142470	118630	105600	98000	105201	118810	36450	162550	159100	127350	76841	108730	101311	140240	135660	130861	186400	53940	76400	145980	170500	189890	83010	116610	105120	112440	133640	80501	87940	25280	79751	114770	179390	46760	89980	11170	104741	114601	
80000	156390	92692	44760	41880	107370	153090	139420	36140	120070	141080	33310	120613	58380	123270	94080	75470	30440	85300	89150	124612	125703	77220	173770	0	77780	132390	113350	48890	47330	71120	109500	178020	25320	121070	24280	64150	66520	132343	131032	45520	72730	60260	173731	56030	25540	74470	97580	30200	134263	38500	68370	108132	83360	147390	52860	70970	159880	115892	76780	42780	85300	167160	35250	80740	100240	88132	76850	86210	159020	34700	16980	51470	176640	65440	90750	39230	38160	85310	21740	123050	100330	75610	39110	19430	128050	86100	82702	83680	42340	174540	113650	161680	98680	61890	41190	127060	87770	177091	74540	70150	
78101	164321	134362	34160	93450	151862	153481	148271	55190	155320	134311	47330	155140	110751	64880	27370	53981	59660	78341	30470	154790	158680	99930	168782	78350	0	125691	84910	98800	100781	68620	81250	161600	83730	166602	98740	66240	130600	166960	161210	101990	48071	113171	165723	26770	64900	79620	139562	50990	167110	109481	11900	145020	64810	147781	51040	126090	160392	140840	24420	99660	78341	167672	88430	133661	71570	129912	68001	139131	144770	104100	74460	79440	147090	98052	70550	71630	81450	40790	97970	115292	107491	136781	110091	87060	163140	137622	121402	132672	77780	140410	153020	153672	90421	77110	115241	129841	115760	169083	69491	56601	
55980	44820	80840	117790	100021	90510	29930	37340	102310	85730	10290	110750	80680	95291	102880	122360	72320	143430	52210	148212	71670	76550	58281	45040	132130	125750	0	55750	94771	98821	64240	57360	47040	111720	102720	150570	70710	124141	84570	70400	104231	78910	95781	42751	109550	111520	59280	85630	109610	82650	134721	126400	79510	61720	26000	88970	108371	36650	59070	102020	105051	52210	43930	104781	96400	63160	76280	62400	99770	28850	124331	118610	84000	64400	71041	58490	99030	96530	88040	145450	11500	36431	118201	132171	148600	84420	94380	76590	90380	92660	66940	86040	30700	36660	71280	141061	21020	61450	46111	61650	71800	
39790	97740	104350	89570	96350	123480	82850	82230	81870	120580	64000	86230	114500	101810	48550	79410	41360	119430	33670	106212	110340	115320	69070	97960	113060	84690	55380	0	92860	100240	44970	4700	79080	97540	136710	136510	52450	133710	123740	113120	105150	47090	105140	91170	77220	92540	48520	113170	89170	122610	128310	91260	111070	30240	78510	63690	122570	89570	93490	60990	104150	33670	96850	94120	117460	16360	99790	39310	123670	65860	119310	101530	69820	66220	78080	24040	84060	82350	44270	131390	44660	56290	132400	126540	132000	121830	118330	98280	113380	78480	62250	120030	76080	33790	57080	134130	63800	84450	95270	42510	43760	
55080	113340	47560	67780	7730	63680	112230	96370	46730	75211	102190	53600	75481	14120	122080	108480	69260	74940	61830	116130	79480	80571	38370	132020	49460	99840	95001	93070	0	8400	53580	91380	141481	24280	78420	62100	47750	38880	87211	85900	13410	68220	17980	136420	75990	38020	48000	53210	50210	89131	43380	90950	63000	70020	106850	52960	32730	119060	70760	85800	12890	61830	124450	15870	39520	86970	43000	60590	44990	123021	32990	35580	27910	151260	24080	75400	31470	18050	84620	55580	89771	60760	42560	40830	64660	83140	44880	37570	40210	25010	149160	69931	124871	69950	36950	49720	86520	43990	138830	56380	62510	
62660	117430	50360	68970	9350	61420	116320	100460	47920	74120	106280	54790	75370	12730	129811	115210	75750	74400	69410	117190	82280	83231	42920	136110	47300	101030	99551	101200	8410	0	61160	99510	147001	22120	75120	56020	55330	31180	88700	88700	5690	74710	14310	140530	77180	38260	55790	51630	50450	90870	36180	92140	63950	77600	110940	57950	26820	123150	73560	90790	6510	69410	128540	14880	34790	95100	45800	68170	40260	128541	25790	33420	34110	160011	28930	82980	34580	21841	91110	49500	94321	65310	36650	33630	62500	82100	40150	39390	37730	30000	158411	67700	130391	77550	44320	42520	90610	48080	142920	63960	69000	
10330	101910	70060	53900	56980	89030	91210	86000	40370	89720	73160	47570	89540	62570	71300	68740	19450	80770	14890	89070	89190	93080	34330	107840	71400	68880	64540	45270	53680	60870	0	41610	107300	58070	104100	95050	9370	91350	101360	95610	65560	22670	65700	104781	47240	50880	13990	78140	47670	101510	88141	64090	79420	17140	85510	25490	83130	98000	75240	46060	64780	14890	105280	54650	78020	34560	65500	7590	85040	89430	79720	59870	30350	104650	40130	23460	40470	42880	38680	91520	54491	41110	92960	86950	90200	97540	79700	63480	74750	39010	102550	87420	92730	28380	17610	93901	67570	50160	108141	3820	13740	
37900	99020	102460	86440	94460	121650	84130	83510	78740	120040	65280	83100	114990	99920	47640	75960	37900	116300	31780	102762	110830	115810	67180	99240	109930	81240	56660	4920	90970	98350	41840	0	82630	95650	136170	133720	49970	131820	124230	114400	103260	43640	103250	93730	73770	89410	46630	110540	86040	123100	126420	87810	111330	27110	79790	60560	120680	90850	93980	57540	102260	31780	98130	92230	115570	12750	97900	36180	120930	67910	117420	98400	67930	69770	76190	20910	80930	80460	40820	129500	45940	55180	130510	124650	128870	122320	115590	96390	110640	76590	65800	119260	78130	32680	55190	132240	65080	82560	97320	39380	40630	
98580	57891	125160	160150	146831	130220	50680	65760	146450	121611	45930	153650	114541	142101	118730	156560	112360	188620	94810	184852	104741	109091	105091	38501	178680	161340	47530	78910	141581	146791	106840	82630	0	157890	139770	202250	113310	170951	113421	102031	152201	118950	142651	22320	151760	157440	105200	130020	153750	111501	190482	165820	119120	101240	49270	131570	155181	49261	97970	137640	153021	94810	45651	151591	143350	92560	122870	104760	146720	22440	172301	164530	129920	41620	117851	94040	144950	142450	121370	197130	55530	83241	165011	180141	194770	117451	141330	123540	137330	138580	45280	123741	20110	79260	117200	196842	61520	108150	28930	104250	114160	
59050	135210	71281	51480	19210	84700	131910	118240	32630	97400	119900	37300	98650	35710	119880	98830	68720	56100	65800	99410	103201	104292	56040	151380	29000	83540	111430	97040	26220	24660	57550	95350	156840	0	98400	44110	51450	49510	110932	109621	24500	65980	37590	152551	60020	20480	53290	74910	32670	112852	34510	74650	86721	73990	126210	46870	50100	138700	94481	79710	22170	65800	145980	12580	58070	90940	66721	64560	63540	137840	25510	15120	30290	157080	44260	79370	23160	16980	82290	37590	102090	79150	57870	32740	44240	105380	63430	61291	61010	21870	154980	90980	140500	78800	40710	40330	105880	66590	155911	60350	63041	
99690	80660	41770	141730	82730	18440	88610	73460	119500	19750	95940	127550	25110	65890	174930	168101	121710	149240	106740	184721	35430	31450	73660	104340	121510	165931	101790	136730	78770	74760	104100	136280	138990	96330	0	129450	103140	75440	32100	41130	78530	125680	63570	119690	142021	111640	91200	31270	123830	33930	105900	159741	25390	117920	89830	117191	60950	90680	44020	145421	80720	106740	93340	89090	43560	134170	43400	108980	36530	123890	97490	107630	92210	167980	68940	122600	103800	93170	140950	122930	102880	82190	63700	103350	136710	24620	37700	45220	40070	97200	167260	17870	119790	104180	93220	107610	82450	55760	113880	103830	116750	
97840	172600	105420	67260	55390	116480	170700	155520	58640	129180	158700	55810	130430	67790	146130	117980	99290	44040	104590	104110	137340	138291	94830	191470	24180	99210	150230	136380	61280	56170	94670	133320	201971	40470	129360	0	87700	61510	143760	143760	52070	96280	69370	191351	78530	48560	92080	106690	52700	145930	29980	89060	119010	107180	165000	76410	69850	177580	128620	99640	49700	104590	184860	49050	89620	124060	100860	100400	93400	176640	32310	36100	69080	205550	83050	114570	61111	55770	108170	8100	140890	117940	72290	31180	13740	137160	94980	94450	92560	60660	204611	122760	179300	117590	79500	30000	144670	103140	194711	98090	93700	
16470	106030	70620	49590	51160	88120	96830	89130	33300	90290	79560	41740	90110	56750	76800	66050	22300	74420	21550	85480	89760	93650	34900	114240	64330	66190	70940	52510	47860	55050	9370	49770	113700	51690	102860	87980	0	85530	101930	96180	59740	23090	59880	111181	43650	43810	14590	75820	40600	102080	80701	60500	79990	25180	91130	19680	77310	103620	75810	43370	58960	21550	110900	48830	72200	42600	66070	15750	79220	95830	73340	52800	23740	111890	34310	31620	32860	37060	39490	84080	60891	43930	87140	80570	83130	98110	73880	57660	68930	31060	109790	87990	99130	34780	11790	86461	72720	50730	114541	12270	16130	
92980	131240	59760	97540	38740	63010	133290	115560	77310	77890	125800	83360	79550	33510	161431	145650	107370	95010	99940	144830	90210	88720	71390	154920	66390	130650	124282	132820	38730	30890	91480	131130	170762	46690	75440	61480	85650	0	92880	96840	28970	105710	30730	160050	106080	66540	85790	56660	78730	95050	33900	121730	68980	108780	130460	88270	17050	139660	84410	121230	31650	99940	144440	43650	38090	126720	56370	98700	39480	152302	32540	57880	64430	193212	57400	115150	63970	51951	122870	54490	119052	90041	11970	32880	70670	86280	43070	54040	41700	60320	196942	71300	151620	107870	74640	33360	109920	65570	162440	94490	100620	
97480	55760	44940	149160	94262	30760	64420	50960	127241	19240	77000	135291	13530	78410	169040	167590	119500	160333	100510	190350	14230	8390	71450	79200	132803	167730	84410	123400	87641	88090	101890	124020	112801	108053	32020	143770	102370	92890	0	14400	92590	123470	76090	93160	146020	122681	88990	38200	132111	3280	122430	162870	26730	115170	67810	121680	77890	66330	31000	144910	94260	100510	68990	100912	58290	123430	46990	106770	53980	100160	112690	119353	99050	145610	76650	113400	111541	100911	138740	137250	85520	70790	81150	119880	147233	9750	55150	55031	52590	104951	148150	23960	95200	92140	95970	125060	65250	53550	88740	101620	114540	
91050	44130	43930	142840	92891	34930	52760	37860	121090	24730	62890	129140	19020	77910	160860	161160	113070	156060	93220	183920	8900	10900	65020	67570	131432	161300	70300	113310	86270	88500	95460	114920	101171	106682	41040	144180	95940	96420	14460	0	93000	117040	78400	81530	139590	118750	82560	39940	125960	12540	123490	156440	27960	107880	54710	115250	80650	54700	23710	138480	94670	93220	57360	99541	61050	116140	43940	100340	58150	87770	113100	117982	92730	132510	70330	106110	105390	96600	132300	137660	71410	63500	85320	120940	145862	18580	59030	52940	55350	98790	133970	28130	82810	84850	89540	129230	51140	47230	77110	95190	108110	
66760	121800	54690	70200	10580	65750	121150	104830	49150	78450	111140	56020	79700	17200	132941	117550	79850	74660	73510	118400	86610	87561	47780	140970	45820	102260	104411	105300	13030	5610	65260	103610	151861	22480	78830	52580	59430	28960	93030	93030	0	77631	18470	145390	78410	39470	59890	55960	51660	95200	31010	93370	68280	81700	115800	60311	28280	127520	77890	93151	3410	73510	132910	15430	38500	99200	50130	72270	43970	133401	20620	33780	38210	164871	33790	87630	35810	23791	94031	46060	99181	70170	36320	28460	59950	86430	43860	43720	41440	32361	163240	72030	135251	82410	48420	37350	95470	52580	147780	68060	73100	
31550	117530	92030	44290	70270	111000	106830	101620	41350	111690	87660	43140	111510	80340	54260	47541	7330	74561	31690	70263	111160	115050	56300	122131	73830	47801	79040	47360	69110	75370	23010	43700	119440	66990	126070	97620	23900	106850	123330	117580	78911	0	83490	119072	34270	53310	35400	99430	47160	123480	93541	48840	101390	18440	101130	22990	99840	113620	97210	24861	77790	31690	120900	66960	95810	33120	87470	21350	102830	102610	88190	62300	43160	110630	57920	26120	45870	55190	16950	94260	68641	60940	109670	94151	92090	119510	97490	81270	92540	47470	107320	109390	107021	43770	35400	99301	83190	72130	122432	22940	9950	
65240	107460	40350	81210	21590	48920	106810	90490	60160	61620	96910	67030	62870	5170	136831	124400	82110	87420	72290	129430	72270	70731	41990	126740	60490	113270	96201	105790	18310	13730	65920	103840	142681	35310	63370	69410	60090	30690	76200	78690	18130	82900	0	131160	89420	50500	57110	39130	62690	78370	48620	104380	51450	82360	101570	69130	18650	113180	63550	101720	19900	72290	118570	27980	23040	99230	35790	72930	28510	123570	38230	46610	43310	155691	28000	87100	46820	34081	99340	62890	90971	61960	28480	46070	75690	69600	28400	29380	25450	41180	154091	55200	122730	78100	50170	54960	81240	38240	133550	68080	75940	
95782	38460	108220	157302	141712	109940	33020	49370	143111	101010	36940	150852	93940	130330	130800	161892	111852	184481	92012	187974	84140	88490	99972	17120	173561	165282	42411	90980	136462	140290	104042	94250	21520	152771	119660	191621	110512	159970	92820	81430	145420	118442	130820	0	149062	152321	100081	112260	150411	90900	177370	165912	101610	101252	33040	128772	144170	29900	81740	141552	146520	92012	25350	146472	129250	100730	107100	101912	132620	28900	166870	159411	124801	61310	112732	98022	139831	137331	127572	186501	50651	78122	154030	174820	189651	96850	127230	109440	123230	133461	64970	103140	16220	76462	112081	183710	51080	94300	6890	101452	111312	
57580	147930	110272	14390	69560	127772	137230	132020	31300	134240	118060	23730	134060	86861	71040	39560	40150	46810	60210	43080	133710	137600	78670	152491	56160	26750	109440	77230	74910	76891	47540	73570	151600	60210	142512	78690	44100	105860	145880	140130	78470	34240	89281	149432	0	41380	58540	115472	27470	146030	85931	18100	123940	50650	131530	28110	101801	144020	119760	22450	76140	60210	151300	64910	109771	62990	105822	49870	115241	133940	80580	50940	54840	142790	73962	58330	47270	57560	36990	76150	99001	87880	111631	86541	71860	142060	113532	97312	108582	52740	136610	131940	137381	74170	53090	91691	113590	94680	152792	50960	39060	
59400	138310	82560	33130	30570	97790	134900	121340	16010	110211	120260	18950	110481	48410	106290	80480	55320	38430	65150	80440	112670	115571	59030	154370	22680	65190	111790	93200	37610	38290	50970	89350	156910	20840	111500	46330	43930	66490	122211	119090	39100	52580	50680	152621	41670	0	54000	88000	14320	124131	47021	56300	98000	63210	129200	32720	63200	141690	101120	62420	36770	65150	148970	25540	71170	80090	78000	56700	76640	137910	41670	12560	32940	155640	50610	70600	17360	22950	68330	42970	102450	82140	73030	47631	41480	118140	76530	70090	74110	22770	153540	104070	140570	78530	41420	52781	108870	72940	155981	54390	50000	
8810	93170	56940	63920	51470	75910	84290	76210	45060	76600	67840	53500	76420	54730	81120	79760	30830	86180	15860	100020	76070	79960	21210	102790	74660	79900	59370	48820	47980	55360	14000	47130	104490	53690	90980	92540	14540	85840	88240	82490	60050	35150	57470	100201	58190	54050	0	65020	52360	88390	84340	75040	66300	27040	78590	34220	73740	91080	62120	57080	59270	15860	98360	50270	68630	43290	52380	18100	74710	85490	75340	60580	25970	108200	29870	31720	41000	38500	50070	87420	50030	31030	83570	82570	90570	84420	69370	50870	64420	34630	106100	74300	88150	27780	13430	90160	59860	37040	103561	12950	26220	
73230	76490	11340	114850	58870	14020	80180	64100	92620	23630	82330	100670	24880	41330	148470	141221	95250	124700	80280	157841	33680	33370	47200	99380	97770	139051	85620	113210	53330	51010	77640	110980	129590	72590	30790	106690	76260	56580	38210	40310	55510	99070	39010	112260	115141	87780	64740	0	97490	40380	85350	132861	12450	91460	79360	90311	40810	86510	30410	118541	57180	80280	89170	65260	21210	107710	13390	82520	24580	109740	75610	83890	65330	148330	42060	96140	76920	66290	114490	100170	83540	58100	49600	82800	112922	31610	19190	18970	15510	70320	147040	17210	108900	80090	66340	89500	67410	28890	108920	77370	90290	
56790	144200	92130	19080	42740	109630	135090	127260	7630	119961	118210	4900	120090	60580	94680	66430	50760	34840	61720	67430	119890	123780	64950	153160	30310	51140	109740	89270	49770	50460	47540	85420	154160	33010	123670	52840	40570	78660	131910	126310	51270	46910	62850	150571	27620	14180	52350	97330	0	132210	58731	42250	107650	59230	129390	26700	75370	141880	108340	48370	48940	61720	149160	37710	83340	76040	87680	53270	88810	135860	53380	23740	36430	151420	56740	66910	22120	32420	56900	50300	100400	82100	85200	59341	46460	127790	88700	79170	86280	28250	149320	114020	138520	75100	42600	64491	110890	80160	153931	50960	46370	
96900	53850	46900	148690	96222	32930	62510	49050	126940	21410	75090	134990	15700	80580	168110	167010	118920	161910	99580	189770	14350	8510	70870	77290	134763	167150	82500	122470	89601	90260	101310	123090	110891	110013	33850	145940	101790	95060	3280	12490	94760	122890	78260	91250	145440	124600	88410	40370	131810	0	124600	162290	28900	114240	65900	121100	80060	64420	30070	144330	96430	99580	67080	102872	60460	122500	48950	106190	56150	98250	114860	121313	98580	143700	76180	112470	111240	102450	138160	139420	83610	69860	83320	122050	149193	11580	57320	56991	54760	104640	146240	26130	93290	91210	95390	127230	63340	53080	86830	101040	113960	
90050	152920	85210	77701	40000	93620	152710	135350	60491	108060	142570	63521	109310	47720	149083	127021	95803	65810	96800	123971	117130	117611	78300	172500	38460	109791	134931	128610	42830	36130	88550	126920	189453	31070	106050	29530	81163	33650	122640	123550	30780	93063	48740	176920	86241	47001	84290	85570	58891	124810	0	100871	97890	102543	147330	75022	46270	159540	108410	107021	31250	96800	164930	36930	67260	119963	80650	94323	70090	163921	12120	35951	61290	198462	64310	109933	53642	47980	109463	22540	129701	100690	44430	2620	38720	116040	72240	74240	70610	52870	197664	101640	165771	109800	71710	7220	126100	83100	179310	91350	89453	
74200	163860	127952	24070	84730	145452	153020	147810	46470	150860	133850	38610	150680	102031	73290	35780	54560	49430	75910	27290	150330	154220	95470	168281	68510	11900	125230	91150	90080	92061	64160	87490	165520	75010	160192	88650	60720	121850	162500	156750	93270	48650	104451	165222	18060	56180	75160	133152	42270	162650	100731	0	140560	65600	147320	44730	116971	159891	136380	31130	90940	75910	167171	79710	124941	76910	123502	65570	130411	148690	95380	65740	72520	153800	91642	72970	62910	72730	47500	87880	114791	104500	126801	101341	76830	158680	130301	114992	126262	69060	147120	148560	153171	89960	70770	106491	129380	111300	168582	66880	54610	
74990	64620	18730	125170	70091	12150	70400	54320	102940	12510	72680	110990	13380	53400	149210	145100	97010	135430	82040	165430	21420	21110	48960	87510	108632	145240	78530	110960	63470	63080	79400	111360	117740	83882	25300	118760	79880	68650	26710	28050	67580	100980	51080	101270	123530	98510	66500	12170	107810	28880	97420	140380	0	93220	69710	99190	52880	74640	20760	122420	69250	82040	77300	76741	33280	109470	20780	84280	32610	99320	87680	95182	75650	143570	52380	97900	87240	76610	116240	112240	79060	57490	59780	94870	123062	20330	31260	29390	27580	80640	142280	8620	98480	79480	73480	101570	59190	31060	97050	79130	92050	
21090	99950	83650	59440	72830	102620	89250	84040	51740	103310	70080	56100	103130	78420	54960	60750	11230	89300	16250	86602	102170	106670	47920	104551	83050	64140	61460	30830	69530	76720	16530	26980	101750	73920	117690	106840	24570	109970	114950	107930	81410	17820	81550	101492	50630	62530	27020	91730	59040	114440	101981	65780	93010	0	83550	33560	98980	96040	85320	40410	80630	16250	103320	70500	93870	18260	79090	10890	100890	84920	95570	71520	46200	92940	55980	8290	54310	58730	26430	103480	51061	46100	108810	102591	101990	111130	95550	77580	90600	54860	90840	101010	89441	26190	33460	107741	65610	63750	104852	15390	13750	
76790	20590	76450	138650	112400	80130	6660	17760	122080	72130	16100	130520	66420	100700	125940	144090	94050	163200	73020	170172	56750	61510	71260	26130	147670	147480	25910	78810	107150	110660	85050	80420	48600	126500	89930	165350	91200	130340	67740	54670	115790	100640	101190	32840	131280	129550	78600	79840	129380	65820	147700	148130	70410	83450	0	109780	114540	13450	49970	123750	116890	73020	20730	117160	95890	86220	75330	83430	99440	35080	137240	133790	102040	81070	83420	80220	114930	110350	109760	159930	34560	51090	124400	145150	163380	69870	93870	79810	89970	108330	83770	74150	30120	57950	91050	154040	21450	64670	33090	82460	93530	
34520	125600	85362	30830	52080	102862	115660	108700	19460	109860	97610	23800	109680	65880	73750	57000	25340	57000	39450	69370	109330	113220	53690	132290	53410	50560	88990	63850	52770	57750	25270	60000	131750	47550	117602	77060	19610	88230	121500	115750	60721	22500	69310	129231	27540	32990	34160	90562	26760	121650	75321	44390	99560	33810	109960	0	82650	122450	95380	34320	59600	39450	129730	48720	86942	50620	80912	29210	93962	113880	69200	42860	29630	126000	49052	41490	27320	37000	36440	73700	78941	63500	92480	75931	71570	117680	88622	72402	83672	29260	123900	107252	117180	52830	28110	81081	92020	70300	132591	28690	20950	
81690	114680	43950	93280	33660	48310	116270	99750	72230	63190	109350	79100	64590	22790	153371	139120	99290	98840	88740	141500	74400	73491	58080	137900	70220	125630	108492	122970	32450	25690	83100	121020	154972	47260	60740	69360	77270	16450	77920	81030	27730	98270	18450	143600	101490	62570	73200	40850	74760	80090	45630	116450	53170	99540	114010	81990	0	122640	68600	114940	30410	88740	127420	40020	22280	116410	40560	90110	24780	136010	37400	58560	57960	168642	44090	104280	58890	46151	115090	62840	103262	74251	10490	43080	77930	71320	27260	38230	25890	54040	172372	56600	135170	94190	67000	49370	92780	49780	145990	85260	92560	
89400	11650	83930	151430	125010	81770	8280	23390	134690	72840	26890	143130	67130	112380	136790	156651	106611	176230	85630	182733	57330	61680	83870	17930	160280	160041	36600	89660	119670	122950	97660	91270	48501	139110	90640	178000	103810	140780	66010	54620	127470	113201	112870	30120	143821	142160	91210	86180	141990	64090	160030	160671	74800	96011	13570	122390	122930	0	56310	136311	129140	85630	9260	129770	103370	97070	82810	96040	105610	41440	149530	146400	114650	83280	96030	92781	127540	122960	122331	172540	45410	63700	132780	157480	176030	70040	101350	91270	97450	120940	86850	74970	32330	70560	103660	166370	34060	76810	26680	95070	106071	
69020	46340	30050	124520	77800	31690	50030	33950	103360	26910	52180	111410	21860	62870	138630	141090	93000	138160	70630	161420	17970	22950	46160	69230	115900	141230	58030	93520	71230	73460	75390	94140	96530	91642	43900	129140	75870	84410	31370	23730	77960	96970	63360	80770	119520	101020	62490	30120	108230	30240	108450	136370	20690	85290	49210	95180	68640	56360	0	118410	79630	70630	59020	83700	49260	93550	28900	80270	52370	78820	98060	102020	75000	121070	52600	83520	87660	78870	111610	122620	59120	40910	77650	105900	130822	29460	47240	37900	43340	81060	121680	27220	77980	62260	70680	114790	38700	29400	78770	75120	88040	
54561	140090	112700	35960	84670	130522	129390	124180	49700	132360	110220	44500	132180	98250	48740	22990	30441	68380	54801	46502	131830	135720	76970	144691	76930	24040	101600	61150	85360	90340	45660	57490	137630	80140	145262	99460	43280	121230	144000	138250	93311	24531	101770	141632	22470	62150	56660	118222	48240	144150	106731	31010	122060	40680	123690	34160	115640	136180	117880	0	92190	54801	143460	81310	114602	47600	108140	44461	121622	120800	101350	71710	59970	123330	76712	46420	59910	69590	17030	96920	91201	83951	125480	107341	93080	140180	116282	100062	111332	61850	116650	130060	129581	66330	54970	112491	105750	92800	144992	45951	33061	
65760	123240	56170	67850	9520	67230	122130	106270	47680	79930	112090	53670	81180	18540	131941	115200	78850	71700	72510	115780	88090	89041	48730	141920	42860	99910	105361	104300	12030	6920	64260	102610	152811	19630	80700	49960	58430	31740	94510	94510	3190	76631	20120	146340	76390	36850	58890	57440	49040	96680	31240	91020	69760	80700	116750	59311	31060	128960	79370	92151	0	72510	134350	12810	40370	98200	51610	71270	45840	134351	20850	30930	37210	164340	34740	86080	34340	22791	93031	43440	100131	71120	39100	28690	56990	87910	45730	45200	43310	31361	162240	73510	136201	81520	47420	37580	96420	53890	148730	67060	72100	
6930	89420	72290	67030	65280	91260	78720	73510	54640	91950	60670	61840	91650	68900	69620	76570	25400	95040	0	100083	87490	92470	36560	95350	85670	77621	52050	33840	61790	69170	14950	32150	94810	66470	106330	105320	21560	99650	100890	93250	73860	30850	72030	92291	59850	65160	15660	80370	61940	99760	97120	76700	81650	16240	73020	39380	89090	85510	70640	54681	73080	0	92790	63050	83980	29290	67730	11640	90060	76940	88120	73360	38750	93220	45220	17610	53780	51280	42550	100200	42001	31420	98920	95350	103350	98980	84720	66220	79770	47410	91120	89650	80240	15890	26010	102940	55080	52390	95651	11910	22080	
96700	13980	88860	158730	130620	84450	15860	28880	141990	75520	34190	150430	69810	117870	144090	163951	113911	183530	92930	190033	60010	64360	90900	12140	167310	167341	43900	96960	125160	128440	104960	98570	45181	145700	93320	185030	111110	146120	68690	57300	132960	120501	118360	25730	151121	149190	98510	88930	149290	66770	165520	167971	77480	103311	20870	129690	128270	9280	59060	143611	134630	92930	0	136140	108070	104370	87710	103340	108290	44590	155020	153360	121910	84971	102400	100081	134570	129990	129631	179570	52710	71000	135460	162970	183060	72720	106050	96710	102150	127970	88631	77650	33420	77860	110960	171860	41360	82300	21250	102370	113371	
55910	125070	61081	56550	8420	74950	122860	108100	36530	87650	112500	42370	88900	25960	121230	103900	68660	62470	62660	104480	93001	94092	48020	142330	35400	88610	105051	93900	15460	14910	54410	92210	151531	10220	88650	49180	48580	43620	100732	99421	15070	65920	27840	146972	65090	25550	50150	65160	37740	102652	36920	79720	76521	70850	117160	48600	40350	129650	83900	81440	12740	62660	136180	0	48320	87800	56521	61420	53790	133071	26380	21520	27150	153940	34600	76230	23190	12080	82320	42660	98950	70810	50090	34370	50600	95630	53680	51091	51260	20650	151840	81230	134921	75660	37570	43060	96830	55720	149140	57210	62040	
76630	95320	25550	101790	42170	30900	96710	80390	80740	43750	95000	87610	45000	28640	148951	137171	94230	108000	83680	150010	54810	54131	50850	118480	80950	133850	96680	117910	39970	34200	78040	115960	143360	55770	43330	89670	72210	38260	58330	61440	37970	95020	23550	129060	110000	71080	68140	21260	83270	60500	67240	124960	33580	94480	95600	86261	22490	103080	49240	114491	40160	83680	108000	48530	0	111350	22850	85050	8470	121660	58070	67070	60170	158392	39030	99220	67400	54661	111491	83150	91870	64661	28930	64690	96150	51730	6230	21360	8810	61390	156792	37330	120820	86651	62290	71180	79330	36330	126650	80200	88060	
35180	105190	99730	76000	90130	118700	90490	89280	68750	119390	71640	73110	114760	95720	45440	66390	27140	106271	29240	93192	110600	115580	64000	105600	100610	71170	63020	16540	86800	94180	33830	12400	92720	91220	133770	124400	41870	127650	124000	116360	99090	32880	98890	100780	63010	80090	43100	107810	76050	122870	119281	77050	109090	17790	86150	50570	116320	97210	93750	47470	98090	29240	104490	87800	111210	0	95170	27890	117500	75890	113250	89080	63500	80940	72130	12540	71610	76030	32060	121040	52300	54950	126150	119891	119550	122090	112160	93660	107210	72160	76970	117090	85180	32450	50760	125041	70850	79830	104370	32520	31220	
60650	75100	5340	105250	50121	26960	76400	60080	83020	33100	74380	91070	33970	35140	134870	130760	82670	115460	67700	148241	37740	39840	34620	97990	88662	129451	76840	100090	43500	45730	65060	98400	122720	63912	43330	101410	65540	56650	46480	44160	50230	86640	35630	106850	105541	78540	52160	13420	87890	48400	80720	123261	20780	78880	75290	80711	40880	82770	29020	108080	51900	67700	87780	56771	22960	95130	0	69940	26330	101020	70330	75212	55730	138540	32460	83560	67320	56690	101900	94890	72030	45600	50710	78170	103092	40920	20940	9670	17040	60720	136940	29210	100180	67590	56720	87060	58710	16490	106140	64790	77710	
13090	99650	74640	56600	63890	93610	88950	83740	45530	94300	70870	51490	94120	69480	65150	66750	15580	84690	11510	89553	93770	97660	38910	105301	76560	67091	62250	39640	60590	67780	7500	35910	104620	64980	108680	100210	15630	98450	105940	100190	72470	20320	72610	102242	49320	56040	18010	82720	52830	106090	93671	66170	84000	11070	83250	28950	90040	95740	79820	44151	71690	11510	103020	61560	84930	28020	70080	0	91950	86750	86630	65030	37260	99800	47040	17080	46000	49790	34320	96850	51811	41440	99870	93860	95360	102120	86610	68570	81660	45920	97700	92000	90191	26120	24520	99431	65310	54740	105602	5550	11550	
82890	94870	28930	107170	47550	24110	100290	83770	86120	38990	98400	92990	40650	34020	156052	144272	101331	113380	89940	155390	51760	49820	55530	118550	86330	139230	100080	123790	45350	39580	85141	121210	146760	61150	36540	93500	79311	39490	53980	58300	43350	102121	28930	132440	115380	76460	74400	24640	88650	56150	69950	130340	32420	101120	99180	93362	25000	105430	52190	121592	45540	89940	108090	53910	8380	117370	26230	92151	0	125060	61540	72450	67830	163732	46181	105800	72780	60041	118592	86980	95270	68840	27750	67400	101530	47380	5860	24860	13340	67930	167462	32400	124220	90830	69391	71660	82730	39730	128090	87030	95161	
80610	52080	105060	142180	128211	113560	37820	51780	128480	105900	27790	135680	100130	122630	107920	139710	95510	169410	76840	168322	90330	94680	86471	37340	158950	144490	29010	65680	122961	128171	88870	68210	22520	138160	123980	177010	95340	152270	100080	87840	133581	102100	123120	28760	133940	137710	85470	109830	135780	98160	164071	148970	100220	84390	35290	113600	136470	41460	79780	120790	134401	76840	44600	132971	121550	75710	101070	86790	124920	0	153681	144800	110190	48610	99231	77190	125220	122720	105390	171890	35790	64621	146330	161521	175040	103040	119530	101740	115530	118850	51150	107580	12980	61290	97470	170411	43380	86600	32350	86280	96190	
80990	141780	74670	72200	29460	85100	142170	124810	54570	98430	132030	58020	99680	37180	143582	121490	90302	63350	87740	118470	106590	107541	67760	161960	34730	104260	124391	119530	32290	25590	79490	117840	171841	22010	97530	32540	73390	32550	113010	113010	20240	87562	38200	166380	80740	41500	75230	75940	53390	115180	12120	95370	88260	95930	136790	68810	38020	149000	97870	101490	20710	87740	154390	26390	58230	113430	70110	86500	61570	153381	0	30450	52230	186141	53770	101860	45100	37980	103962	26020	119161	90150	42660	9570	41110	106410	63250	63700	61170	43810	192163	92010	155231	100740	62650	18460	115450	72560	168770	82290	83952	
65980	142590	79432	42530	28260	93750	139180	125620	26740	106450	126830	28350	107353	44760	115800	89880	64640	42720	72730	88800	111352	112443	63310	158650	17050	74590	118360	102520	35270	33710	60290	98670	163480	11700	107450	36310	53250	57910	119083	117772	33550	61900	46640	159191	51070	12860	60220	83960	23720	121003	35771	65700	94872	72530	133480	42790	59150	145970	102290	71820	31030	72730	153250	21630	67120	89410	74872	66020	72590	144480	30420	0	37220	164010	51780	79920	25630	24460	78210	32460	109020	86420	66270	36381	33540	114430	72480	69442	70060	27050	161910	100030	147140	85730	47640	41531	113150	74110	162551	63710	59320	
31650	111340	60200	51570	29830	77700	107930	94370	31160	87380	92500	39870	87200	39950	95900	82620	43300	68270	38400	97540	87000	90890	32060	127400	51780	78760	84030	69640	28200	33770	30150	67950	129150	30610	92440	69460	23740	64250	99020	93420	38460	42190	43520	124861	54840	33060	25890	65400	36560	99320	61260	72560	75720	46590	102230	29410	58670	114720	75450	59940	37380	38400	122000	27190	60490	63540	55750	37160	68000	110150	52260	37330	0	129680	23850	51970	17750	15420	58590	64340	74690	53150	68500	59490	67490	95200	63460	47240	58510	11380	127580	82090	112810	51400	13310	67080	81900	47270	128221	32950	36550	
99390	94350	141890	152040	156450	154920	83020	95250	144340	149630	68230	148700	143880	154531	95380	141400	103830	182850	93270	168562	134230	139210	117521	77330	177010	147040	64380	66050	151070	159221	104880	69770	41580	157800	167710	205720	112050	193851	145540	132370	164631	110420	155081	62070	143060	155040	108120	147900	151640	143620	199072	154010	143270	92710	81590	126080	168831	83730	121680	123340	164410	93270	85170	154380	157871	81000	137330	100040	163531	48570	186491	164690	130080	0	130281	85510	144630	142610	106620	200600	64460	94801	178771	196522	203750	147490	156501	137640	152021	138740	10880	151310	52440	80940	117340	205432	81780	120910	68680	102290	106080	
37890	91770	36850	73770	29360	54350	89080	74800	52020	64681	78720	60070	64640	25520	111030	99551	56610	87140	44940	116171	64440	68330	14640	108550	65630	97381	71271	77900	24080	28510	40420	76210	117751	44090	69090	83220	34590	57450	76460	70860	33920	57400	27900	112950	73471	50750	29400	42050	56890	76760	64410	91191	52370	56120	83380	48641	44170	95870	52890	76871	34740	44940	102880	34530	39060	72370	32400	47180	46100	99291	54020	51750	23660	130020	0	60800	36320	28600	73800	76700	66041	37030	54000	61860	81340	72510	40760	23890	35810	29720	127920	58740	101141	50390	24670	70750	63050	24710	115360	42030	50440	
23630	96630	88180	67310	78740	107150	85930	80720	59480	107840	66760	63840	104540	83830	54630	66660	19100	97040	17590	92512	100380	105360	52450	101231	90600	70050	58140	24400	75250	82630	23430	20670	94180	79930	122220	114390	31560	115980	113780	106140	87420	25690	86960	98172	58500	70080	31550	96260	66780	112650	109271	73280	97540	8020	80230	41300	104390	92720	83530	46320	86540	17590	100000	76510	99280	12550	83620	17120	105950	77350	101580	79070	52210	85370	60580	0	61600	64740	32330	111030	47741	44730	114220	108810	109540	111870	100610	82110	95660	60870	83270	105540	85740	22870	39470	115031	62290	68280	101532	20970	21300	
46390	123760	71660	39510	26990	89160	120350	106790	17280	99491	107240	25330	99620	44380	98781	82680	47811	52400	53140	87860	99420	103310	44480	139820	38830	71570	98770	84380	31270	34710	40651	80691	143890	23470	103900	61600	32820	64340	111440	105840	36190	45071	47100	139601	47440	17250	40630	76860	22150	111740	54001	62680	87180	54551	114650	27160	59620	127140	87870	60000	34480	53140	134420	23250	67590	71971	67210	46331	73060	124890	45120	25690	17630	144420	36270	61941	0	15500	61471	57200	89430	67480	69450	52350	57630	107320	72950	58700	66690	7780	142320	93550	127550	66140	28050	59761	94320	59690	142961	44071	41461	
44120	119210	61020	50080	15400	78550	115800	102240	29030	88671	104860	35900	88941	30830	107840	92330	56870	60230	50870	98430	90670	94031	39930	135270	38260	82140	96500	82110	17720	21501	42620	80420	141620	17090	93290	55940	36790	51771	100671	97090	24041	54130	33891	137331	58290	23090	38360	66250	32630	102591	47740	73250	76460	59060	110100	36810	46411	122590	79120	69650	22920	50870	129870	12090	54381	76010	56460	49630	59851	122620	37980	24380	15360	142150	28610	64440	15320	0	70530	50820	87160	63040	56241	45970	53970	96600	59741	48090	55600	8860	140050	82940	125280	63870	25780	53560	89770	50940	140691	45420	50250	
46140	125800	106620	50420	86000	125590	115100	109890	53870	126280	95930	53160	126100	96070	37910	35280	20240	82840	42100	62082	125750	129640	70890	130401	85590	40560	87310	44250	84840	91220	38630	40590	121050	82720	140660	108120	39630	123750	137920	132170	94641	17330	99372	127342	37070	68350	49990	114700	56900	138070	109271	47530	115980	26390	109400	36450	116120	121890	111170	16860	93520	42100	129170	82690	111662	32060	102060	34500	118682	105260	103920	78030	58890	106430	73650	32130	61600	70920	0	105580	76911	71950	126602	109881	101740	134100	113342	97000	108392	63200	99750	123980	114550	52040	51130	115031	91460	86720	130702	37530	25580	
93050	166200	99020	64940	48990	110080	165490	149120	56320	122780	153910	53490	124030	61390	143810	115660	96070	44660	99800	104730	130940	131891	90040	186170	21860	97960	145440	131590	54880	49770	91283	129900	197181	34070	122960	8070	83803	54270	137360	137360	45670	93060	62970	186561	76210	44840	87290	100290	50380	139530	22740	87960	112610	103960	159790	73190	63450	172280	122220	97320	43300	99800	179400	42650	83220	120840	94460	96963	87000	171850	25910	32380	64290	200760	76760	111350	56282	50980	105850	0	136100	112970	65050	24780	16770	130760	88580	88050	86160	55870	201391	116360	174510	112800	74710	22760	138990	96740	189921	94350	90480	
45501	53620	76070	107021	95251	90860	38730	40390	93080	86760	19880	100571	81710	90521	91860	111611	61571	133771	41731	137463	72700	77580	53511	53840	122900	115001	11260	44730	90001	94051	53761	46340	55070	102490	103750	141340	60231	119371	85600	71430	99461	68161	91011	50781	98781	102290	50050	83840	100380	83680	129951	115631	79480	50971	34390	78491	103601	45450	60100	91271	100281	41731	52730	99070	91630	52140	71510	51631	95000	35950	119561	109380	74770	64390	66271	47741	89800	87300	77281	136220	0	31661	113431	127401	139370	85450	89610	71820	85610	83430	63790	87070	38730	26181	62050	136291	22050	56680	54141	51171	61031	
31640	64100	49980	93460	66280	68860	56820	48110	74730	66820	44270	83170	61770	61550	98130	106810	55640	115850	31540	129350	57610	62590	24540	76290	100370	107451	36850	56370	61030	65080	41030	55410	83061	79200	82300	118050	43870	90400	71010	63370	70490	60680	62040	78772	87520	82250	30960	58060	82030	69880	100980	104370	57690	46200	51120	63550	74630	63610	40760	84511	71310	31540	70890	70970	64890	54820	45420	41540	68910	64871	90590	86490	52850	94851	37300	44790	67410	63050	72520	112930	31621	0	84460	98430	116080	69100	63520	45490	59040	61030	94100	65620	66721	23530	43340	107320	30790	30000	82132	39490	51750	
91730	122040	53940	103340	43720	51280	126510	108780	82290	66160	120050	89160	67820	32850	163431	149430	109370	104090	98950	151600	78930	76990	68120	145720	75470	136181	118532	133180	42510	35750	93140	131230	165012	55040	63710	72270	87310	11980	81150	85470	36340	108330	28490	154300	111550	72630	83240	49650	84820	83320	44690	126861	59590	109750	124710	92050	10480	132600	77630	125010	39020	98950	135260	50080	28940	126620	50600	100320	27750	146552	42650	66230	68020	178682	54130	114490	68950	56211	125971	65280	113302	84291	0	43670	81460	74550	32250	48270	35930	64100	182412	59570	145870	104400	77060	44150	104170	59820	155260	95470	102620	
88220	150360	82650	78291	37440	91060	150150	132790	61081	105500	140010	64111	106750	45160	149673	127611	96393	66400	94970	124561	114570	115051	75740	169940	39050	110381	132371	126780	40270	33570	86720	125090	179821	29240	103490	31270	80620	32900	120080	120990	28220	93653	46180	174360	86831	47591	82460	83010	59481	122250	2600	101461	95330	103133	144770	75612	43710	156980	105850	107611	28690	94970	162370	34370	64700	120553	78090	93730	67530	161361	9560	36541	59460	195902	61750	109110	52330	45960	110053	24750	127141	98130	43680	0	39840	113480	69680	71680	68050	51040	198254	99080	163211	107970	69880	8940	123540	80540	176750	89520	90043	
96120	172480	107522	59120	57210	122700	168980	155310	52490	135173	156980	49480	135443	73710	139800	109570	94280	30300	102870	90370	139442	140533	93110	189750	19440	87340	148510	132160	64220	62660	89930	128310	193920	40650	136400	14390	82960	70860	147173	145862	59720	91490	75590	189631	71540	44350	90360	112910	46370	149093	39330	76920	122962	102170	163280	71560	79020	175860	130722	93120	56980	102870	183140	50580	96070	119050	102962	95660	101540	174920	41480	33580	67360	203830	81330	109560	58040	54050	101840	17270	139170	116220	81640	40350	0	143102	101430	97532	99010	58940	203771	128980	177580	115870	77780	39350	142950	103660	192991	93350	88960	
93270	59960	38890	144950	89350	24160	67910	53010	122891	10890	77190	130941	8350	71810	167470	163380	115290	155200	98940	186140	14160	8320	67240	82850	128250	163520	84410	121830	83291	81490	97680	122450	116451	103070	24530	137170	98160	86290	9750	18590	85990	119260	69490	96810	141810	118260	84780	31780	127761	11580	115830	158660	20350	111500	69860	117470	71290	69980	29430	140700	87660	98940	72640	95740	51690	121860	40940	102560	47380	102920	106090	114370	94840	147660	72331	111830	107191	96561	134530	130650	85500	69220	74550	113280	142883	0	48550	49550	45990	100591	148530	17360	97960	90570	91760	118460	65070	49340	92390	97410	110330	
77540	93300	23530	106990	47370	25270	94690	78370	85940	40150	93000	92810	41810	33840	150702	138922	95981	113200	84590	155210	52790	50980	50180	116460	86150	136752	94680	118440	45170	39400	79791	115860	141360	60970	37700	94870	73961	43080	55140	59420	43170	96771	28750	127040	112842	76280	69050	19240	88470	57310	72060	130160	31560	95770	93580	88012	27310	101060	47220	116242	45360	84590	105980	53730	6190	112020	20830	86801	5680	119660	63090	72270	63031	157171	40831	100450	72600	59861	113242	88350	89870	63440	32080	69510	101350	48540	0	19460	8020	66420	155571	33560	118820	85430	64041	75990	77330	34330	124630	81680	89811	
59140	84020	13860	96590	43951	30550	84950	68630	74360	41700	75050	82410	42570	28600	133360	122961	80020	107320	66190	139581	46660	48101	31780	104880	82492	120791	76730	98580	37330	39190	63550	96890	123390	57742	45290	94870	58000	54380	54741	53080	43690	80810	29090	109280	96881	70180	50650	18950	79230	56661	74180	114601	29380	77370	79710	72051	38610	91320	37940	100281	45360	66190	96700	50601	21530	93620	9630	68430	24950	101690	63790	69042	47070	138430	23800	82050	58660	48030	97210	88350	71920	45490	48440	71630	96922	49520	19560	0	15370	52060	136830	35480	100850	67480	48080	80520	59380	16380	111690	63280	73850	
72560	89430	19660	104380	45080	25390	90820	74500	82150	38090	89060	90200	39340	27800	145722	133942	91001	110910	79610	150562	49150	48241	45200	112320	83860	131772	90740	113460	40680	37110	74811	110880	137420	58680	40130	92580	68981	41710	52670	55780	40880	91791	25480	122970	107862	73990	64070	15600	86180	54840	70480	125582	27920	90790	89710	83032	25940	97190	43350	111262	43070	79610	102110	51440	8860	107040	16960	81821	13310	115720	60980	69980	58051	152742	35851	95470	66450	55820	108262	86060	85930	59011	35770	67930	99060	46070	8000	15490	0	59850	151142	31670	114880	81001	59061	74630	73390	30390	120560	76700	84831	
40610	117740	65640	44580	24460	83140	114330	100770	22350	93471	101460	30400	93600	38260	99860	84350	48890	57470	47360	92930	93400	97290	38460	133800	41760	76640	92990	78600	25150	30130	39110	76910	138110	21540	97880	60390	30870	60610	105420	99820	33101	46150	41690	133821	52010	22160	34850	70840	27220	105720	52190	67750	81160	55220	108630	28830	55030	121120	81850	61670	31980	47360	128400	21150	62270	72500	61190	46120	68470	119110	43190	26430	11850	138640	30250	60930	6650	9380	62550	55270	83650	61570	64860	50420	58420	101300	67340	52680	60670	0	136540	87530	121770	60360	22270	58010	88300	53670	137181	41910	42480	
97290	97810	140960	149940	154350	154350	86480	97370	142240	150700	70350	146600	144950	153601	88350	134470	101530	180750	91170	161632	135350	140480	115540	80790	174910	140110	66500	62080	148970	158291	102780	65800	45140	155700	167580	205031	109950	197241	147660	134080	163310	107270	154151	65630	136620	152940	106020	147330	149540	145740	197592	147080	142700	90510	83720	123980	172221	87190	122750	116410	162310	91170	88630	152280	156941	77030	136400	97940	166921	51210	192241	162590	127980	10740	128600	83410	142530	140510	99690	201671	64040	94480	182161	198202	203181	148560	155571	136710	151091	136640	0	150900	55900	78840	115240	203352	83900	119980	72240	100190	103980	
82860	64970	27070	131290	74730	9100	72920	57770	109060	8440	79110	117110	10750	57190	158100	152970	104880	140560	89910	174281	21860	19920	56830	87860	113630	153110	84960	119900	69551	66870	87270	119230	122851	88450	17790	122550	87750	71230	24080	28400	71370	108850	54870	103210	131400	103640	74370	17310	113930	26250	101210	148250	8560	101090	74010	106751	56670	74990	27190	130290	73040	89910	77650	81120	37070	117340	29120	92150	32320	107500	91470	99750	81770	150710	58500	105770	93360	82730	124120	116030	86050	65360	59490	98660	128830	17480	33490	35370	31370	86760	150430	0	104060	87350	81350	103400	65620	38930	97400	87000	99920	
84001	42850	104090	145521	129931	110190	31520	46600	131330	101900	26820	139071	94950	121660	117800	149100	100071	172700	80231	176193	85150	89500	88191	25320	161780	153501	30630	76050	124681	129891	92261	78580	20130	140990	119740	179840	98731	151300	94900	82660	135301	106661	122150	16210	137281	140540	88300	108860	138630	92980	165791	154131	99250	89471	30110	116991	135500	32230	78810	129771	136121	80231	33160	134691	120580	85100	100100	90131	123950	13120	155401	147630	113020	52320	100951	85610	128050	125550	114780	174720	38870	66341	145360	163241	177870	97860	118560	100770	114560	121680	55890	104030	0	64681	100300	172131	42410	85630	19800	89671	99531	
19630	74570	71920	81490	74380	90800	63870	58660	67500	88340	45120	74700	83290	75320	75440	86800	36760	107900	15860	112652	79130	84110	39550	79800	98530	90190	36500	33780	69890	77060	27890	32820	79260	79170	104240	118020	34360	108030	92530	84890	82440	43350	77960	76741	73990	78010	27790	80000	74800	91400	109820	90840	79630	26160	58170	52620	94230	70660	62280	66460	81920	15860	77940	75750	86830	32130	67360	26270	90850	61390	100820	86060	51450	80970	50360	22930	66480	63980	52480	112900	26451	23480	104060	108050	116050	90620	85460	67430	80980	60110	78870	87560	64690	0	38710	115640	40230	51940	80101	25300	36240	
19220	104470	61320	54310	40210	78820	96950	87500	35210	84250	80070	43650	84070	47450	88010	77640	33910	75410	25970	95440	83720	87610	25940	115020	62070	76650	71600	57210	37120	44100	17720	55520	116720	41300	93560	80150	11890	74580	95890	90140	48790	34700	50580	112431	52740	41460	13460	66520	42510	96040	71950	70460	73950	34160	91250	27870	67850	103740	70600	54960	48010	25970	111020	37880	62900	51110	56870	24730	69920	97720	62950	48190	13580	117250	25010	39540	28610	26110	51100	75030	62260	43780	77680	70180	78180	92070	64580	48360	59630	22240	115150	81950	100380	38970	0	77770	72610	44690	115791	20520	27740	
96350	159710	92000	83591	46790	95320	160000	142140	66381	110200	149360	69411	111860	54510	154973	132911	101693	67030	103100	127250	122970	121030	85090	179950	41220	115681	141721	134910	49620	42920	94533	133220	196243	37370	107750	29860	87053	33500	125190	129510	37570	98953	55530	184370	92131	52891	90590	89720	64781	127360	7360	106761	102040	108433	154300	80912	50110	166790	115200	112911	38040	103100	172380	43570	71150	125853	87440	100213	71790	170711	18910	41841	67590	205252	71100	115823	59532	54280	115353	22870	136491	107480	44280	9410	39050	118590	76130	81030	74760	59170	203554	103610	172561	116100	78010	0	132890	89890	186760	97650	95343	
58850	36060	62730	120710	92000	71140	27080	20150	103460	66360	16720	111900	61310	80300	111020	126150	76110	144580	55080	152002	52460	57340	50860	46550	127270	129540	20950	63890	86750	90260	67110	65500	61320	106100	83350	144950	72600	109940	65360	51190	95390	82700	80790	50950	113340	109150	59750	67500	110760	63440	126270	130190	60140	65510	21380	91840	92710	33870	39700	105810	96490	55080	41150	96760	79220	70820	58740	65490	82590	43360	115490	113390	81640	82450	63020	62280	94530	89950	91820	138930	22040	30690	104000	123720	142980	65050	77200	59410	73200	87930	84560	66670	42520	40010	72130	132610	0	44270	53360	64520	75590	
45210	70650	20880	96910	49600	40560	69540	53680	75160	41400	59500	83210	41220	37050	118900	115320	67230	109960	52260	135580	41020	44910	19180	89330	87700	115460	61180	84600	44140	47420	49620	82910	107510	65062	55780	103160	50100	65230	53040	47440	52140	71200	37540	93730	93750	72820	36720	28960	80030	53340	82630	110600	31100	63440	64160	69410	49460	76370	29160	92640	53650	52260	81760	55500	36440	79690	16320	54500	39810	86140	72240	73820	46800	121290	24400	68120	59460	50670	86470	96640	56370	29780	59290	80080	103410	49220	34420	16630	30420	52860	119690	39100	85300	51770	43700	88970	43830	0	96140	49350	62270	
99142	34000	107160	160662	144270	104120	30270	46620	146471	95190	40270	154212	89480	132570	137170	165252	115212	187841	95372	191334	79680	84030	103130	11180	176921	168642	45771	95310	139020	142530	107402	97840	28320	156131	113840	194981	113872	162210	88360	76970	147660	121802	133060	6890	152422	155681	103441	108600	153771	86440	179610	169272	97150	104612	33010	132132	146160	26390	78730	144912	148760	95372	20890	149030	126780	104320	106040	105272	128190	32490	169110	162771	128161	68110	115290	101382	143191	140691	130932	189861	54011	81482	155360	177060	193011	92390	124760	111680	120680	136821	71770	97320	19810	79822	115441	185950	53320	96540	0	104812	114672	
9060	99090	69500	57270	59750	88470	88390	83180	43740	89160	70340	50940	88980	64840	69850	69121	18290	84140	11840	91843	88630	92520	33770	105020	74770	69381	61720	42680	56260	63640	3810	39090	104480	60940	103540	98420	12270	94120	100800	95050	68330	22610	67970	101961	50610	54250	12870	77580	51040	100950	91511	67460	78860	15770	82690	28860	85400	95180	74680	46441	67550	11840	102460	57520	80290	32510	64940	5560	87270	86610	82590	63240	33220	102060	41900	20940	43840	45750	37530	94670	51671	39450	95230	89820	93570	96980	81930	63430	76980	41880	99960	86860	89910	25560	20480	97271	64750	49600	105321	0	13680	
21780	109920	82260	47860	65120	101230	99220	94010	38960	101920	80050	43320	101740	72150	62510	55691	7750	76520	22110	78413	101390	105280	46530	114481	70350	55951	71430	43980	62800	69060	13240	40130	113800	63060	116300	94000	15690	100660	113560	107810	73750	9180	75280	111422	39050	49830	25630	90340	46260	113710	89281	55420	91620	13990	93520	20780	92710	106010	87440	33011	72670	22110	113290	62480	87600	31170	77700	11770	94620	95930	83930	58820	36850	106030	49710	21380	41610	50710	25600	90640	60991	51170	102540	89891	89150	109740	89280	73060	84330	43100	103930	99620	99371	36160	27190	95041	75580	62360	114782	13170	0	

0	                                         Burntwood	0	0	32400	0

1	                                         New_Mills	586	12213	15618	1172
2	                                         Kimberley	326	24049	27961	652
3	                               Stratford-upon-Avon	382	13514	17647	764
4	                                           Enderby	187	18704	21231	374
5	                                         Rainworth	370	4238	6676	740
6	                                        Bollington	105	24149	27149	210
7	                                            Buxton	140	22673	25698	280
8	                                        Kenilworth	382	18371	20716	764
9	                                        Shirebrook	678	12658	16761	1356
10	                                         Congleton	138	22835	25352	276
11	                                           Warwick	553	5516	8615	1106
12	                                          Bolsover	409	11611	16297	818
13	                                       Mountsorrel	251	6082	10012	502
14	                                            Ludlow	217	6426	11099	434
15	                                     Great_Malvern	800	5526	8364	1600
16	                                            Dudley	425	22901	26386	850
17	                                           Banbury	374	5273	8314	748
18	                                           Cannock	131	15503	20139	262
19	                                        Cheltenham	440	8573	11584	880
20	                                      Chesterfield	450	6540	8843	900
21	                                          Staveley	250	20192	22717	500
22	                                 Burton_upon_Trent	823	16665	20762	1646
23	                                              Sale	445	5423	9733	890
24	                                          Daventry	640	5058	8557	1280
25	                                          Pershore	270	6383	9585	540
26	                                         Kidsgrove	542	22994	25513	1084
27	                                            Hadley	554	10995	14752	1108
28	                                      Kirby_Muxloe	338	23819	27943	676
29	                                         Leicester	108	25257	28971	216
30	                                          Aldridge	505	22929	26758	1010
31	                                           Telford	827	11152	14092	1654
32	                                          Frodsham	214	4698	7433	428
33	                                       Lutterworth	352	26196	28906	704
34	                                          Boughton	371	5234	7270	742
35	                                      Hardingstone	164	21996	25411	328
36	                                  Sutton_Coldfield	618	13529	16582	1236
37	                                            Oakham	392	14796	18263	784
38	                                        Killamarsh	563	5868	9240	1126
39	                                         Dronfield	797	9278	11752	1594
40	                                             Oadby	214	5618	8748	428
41	                                         Halesowen	310	17048	21817	620
42	                                            Sileby	810	12258	16118	1620
43	                                              Lymm	563	11138	15876	1126
44	                                          Alcester	143	8399	10494	286
45	                                           Brandon	818	11025	14746	1636
46	                                         Lichfield	370	13072	18016	740
47	                                  Hucknall_Torkard	584	7313	10492	1168
48	                                        Leamington	697	12992	15574	1394
49	                                          Beighton	431	9132	14123	862
50	                                          Rothwell	128	10155	14706	256
51	                                           Evesham	138	12365	16205	276
52	                                Sutton_in_Ashfield	302	16373	19601	604
53	                                     Wolverhampton	193	8160	11796	386
54	                                      Macclesfield	269	15243	17267	538
55	                                          Solihull	648	12576	15988	1296
56	                                    Melton_Mowbray	772	17683	22410	1544
57	                                           Poynton	158	14633	17319	316
58	                                           Matlock	606	22591	25179	1212
59	                                         Droitwich	280	4316	8886	560
60	                                     Wigston_Magna	646	7850	12607	1292
61	                                      Great_Wyrley	651	26013	29562	1302
62	                                         Stockport	712	12019	16911	1424
63	                                  Broughton_Astley	637	22098	26418	1274
64	                                          Cotgrave	676	10323	12880	1352
65	                                             Ryton	486	11343	15317	972
66	                                          Ilkeston	746	14639	18236	1492
67	                                           Walsall	321	2680	6274	642
68	                                           Bingham	119	14717	17837	238
69	                                          Winsford	717	11221	13528	1434
70	                                 Market_Harborough	314	13742	17022	628
71	                                             Rugby	485	15532	17713	970
72	                                        Atherstone	402	19305	22086	804
73	                                            Brymbo	776	15449	18983	1552
74	                                 Ashby_de_la_Zouch	301	18543	22717	602
75	                                           Codsall	482	25791	28785	964
76	                                          Bedworth	268	21819	25154	536
77	                                          Hinckley	352	20426	22997	704
78	                                     Kidderminster	374	21659	24870	748
79	                                       Northampton	316	16343	20926	632
80	                              Newcastle_under_Lyme	509	5683	8824	1018
81	                                         Uttoxeter	674	1964	4781	1348
82	                                         Wymondham	734	8788	13159	1468
83	                                        Desborough	276	14275	16720	552
84	                                         Towcester	123	11630	15211	246
85	                                            Clowne	136	3730	8248	272
86	                                Radcliffe_on_Trent	441	4991	8403	882
87	                                        Long_Eaton	365	23559	28367	730
88	                                    West_Bridgford	274	22699	26147	548
89	                                          Nuneaton	365	3915	8419	730
90	                                 Rhosllanerchrugog	820	12404	15791	1640
91	                               Mansfield_Woodhouse	302	5852	8286	604
92	                                         Northwich	206	8330	12312	412
93	                                          Stafford	416	8931	13821	832
94	                                           Fazeley	315	1021	5858	630
95	                                         Kettering	287	21575	25536	574
96	                                              Leek	296	7997	12968	592
97	                                             Derby	679	10371	13968	1358
98	                                        Partington	197	5767	7837	394
99	                                           Pelsall	752	22488	25201	1504
100	                                     West_Bromwich	155	6081	8757	310
