100

6350	3650

20	90

0	59930	70180	90050	93040	11460	70860	47950	88280	71260	63300	44270	95330	98220	68860	59400	93400	51370	50801	16810	82610	87520	42420	63880	11460	60850	21220	63290	66430	99300	87510	75200	20670	68060	39910	44020	42420	77210	29290	75930	44210	5510	86980	70890	35090	83741	75160	84570	99700	72670	54720	98250	96610	12330	44050	88760	65830	11220	88021	24690	31680	51210	59591	26700	69390	87330	61780	92580	58210	63020	24990	99342	98370	57870	81050	85740	82312	78750	89040	44670	82310	86820	33550	69470	85620	47550	53960	73260	71501	96770	26570	77840	37420	80280	51470	67850	90840	18940	55980	40340	73030	
59740	0	103911	53390	132220	64780	99371	29720	50840	101431	7810	45940	65410	98940	44710	39530	70170	69690	82451	75580	46560	98290	85870	72720	64780	87681	66971	27270	8300	73401	57430	64710	75330	107040	92520	53660	97990	47030	66250	34710	35310	57710	63750	130051	27130	130511	43260	91640	145571	25400	19640	74080	141731	53310	97230	109110	86980	49240	145480	70230	38370	90650	106361	85040	33370	58680	20860	38860	25550	118850	76120	142440	54670	83870	43000	115050	126660	22860	114210	100240	81970	44730	91890	88390	30370	73291	7440	44790	118271	135050	81230	106351	53440	27930	66510	31830	55990	43390	32200	39340	55030	
69750	104071	0	152471	151162	61350	13510	78040	149921	7960	111881	111920	103400	58500	90820	124670	89170	120190	22780	69040	105950	43610	108030	40000	61350	22460	89090	92870	112431	101420	105540	144990	80150	133620	90030	112830	50330	98490	98110	104410	109420	66290	90440	92570	81941	135870	99500	153920	44890	105131	111361	163640	36910	79850	91450	32110	28880	72170	50500	45800	96890	118450	113010	58120	98850	99660	93180	140731	116611	48110	86740	154010	155881	126690	142081	16290	136980	115221	26310	49230	53330	111430	60360	26310	119241	31140	99951	95890	124360	155472	83430	17370	53021	113851	120290	97430	110930	84170	121250	105550	78050	
89790	53380	152131	0	123971	96800	147591	83100	2620	149651	47720	53642	116040	152920	98090	31070	123550	63521	129701	102543	97190	152710	89781	126100	96800	134931	82943	80650	48740	124810	108060	38460	95803	100871	109463	53482	128610	97890	75022	85570	47980	89220	117130	149083	71310	139261	94120	65810	197664	76030	42830	29530	193022	81163	114883	163390	138150	84290	176874	109800	61290	86241	113971	113283	86750	109310	74240	33650	40000	149470	93063	135441	14420	77701	12120	163921	120941	67260	165771	130860	135350	93620	119963	142570	70090	120541	56730	97550	127021	126801	99703	154571	100690	72240	58891	85210	106620	71710	36930	52870	108410	
92850	131740	150900	123541	0	100630	158323	136020	124151	156380	126761	87640	186080	187152	157440	98170	184150	63350	137804	87412	170112	176312	51900	152482	100630	148332	73360	148222	129181	190050	178260	88940	76493	26910	61990	79350	106110	165790	69450	157872	97460	97790	177730	84280	116792	35900	163740	62340	161610	150992	114810	104530	163100	85440	63250	176223	153312	99880	142740	112933	97240	42780	38570	94370	154292	178080	139712	144660	109210	117640	70583	12780	138110	48070	118190	168970	15240	149671	176503	106550	171102	170172	93100	157142	155141	135653	128930	161840	37070	4770	73072	165303	129220	155031	67000	152672	179542	95490	104180	93790	161610	
11460	65160	61380	97120	100083	0	62060	52390	95350	62460	68900	53780	98980	89420	73300	66470	93250	61840	42001	16240	87050	78720	49860	55080	0	52050	29950	67730	72030	99760	91950	85670	25400	76700	42550	54480	33840	81650	39380	80370	51280	8100	87490	69620	39530	88810	79600	95040	91120	77110	61790	105320	88030	21560	46310	79960	57030	15660	80121	15890	38750	59850	65220	22340	73830	91650	66220	99650	65280	54700	30850	105202	105440	67030	88120	76940	88172	83980	80240	36090	73510	91260	29290	60670	90060	38750	59190	77700	76570	104311	30750	69040	31420	84720	61940	72290	95280	26010	63050	47410	70640	
70381	99141	13630	147541	157943	61981	0	73110	144991	7370	106951	109800	90960	44980	79750	122490	76720	120821	20620	71221	92520	30090	109061	30580	61981	12470	89671	87940	107501	87970	92450	143280	81821	135881	97541	112310	61370	87420	98741	96660	107300	66921	78000	105780	77011	144101	89990	154021	58100	97320	106431	161350	50120	80481	100550	21710	17830	70050	63710	46431	94770	119031	120511	66980	91740	87350	88250	135801	111681	61320	88411	161741	150951	127271	137151	17650	144711	108750	19500	60270	39810	98420	69280	13980	112120	26210	95021	84820	131861	162171	87011	8300	48091	106730	120380	92260	98170	82050	116441	103430	66980	
47690	29240	77830	82630	135580	52260	73130	0	80080	75350	37050	59460	49220	70650	22750	65062	47440	83210	56370	63440	36350	69540	85030	43830	52260	61180	63830	16320	37540	53340	41400	87700	67230	110600	86470	67180	84600	31100	69410	28960	50670	45190	41020	118900	22530	127560	29050	109960	119690	25700	44140	103160	115850	50100	90610	80220	58090	36720	121330	51770	46800	93750	103410	72840	22420	41220	16630	65230	49600	102310	71200	143291	83910	96910	72240	86140	126261	36440	85300	86170	53680	40560	79690	59500	39810	47210	28330	27150	115320	139310	73130	77530	29780	34420	80030	20880	44730	43700	55500	52860	29160	
87960	50820	149571	2600	124561	94970	145031	80540	0	147091	45160	52330	113480	150360	95530	29240	120990	64111	127141	103133	94630	150150	90371	123540	94970	132371	83533	78090	46180	122250	105500	39050	96393	101461	110053	54072	126780	95330	75612	83010	45960	87390	114570	149673	68750	139851	91560	66400	198254	73470	40270	31270	190462	80620	115473	160830	135590	82460	177464	107970	59460	86831	114561	113830	84190	106750	71680	32900	37440	147640	93653	136031	14420	78291	9560	161361	121531	64700	163211	129030	132790	91060	120553	140010	67530	117981	54170	94990	127611	127391	100293	152011	98130	69680	59481	82650	104060	69880	34370	51040	105850	
70780	101211	8090	149611	156282	62380	7300	75180	147061	0	109021	111100	97220	52290	86010	124040	82990	121220	21670	70710	98780	37400	109190	35560	62380	16280	90120	90010	109571	95240	98710	144830	81310	135860	93570	113610	55980	93680	99140	100410	108600	67320	84260	100240	79081	139640	95770	154420	52010	99390	108501	162890	44030	80880	95220	26650	22700	71350	58170	46830	96070	119480	116540	61650	95120	93610	90320	137871	113751	55780	87900	159590	153021	127720	139221	15060	140510	112130	21790	54880	47120	104680	63890	20130	115500	28280	97091	91080	127890	160510	86500	10790	50161	110110	121320	94570	104430	83350	118511	104730	73240	
63270	7760	111671	47800	127360	69040	107131	37480	45250	109191	0	44330	72040	106700	52470	33240	77930	64960	90211	79110	53190	106050	84700	80480	69040	95441	70280	35030	5290	80810	64060	58420	78860	102310	95900	50140	102160	53890	65820	41570	30910	61970	71510	133360	32490	133520	50120	85350	153331	32030	14590	67900	149491	56840	100610	116870	94740	54240	150110	75370	39710	87350	108960	88570	41130	65310	28620	33540	19260	123020	79500	137710	49350	79140	37410	122810	122350	28250	121970	104410	89730	51360	95980	96150	33720	81051	14080	52550	120870	130190	84760	114111	61200	33610	60620	39590	62620	46920	25910	37870	62790	
44491	46320	111330	54001	87860	53140	109370	59690	52350	110760	44380	0	107320	123760	81150	23470	105840	25330	89430	54551	89100	120350	46040	94320	53140	98770	34951	67210	47100	111740	99491	38830	47811	62680	61471	9300	84380	87180	27160	76860	15500	45560	99420	98781	38840	94920	84251	52400	142320	69990	31270	61600	139230	32820	66181	127270	102820	40630	128862	66140	17630	47440	70770	65291	73280	99620	58700	64340	26990	103861	45071	98080	62310	39510	45120	124890	82720	67590	127550	85651	106790	89160	71971	107240	73060	84380	43510	84700	82680	90690	51711	116350	67480	72950	22150	71660	98530	28050	23250	7780	87870	
95750	65330	103390	115830	186140	98940	90970	49340	113280	97330	71810	107191	0	59960	27590	103070	18590	130941	85500	111500	19160	67910	133090	65070	98940	84410	111890	40940	69490	11580	10890	128250	115290	158660	134530	114911	121830	20350	117470	31780	96561	93250	14160	167470	70590	178140	25110	155200	148530	40810	83291	137170	142220	98160	138670	87170	77640	84780	151470	90570	94840	141810	151470	116310	37750	8350	49550	86290	89350	138240	119260	194291	107760	144950	106090	102920	176381	51690	97960	123390	53010	24160	121860	77190	47380	81330	66451	25240	163380	189870	121190	95220	69220	48550	127761	38890	13940	91760	95740	100591	29430	
97860	98970	58350	153360	186612	89460	44720	71210	150810	52090	106780	123480	60010	0	59120	134610	44110	145250	53390	99890	66740	16990	137750	36100	89460	44580	118010	75000	107270	53580	62810	156150	110490	164570	126210	131200	97640	64770	125630	76220	118900	94400	47300	144770	86880	172770	69360	174340	97430	83860	114070	173200	89440	105950	129960	31800	39000	93100	108430	74390	110820	147720	149180	99690	75010	57100	84000	131720	119530	103240	117080	190410	153940	155260	141970	52020	173380	95360	42910	98710	17790	71740	105050	34870	94960	53630	98260	64190	160530	190840	115680	45490	64040	93340	144050	76150	67920	104150	125050	116880	46350	
69290	44800	90490	98190	157250	73860	78690	22880	95640	85050	52610	81040	27450	59070	0	81382	26130	104790	70620	85040	14890	62760	106630	51420	73860	70760	85430	18640	53100	32030	20090	106132	88830	132200	108070	88760	102520	8990	91010	17680	72250	66790	19710	140920	44130	149160	10670	131540	133840	25860	60970	118880	129690	71700	112210	79990	64830	58320	136780	71260	68380	115350	125010	94440	17450	19300	27640	72510	67591	121730	92800	164891	94730	118490	87800	91550	147861	37360	90710	104080	46680	20370	101290	64910	39970	62790	44130	5500	136920	160980	94730	82940	49270	35340	101610	18590	22550	65300	74241	74440	12990	
58790	41810	124280	34510	99410	65800	122030	66590	32740	123710	35710	23160	105380	135210	84161	0	109621	37300	102090	73990	86530	131910	63420	105880	65800	111430	55720	66721	37590	112852	97400	29000	68720	74650	82290	25320	97040	86721	46870	74910	16980	58220	103201	119880	49800	111070	83460	56100	154980	65370	26220	44110	151890	51450	87000	140220	115480	53290	144990	78800	30290	60020	87720	84090	72821	98650	61291	49510	19210	117900	65980	110050	42700	51480	25510	137840	94690	58070	140500	99290	118240	84700	90940	119900	63540	97040	43141	84241	98830	102240	72620	129300	79150	63430	32670	71281	95960	40710	12580	21870	94481	
93530	70100	89090	123490	183920	93220	76650	47230	120940	83030	77910	105390	18580	44130	26010	106682	0	129140	71410	107880	29930	52760	130870	51140	93220	70300	109670	43940	78400	12540	24730	131432	113070	156440	132300	113110	113310	27960	115250	39940	96600	91030	8900	160860	68370	175920	32720	156060	133970	50170	86270	144180	127070	95940	136450	72020	63340	82560	136910	84850	92730	139590	149250	110590	42790	19020	52940	96420	92891	123680	117040	192071	118530	142840	113100	87770	174161	61050	82810	114870	37860	34930	116140	62890	58150	68670	69430	30070	161160	187650	118970	80850	63500	59030	125960	43930	29840	89540	99541	98790	23710	
51950	68800	121160	62481	63650	62290	120930	82760	63091	122240	63821	24700	130170	144790	104220	36760	128910	0	100990	56700	112060	135680	27380	111480	62290	110330	35210	90030	66241	134810	122241	32880	47960	38470	53120	16390	86740	110030	24220	99820	34520	56230	122490	90900	61910	74890	107001	33390	146790	92660	51870	55410	143700	41160	58300	138830	114380	52940	131101	75670	39020	23840	51540	67490	96130	122511	81660	82410	46490	105270	43130	73870	74320	15300	57130	136450	58510	86731	139110	87990	127890	112120	73510	118800	92201	95940	65990	107550	62650	66480	49970	127910	82690	92091	4020	94590	121490	43190	41460	30850	110940	
50131	82711	22720	129951	137463	41731	20550	56680	127401	21820	90521	89800	85450	53620	70920	102490	71430	100571	0	50971	85380	38730	88811	22050	41731	11260	69421	71510	91011	83680	86760	122900	61571	115631	77281	92310	44730	79480	78491	83840	87300	46671	72700	91860	60581	123851	79200	133771	63790	80890	90001	141340	58950	60231	81041	38450	16480	50050	66730	26181	74770	98781	100261	47840	77610	81710	71820	119371	95251	52750	68161	141261	133361	107021	119561	35950	124231	91630	38730	46290	40390	90860	52140	19880	95000	9620	78591	75810	111611	141691	66761	27530	31661	89610	100380	76070	92510	62050	99070	83430	60100	
16900	75050	69520	101981	86602	16250	71261	63750	102591	70820	78420	54310	111130	99950	84660	73920	107930	56100	51061	0	98410	89250	39110	65610	16250	61460	22530	79090	81550	114440	103310	83050	11230	65780	26430	51860	30830	93010	33560	91730	58730	20320	102170	54960	50890	72990	90960	89300	90840	88470	69530	106840	87750	24570	30180	89161	66440	27020	75191	26190	46200	50630	49400	11580	85190	103130	77580	109970	72830	50190	17820	90400	112890	59440	95570	84920	73370	93870	89441	32080	84040	102620	18260	70080	100890	48910	69080	89060	60750	90830	16090	78241	46100	95550	59040	83650	106640	33460	70500	54860	85320	
82880	46520	105700	97020	170091	87450	91440	36260	94470	97800	53000	89170	19200	66690	14930	84260	30120	112920	84600	98630	0	74100	120220	64170	87450	83510	99020	24930	50680	27970	11220	109440	102420	145111	121660	96890	117830	6570	102561	13120	78540	80380	23580	155640	57720	165270	8990	136370	148360	22000	65361	118360	143820	85290	125800	92170	77580	71910	151190	85280	77580	127391	138600	108030	21740	12470	31180	68250	70540	135970	106390	180271	89810	127100	87280	107610	162941	32880	104310	119390	58020	6580	114880	77660	29430	77030	48521	11380	150510	173821	108320	95690	63290	30600	109740	22880	9780	78590	76930	82570	25740	
87090	98280	43580	153190	175842	78690	29950	70120	150640	37320	106090	120600	67860	17020	62790	132170	52660	136190	38620	89120	74120	0	126980	27120	78690	29810	107240	76520	106580	62250	70660	153340	99720	153800	115430	126980	82870	70390	115450	79890	116020	83630	55150	130000	84000	162000	73030	169290	86260	85580	112820	171020	78270	96870	119190	20950	24700	84270	93660	63620	107710	136950	138410	86090	76500	64950	84980	134490	118070	88470	106310	179640	154470	144320	142690	37840	162610	97080	31740	83940	17100	79590	90280	20100	100630	41490	97020	67860	149760	180070	104910	30950	56760	95060	135050	77640	75770	96720	122830	114000	50020	
41990	85880	107200	89041	52400	48940	108021	85160	89651	108280	84600	46040	132540	136750	106070	63320	130610	26840	87821	38630	119820	126050	0	102410	48940	98260	21800	99132	88030	136510	124720	59270	28210	27420	27100	39140	67310	114420	21220	108782	55720	46930	124190	64880	67702	53180	112370	56730	126720	101892	71490	81800	125630	35130	32280	125921	103240	49020	107850	62990	49080	12460	29030	49420	105202	124540	90622	106960	70650	82750	22870	61630	103380	24750	83690	122760	43610	105162	126201	67750	120840	121082	53070	106880	112182	85710	80372	110470	40940	56130	28830	115001	77910	106842	30580	103582	128050	46330	66910	47980	110240	
63480	72490	40680	126270	152002	55080	30500	44270	123720	35710	80300	94530	65050	36060	52470	106100	51190	111900	22040	65510	65240	27080	103370	0	55080	20950	83630	58740	80790	63440	66360	127270	76110	130190	91820	102250	63890	60140	91840	67500	89950	60020	52460	111020	57930	138390	62710	144580	84560	68480	86750	144950	77010	72600	95580	37440	15310	59750	87500	40010	81640	113340	114800	65310	62210	61310	59410	109940	92000	74310	82700	155800	128620	120710	115490	43360	138770	79220	42520	65450	20150	71140	70820	16720	82590	19250	71170	57540	126150	156230	81300	34750	30690	77200	110760	62730	72110	72130	96760	87930	39700	
11460	65160	61380	97120	100083	0	62060	52390	95350	62460	68900	53780	98980	89420	73300	66470	93250	61840	42001	16240	87050	78720	49860	55080	0	52050	29950	67730	72030	99760	91950	85670	25400	76700	42550	54480	33840	81650	39380	80370	51280	8100	87490	69620	39530	88810	79600	95040	91120	77110	61790	105320	88030	21560	46310	79960	57030	15660	80121	15890	38750	59850	65220	22340	73830	91650	66220	99650	65280	54700	30850	105202	105440	67030	88120	76940	88172	83980	80240	36090	73510	91260	29290	60670	90060	38750	59190	77700	76570	104311	30750	69040	31420	84720	61940	72290	95280	26010	63050	47410	70640	
60610	87481	22470	134721	148212	52210	12600	61450	132171	16430	95291	99030	84420	44820	71840	111720	70400	110750	11500	61720	84610	29930	99580	21020	52210	0	80190	76280	95781	82650	85730	132130	72320	126400	88040	101540	55750	79510	88970	85630	96530	57150	71670	102880	65351	134600	80990	143430	66940	85660	94771	150570	58960	70710	91790	30420	8690	59280	71990	36660	84000	109550	111010	58670	80340	80680	76590	124141	100021	62950	78910	152010	138131	117790	124331	28850	134980	96400	30700	57310	37340	90510	63160	10290	99770	14550	83361	76910	122360	152440	77510	19500	36431	94380	109610	80840	91480	71280	104781	92660	59070	
21470	67572	89030	82841	73600	29830	89851	64640	83451	90110	70760	35170	112020	117970	85550	56170	110090	34890	69651	22630	99300	107270	22110	83630	29830	80090	0	79980	74102	115990	104200	63010	14160	48620	27360	31820	52670	93900	12350	90012	44490	26410	103670	64670	47950	64420	91850	68090	112720	83122	59220	86660	109630	14930	32070	107751	85070	28500	97031	44440	32480	31770	40270	33420	86080	104020	71852	95270	59570	71470	11300	80151	94680	39660	77490	104590	63121	86392	108031	53920	102060	102312	39440	88710	93412	67300	61602	89950	52180	77330	18060	96831	57840	88072	37830	84540	107530	26640	56260	36770	89720	
63130	27330	93490	80720	148241	67700	88160	16490	78170	91010	35140	67320	40920	75100	18700	63912	44160	91070	72030	78880	24920	76400	99491	58710	67700	76840	79270	0	35630	48400	33100	88662	82670	123261	101900	75040	100090	20780	80711	13420	56690	60630	37740	134870	34660	143000	17940	115460	136940	11460	43500	101410	133100	65540	106050	93340	72970	52160	138580	67590	55730	105541	118850	88280	6880	33970	9670	56650	50121	118130	86640	158421	78870	105250	70330	101020	141091	22960	100180	101990	60080	26960	95130	74380	26330	62870	26660	18300	130760	151971	88570	92410	45600	20940	87890	5340	34350	56720	56771	60720	29020	
66520	8520	112431	48620	129430	72290	107891	38240	46070	109951	5170	46820	69600	107460	53230	35310	78690	67030	90971	82360	50750	106810	88010	81240	72290	96201	73720	35790	0	78370	61620	60490	82110	104380	99340	52210	105790	51450	69130	39130	34081	65220	72270	136831	35000	137050	47680	87420	154091	29590	18310	69410	150251	60090	104081	117630	95500	57110	153740	78100	43310	89420	112490	91820	40980	62870	29380	30690	21590	126650	82900	139780	46500	81210	38230	123570	124420	23040	122730	108040	90490	48920	99230	96910	28510	81811	15310	50670	124400	132260	88010	114871	61960	28400	62690	40350	60180	50170	27980	41180	63550	
99380	73431	101290	124600	189770	99580	87840	53080	122050	95210	80580	111240	11580	53850	31860	110013	12490	134990	83610	114240	27930	62510	136720	63340	99580	82500	115520	48950	78260	0	21410	134763	118920	162290	138160	118960	122470	28900	121100	40370	102450	96880	14350	168110	74220	181770	33660	161910	146240	49580	89601	145940	138260	101790	142300	82500	75540	88410	149370	91210	98580	145440	155100	116950	45760	15700	56991	95060	96222	136140	122890	197921	116530	148690	114860	98250	180011	60460	93290	124030	49050	32930	122500	75090	56150	80860	72761	31350	167010	193500	124820	91330	69860	57320	131810	46900	23260	95390	102872	104640	30070	
87910	57270	105350	107770	178300	92480	92280	41500	105220	98640	63750	99131	10880	62770	20040	95010	24830	122881	85620	103660	11100	70720	125250	65190	92480	84530	104050	33100	61430	21400	0	120190	107450	150820	126690	106851	120480	12510	109630	23720	88501	85410	17540	160670	62750	170300	17270	147140	150490	32750	75231	129110	144440	90320	130830	89980	78600	76940	153430	88150	87000	133970	143630	113060	29910	7070	41710	77900	81290	138620	111420	186451	99370	137061	98030	105790	168541	43630	101860	122040	55570	15770	119440	78500	38990	79680	58391	17400	155540	182030	113350	96530	66800	40160	119701	31050	6170	83920	87680	92531	26760	
74960	64480	145360	38500	89150	85300	143210	87770	39110	144890	58380	39230	128050	156390	105572	25320	131032	33310	123050	83360	109200	153090	59570	127060	85300	132390	62470	88132	60260	134263	120070	0	75470	68370	85310	31790	113350	108132	52860	97580	38160	79170	124612	123270	70980	106150	105103	30440	174540	88040	48890	24280	171450	64150	90490	161400	136440	74470	158891	98680	51470	56030	82970	94100	94232	120613	82702	66520	41880	133890	72730	100580	51230	44760	34700	159020	87530	80740	161680	114600	139420	107370	100240	141080	86210	118000	64552	105652	94080	91110	79370	150480	100330	86100	30200	92692	118630	61890	35250	42340	115892	
20640	75640	80090	95641	76193	25610	81721	67460	96251	81280	79010	47970	114840	110410	88370	69110	112910	47490	61521	11320	102120	99710	28830	76070	25610	71920	14160	82800	82140	118810	107020	75950	0	54770	20150	44760	41360	96720	25290	95440	57290	25750	106490	56890	54600	64320	94670	79651	101330	91190	69470	99740	98320	22550	24290	99621	76900	30730	83990	36650	43520	40200	40730	22110	88900	106840	79920	107330	71790	58360	6810	81312	107480	49380	90290	95490	64282	94460	99901	41810	94500	106330	27130	80540	101480	59370	69670	92770	52080	80421	6810	88701	55460	96140	50770	87360	110350	34050	69060	49570	92540	
68130	107010	133290	100731	27290	75910	134991	111300	101341	135250	102031	62910	158680	163860	132210	75010	156750	38610	114791	65600	145392	153020	27180	129380	75910	125230	48640	123502	104451	162650	150860	68510	54560	0	47500	54620	91150	140560	44730	133152	72730	73070	150330	73290	92072	41330	138510	49430	147120	126262	90080	88650	148610	60720	48760	152891	130210	75160	128250	89960	72520	18060	26250	75310	129572	150680	114992	121850	84730	103150	48650	37470	115070	24070	95380	148690	22110	124941	153171	91590	147810	145452	76910	133850	130411	112680	104200	136610	35780	31020	52670	141971	104500	130301	42270	127952	154190	70770	79710	69060	136380	
39900	92720	89860	109271	62082	42100	97111	86720	109881	93300	96070	61600	134100	125800	107630	82720	132170	53160	76911	26390	121380	115100	27030	91460	42100	87310	27770	102060	99372	138070	126280	85590	20240	47530	0	58270	44250	115980	36450	114700	70920	45010	125750	37910	72400	47080	113930	82840	99750	108270	84840	108120	101240	39630	5310	115011	92290	49990	80880	52040	58890	37070	23930	33330	108160	126100	97000	123750	86000	55780	17330	64930	121110	50420	103920	105260	47900	111662	114550	44690	109890	125590	32060	95930	118682	74760	86750	112030	35280	66392	14390	103550	71950	113342	56900	106620	129610	51130	82690	63200	111170	
44360	54520	113570	53421	79720	54700	112600	67890	54031	113990	49681	9830	115520	131960	89350	25770	114040	17190	92660	52760	97300	127350	39240	102520	54700	102000	31870	75410	52101	119940	107691	32240	44870	54540	58340	0	82750	95380	22730	85060	20380	48640	107620	95750	47040	90490	92451	45580	142340	78190	37730	55890	139250	33550	63050	130500	106050	44210	127231	68080	24610	39650	66340	63500	81480	107820	66900	69730	32380	102230	42130	89940	64610	31370	47420	128120	74580	72591	130780	84000	114990	97360	69640	110470	78061	87610	51710	92900	78250	82550	48770	119580	74050	77951	13880	79860	106730	31630	28640	15980	96070	
42350	98070	50460	128310	106212	33670	61090	84450	126540	55780	101810	84060	121830	97740	102510	97540	113120	86230	44660	30240	118000	82850	67030	63800	33670	55380	52660	99790	105140	122610	120580	113060	41360	91260	44270	81870	0	111070	63690	113170	82350	40960	110340	48550	72390	89110	110790	119430	62250	109910	92860	136510	61030	52450	44690	81880	60600	48520	47261	33790	69820	77220	68060	19320	105890	114500	98280	133710	96350	21840	47090	109060	136630	89570	119310	65860	92030	117460	76080	3230	82230	123480	16360	64000	123670	46630	92050	107400	79410	110522	41070	66030	56290	118330	89170	104350	125660	57080	94120	78480	93490	
77470	46650	98260	97420	165430	82040	86460	31060	94870	92820	53400	87240	20330	64620	9130	83882	28050	110990	79060	93220	6670	70400	114810	59190	82040	78530	93610	20780	51080	28880	12510	108632	97010	140380	116240	94960	110960	0	99190	12170	76610	74970	21420	149210	52310	157340	4950	135430	142280	22400	63470	118760	138130	79880	120390	87760	72600	66500	145220	79480	75650	123530	133190	102620	17590	13380	29390	68650	70091	130020	100980	173071	90870	125170	87680	99320	156041	33280	98480	112520	54320	12150	109470	72680	32610	71230	46630	5580	145100	169160	102910	90710	57490	31260	107810	18730	14250	73480	76741	80640	20760	
29110	66430	98320	75321	69370	39450	99000	70300	75931	99400	65880	27320	117680	125600	91210	47550	115750	23800	78941	33810	102802	115660	21410	92020	39450	88990	12320	80912	69310	121650	109860	53410	25340	44390	36440	22830	63850	99560	0	90562	37000	33390	109330	73750	49482	69240	97510	57000	123900	83672	52770	77060	120810	19610	41150	116900	93970	34160	108211	52830	29630	27540	45090	44600	86982	109680	72402	88230	52080	82650	22500	79550	86390	30830	69200	113880	62200	86942	117180	65100	108700	102862	50620	97610	93962	75690	61870	95610	57000	73100	29240	105980	63500	88622	26760	85362	112232	28110	48720	29260	95380	
75710	34580	104570	85350	157841	80280	96110	28890	82800	100590	41330	76920	31610	76490	17860	72590	40310	100670	83540	91460	12760	80180	109091	67410	80280	85620	89921	13390	39010	40380	23630	97770	95250	132861	114490	84640	113210	12450	90311	0	66290	73210	33680	148470	46570	153461	8680	124700	147040	10330	53330	106690	142890	76260	118630	97410	81670	64740	149870	80090	65330	115141	129311	100860	10200	24880	18970	56580	58870	130910	99070	168021	78800	114850	75610	109740	150691	21210	108900	114770	64100	14020	107710	82330	24580	75230	36490	13440	141221	161571	101150	100360	58100	19190	97490	11340	22190	66340	65260	70320	30410	
43860	35230	109060	47740	98430	50870	107100	50940	45970	108490	30830	15320	96600	119210	72400	17090	97090	35900	87160	59060	78490	115800	55690	89770	50870	96500	44010	56460	33891	102591	88671	38260	56870	73250	70530	21080	82110	76460	36810	66250	0	43290	90670	107840	33620	104570	73431	60230	140050	59090	17720	55940	136960	36790	75240	125000	100440	38360	130060	63870	15360	58290	80420	69160	62560	88941	48090	51771	15400	102970	54130	108650	54350	50080	37980	122620	93290	54381	125280	84360	102240	78550	76010	104860	59851	82110	32420	73980	92330	101260	60770	114080	63040	59741	32630	61020	87920	25780	12090	8860	79120	
5510	58200	66570	89420	97980	8170	67250	45430	87650	67650	61940	46080	92810	94610	66340	58770	90880	55690	47191	20250	80090	83910	47360	60270	8170	57240	26160	60770	65070	96780	84990	79170	25780	73000	45020	48330	41130	74690	33610	73410	43580	0	84460	74330	32570	88851	72640	88890	98410	70150	54090	97620	95320	15350	49160	85150	62220	8700	87411	21080	31050	56150	64701	29610	66870	84810	59260	91950	57580	61990	30100	104452	97610	62810	80420	82130	87422	77020	85430	43380	78700	84300	36460	65860	83100	43940	52230	70740	76611	101710	31680	74230	32580	77760	55790	65330	88320	18310	55350	39710	69350	
86620	63190	90300	116580	177010	87100	77880	40320	114030	84240	71000	98480	14160	47360	19100	99772	9030	122230	72620	101760	23020	55310	123960	52350	87100	71510	102760	37030	71490	14360	17600	124522	106160	149530	125390	106200	109990	21050	108340	33030	89690	84120	0	155640	61460	169010	25810	148980	135180	43260	79360	137270	128780	89030	129540	74570	64550	75650	138120	78730	85820	132680	142340	104470	35880	11890	46030	89510	85981	124890	110130	185161	111620	135930	106190	90320	167251	54140	85360	111550	40310	28020	110020	64100	51240	68770	62520	23160	154250	180740	112060	82130	57380	52120	119050	37020	22710	82630	92631	91880	17590	
70430	130542	93560	148851	84670	69420	106690	119250	149461	101140	133770	98980	166860	144840	140290	120310	161130	90790	91760	54410	155090	129950	64660	110900	69420	102480	64800	134720	137072	167640	159990	125660	56790	73120	37770	95400	48590	148640	73480	148410	108300	73850	155370	0	104610	51510	146590	120690	88320	145150	122540	148190	92140	76660	32530	124980	107700	80550	69450	75480	95920	71130	46950	50080	140820	158760	133210	162630	123870	45880	54360	75460	160690	84620	143500	108960	70290	149362	117610	49000	129330	159300	45300	111100	156382	93730	124572	144690	50690	88980	50940	110240	97980	151042	94530	139280	163320	87580	120560	100580	138270	
34660	27170	81851	71390	116821	39230	77311	22790	68840	79371	32450	38930	70660	87310	44190	49720	68730	62680	60391	50410	57860	83900	68071	57870	39230	65621	47850	34380	34830	74630	62840	70970	54200	91841	72400	46650	72190	52540	49291	46650	33650	32160	62310	104490	0	111450	50490	89750	121420	39950	30630	88650	118330	33190	77110	94260	68840	23690	117280	43510	26270	74121	87300	59810	40480	62660	28540	64380	35460	93050	56000	127001	74800	75680	61000	93641	109671	45990	95491	74440	70340	59000	66660	73260	51180	51231	21200	48590	99210	120551	60100	84291	31380	45840	59500	38940	66170	23270	40160	32330	49680	
83421	131002	135900	139261	36230	88290	143301	127900	139871	139340	133450	95010	175280	172130	148810	111520	173350	75120	123101	72580	162560	161290	53110	137650	88290	133500	64540	143240	137532	179250	167460	106630	64270	41370	46460	90520	89150	157160	69260	153442	104690	88531	166930	51530	111400	0	155110	88300	137850	146552	121510	129050	141670	78380	44550	161201	138480	91760	118980	98230	95070	52130	25170	79370	149340	167280	135282	157380	120820	95410	59631	28660	153570	62500	133880	151300	22050	149822	160590	89590	156080	165742	77000	142120	156842	120950	124912	153210	14260	40540	59470	149590	118140	151502	78780	147800	170790	90070	116220	96950	152980	
75440	42830	99790	93600	163400	80010	88930	29030	91050	95290	49580	83761	25100	69310	10680	80273	32820	107511	79040	91190	9000	73000	112780	61660	80010	81000	91580	17950	47260	33650	17280	105023	94980	138350	114220	91481	110940	4960	97152	8350	73131	72940	26190	147180	50280	155310	0	131821	142260	18580	59861	114940	138110	77850	118360	90230	75070	64470	145200	79460	72171	121500	131160	100590	14760	18150	26560	64830	66482	130000	98950	171041	87050	121691	83860	101790	154011	29460	100950	112500	56920	13210	107440	75150	31490	71210	43021	5780	143070	167130	100880	93180	57470	27440	104331	15900	18430	71450	73132	77161	23230	
84700	91490	154250	66170	61960	95040	154370	110070	66780	154990	85220	52520	155270	174790	131530	52540	156320	33870	134430	89450	136420	169640	56960	144920	95040	143770	67960	114810	87480	161702	147021	30410	79191	49400	81950	45080	119490	134810	56970	124800	60080	88980	149800	116720	89780	88200	131781	0	180590	115270	74420	44110	177500	74600	87120	172560	147820	86380	163190	108420	68290	46280	71850	100240	120910	147291	107220	95250	67380	137820	74301	74100	78930	33050	63430	169810	67100	107960	172840	120740	157730	134590	105801	152240	113430	129380	91030	132330	82960	63000	81141	161570	116130	113320	34850	119370	145850	75310	62350	58720	138250	
99850	145791	44420	197592	161632	91170	57550	119980	198202	51660	153601	142530	148560	97810	134140	155700	134080	146600	64040	90510	148870	86480	126570	83900	91170	66500	113030	136400	154151	145740	150700	174910	101530	147080	99690	142240	62080	142700	123980	147330	140510	98460	135350	88350	121900	137860	142420	180750	0	146851	148970	205031	8980	109950	99160	66840	72920	106020	20180	78840	127980	136620	123480	79590	141770	144950	136710	197241	154350	45540	107270	161810	205872	149940	192241	51210	147450	156941	55900	60090	97370	154350	77030	70350	166921	72540	141671	139030	134470	165942	101250	57810	94480	155571	149540	140960	156090	115240	152280	136640	122750	
72190	25580	105131	76080	150891	76760	97850	25550	73530	100070	32060	69970	40860	83920	25950	63320	50570	93720	81090	87940	22010	85310	102141	68550	76760	85900	82971	11450	29740	49630	32880	88500	91330	125911	108520	77690	109770	22710	83361	10390	59340	69690	43940	144950	39760	146511	18940	115430	146791	0	44940	97420	142951	69310	113230	102250	82810	61220	148431	76650	58380	108191	122361	97340	12980	34130	11390	47310	49600	127470	92120	161071	69530	107900	66340	110880	143741	11940	110040	111330	68990	20180	104190	84220	15310	71930	28220	22670	134271	154621	97230	102250	54660	9920	90540	14150	31440	59390	55990	63370	37840	
54820	19230	111231	43380	116130	61830	106691	43990	40830	108751	14120	31470	83140	113340	60440	24280	85900	53600	89771	70020	65481	112230	71840	86520	61830	95001	58520	43000	17980	89131	75211	49460	69260	90950	84620	38780	93070	63000	52960	53210	18050	54250	79480	122080	30610	121650	59971	74940	149160	44350	0	62100	146070	47750	89330	122910	98220	48000	141020	69950	27910	75990	96570	80120	49100	75481	37570	38880	7730	113930	68220	126350	46790	67780	32990	123021	110990	39520	124871	95320	96370	63680	86970	102190	44990	80611	18370	60520	108480	118960	73990	113671	60760	44880	50210	47560	74911	36950	15870	25010	70760	
97580	73590	163080	29980	104110	104590	160830	103140	31180	162510	67790	61111	137160	172600	118300	40470	143760	55810	140890	107180	118310	170700	82070	144670	104590	150230	86020	100860	69370	145930	129180	24180	99290	89060	108170	55340	136380	119010	76410	106690	55770	97010	137340	146130	88590	129480	115240	44040	204611	97150	61280	0	199970	87700	113350	179020	154270	92080	183821	117590	69080	78530	106590	117920	106960	130430	94450	61510	55390	157240	96280	116250	42280	67260	32310	176640	108220	89620	179300	138420	155520	116480	124060	158700	93400	135830	76410	118230	117980	105150	103190	168100	117940	94980	52700	105420	127740	79500	49050	60660	128620	
96760	141271	36850	193622	163372	88080	49980	115460	191072	43950	149081	139440	142040	90190	129260	152610	126920	143510	59010	87520	143990	78670	125990	76330	88080	58930	109940	131880	149631	138170	144180	171820	98640	148820	101430	139150	60860	137820	120890	142450	137420	95370	128780	91950	118810	141460	137540	177660	8790	142331	145880	200130	0	106860	100900	59220	65350	102930	24800	75750	124890	137230	125220	76600	136890	138430	132190	188401	151260	47130	105230	165410	197032	146850	181041	43120	149190	152421	48280	58870	89800	149470	75810	62780	156441	67470	137151	134150	136210	167682	100030	49720	89351	151051	146450	136440	149570	112150	149190	133550	116230	
12320	53380	80270	80701	85480	21550	80950	50730	80570	81350	56750	32860	98110	106030	71640	51690	96180	41740	60891	25180	85390	96830	35480	72720	21550	70940	14690	66070	59880	102080	90290	64330	22300	60500	39490	33140	52510	79990	19680	75820	37060	15340	89760	76800	33060	78290	77940	74420	109790	68930	47860	87980	106700	0	44200	98850	75300	14590	97661	34780	23740	43650	54140	35920	72170	90110	57660	85530	51160	72660	23090	94021	90530	49590	73340	95830	76991	72200	99130	54550	89130	88120	42600	79560	79220	56860	47410	76040	66050	89210	28200	87930	43930	73880	40600	70620	93620	11790	48830	31060	75810	
43920	97220	91510	115851	63202	45740	100260	90740	116461	94950	100570	66100	138120	129440	111650	87220	136190	58260	80551	30030	125400	118740	32130	95100	45740	90950	32270	106080	103872	142090	130300	90690	24260	48760	5240	62770	44680	120000	40950	118720	75420	49030	129770	32600	76900	44560	117950	87330	99290	112770	89340	113220	100780	44130	0	118651	95930	54010	80420	55680	63390	41420	24970	35750	112180	130120	101500	128580	90500	55320	21830	66050	127690	54910	110500	106910	49020	116162	116200	45120	113530	129610	32530	99570	123182	78400	91250	116050	35310	67512	18410	105200	75590	117842	62000	110640	133630	55630	87190	67700	114810	
88281	108930	31930	163780	175843	79881	21670	80710	161230	26730	116740	127700	87200	31870	80920	140640	72000	138721	38520	89121	92340	20860	126961	37490	79881	30280	107571	93510	117230	82320	90000	161430	99721	153781	115431	130210	81580	88590	116641	98020	125200	84821	74490	123820	94370	162001	91160	172350	66640	102570	123190	179490	58650	98381	119191	0	28620	87950	80760	64331	112670	136931	138411	85990	93490	84290	95850	146380	128440	79360	106311	179641	165060	145171	153280	22130	162611	114250	11820	80480	35940	98310	90040	23630	117620	44110	107610	85990	149761	180071	104911	17040	65991	112230	138280	94630	95110	99950	133200	121330	68150	
65210	86820	28910	138200	152812	56810	17800	58600	135650	22870	94630	102940	77620	38890	65880	115630	63390	114660	16660	66320	78650	24740	104180	15380	56810	8610	84790	73070	95120	75640	79110	136040	76920	131000	92640	105450	60910	73550	93570	81830	100440	61750	64660	108040	68830	139200	76120	147340	73380	82810	98250	154480	65400	75170	96390	28460	0	63190	78730	41260	87910	114150	115610	63830	76540	74010	73740	124270	103500	68930	83510	156610	141610	122390	127810	32220	139580	93550	31380	62470	30020	84550	68320	6150	96920	18460	85500	70950	126960	157040	82110	22870	39830	91530	113520	77060	84830	75190	108260	96570	53110	
11290	49810	71930	84340	100020	15860	69970	37040	82570	71360	54730	41000	84420	93170	57950	53690	82490	53500	50030	27040	71700	84290	49470	59860	15860	59370	28270	52380	57470	88390	76600	74660	30830	75040	50070	44070	48820	66300	34220	65020	38500	8790	76070	81120	24180	92000	64250	86180	106100	61760	47980	92540	103010	14540	54210	87870	63420	0	96770	27780	25970	58190	67850	36440	58480	76420	50870	85840	51470	69680	35150	107731	92530	63920	75340	85490	90701	68630	88150	51070	76210	75910	43290	67840	74710	44980	43840	62350	79760	103750	36730	76950	31030	69370	52360	56940	79930	13430	50270	34630	62120	
88201	144331	50900	176882	142782	79851	64030	122310	177492	58480	148071	128971	151750	109020	137330	143801	137270	130891	67230	74901	152060	94130	107720	87840	79851	72470	97270	138730	151401	149770	153890	159201	84010	128230	80840	126531	47161	145890	108351	150520	128611	87141	138540	69500	118400	119010	145610	163800	20080	149181	139121	184321	24880	97761	80310	80740	79130	94781	0	73990	116081	117770	104630	63981	144830	148140	139040	195281	142611	26690	89200	142960	188722	131110	171531	63450	128600	159271	69800	44941	103850	157540	60070	76830	163291	74700	138311	142220	115620	147092	83320	67040	92740	157901	133831	143290	159280	103341	140381	124741	125940	
24260	70300	45830	109820	112652	15860	46510	51940	108050	46910	75320	66480	90620	74570	71170	79170	84890	74700	26451	26160	85530	63870	64020	40230	15860	36500	44410	67360	77960	91400	88340	98530	36760	90840	52480	67340	33780	79630	52620	80000	63980	20800	79130	75440	43460	99040	79140	107900	78870	76740	69890	118020	75780	34360	56230	64410	41480	27790	73990	0	51450	73990	75450	26610	73460	83290	67430	108030	74380	51380	43350	116450	117930	81490	100820	61390	99420	86830	64690	35340	58660	90800	32130	45120	90850	23900	64330	75950	86800	116880	41950	53490	23480	85460	74800	71920	93190	38710	75750	60110	62280	
31390	38520	96590	61260	97540	38400	94630	47270	59490	96020	39950	17750	95200	111340	68730	30610	93420	39870	74690	46590	77640	107930	49370	81900	38400	84030	32070	55750	43520	99320	87380	51780	43300	72560	58590	24340	69640	75720	29410	65400	15420	30820	87000	95900	26420	94860	72771	68270	127580	58510	28200	69460	124490	23740	63300	112530	88080	25890	117590	51400	0	54840	70710	56690	61820	87200	47240	64250	29830	90500	42190	107720	69450	51570	52260	110150	90400	60490	112810	71890	94370	77700	63540	92500	68000	69640	33960	73130	82620	101270	48030	101610	53150	63460	36560	60200	87070	13310	27190	11380	75450	
51510	90710	118380	85931	43080	60210	119201	94680	86541	119460	86861	47270	142060	147930	115590	60210	140130	23730	99001	50650	127712	137230	12650	113590	60210	109440	32020	105822	89281	146030	134240	56160	40150	18100	36990	39450	77230	123940	28110	115472	57560	56450	133710	71040	74392	51800	121890	46810	136610	108582	74910	78690	137480	44100	41710	137101	114420	58540	117740	74170	54840	0	28450	61390	111892	134060	97312	105860	69560	92640	34240	53260	98970	14390	80580	133940	37900	109771	137381	77670	132020	127772	62990	118060	115241	96890	86890	119990	39560	46810	38750	126181	87880	113532	27470	110272	137142	53090	64910	52740	119760	
59091	106552	112730	113461	38472	64970	119981	103570	114071	116170	109020	70680	150950	148810	124480	87710	149030	51310	99781	49260	138230	137970	28780	114330	64970	110180	40210	118910	112540	154920	143130	83340	40610	26170	23820	66190	67940	132830	44930	128992	80360	64201	142600	47180	87070	24660	130780	71710	123440	122102	96130	106190	124930	54050	25080	137881	115160	67430	104570	74910	70740	28320	0	56200	125010	142950	110832	132000	95440	79470	35301	41320	127770	39210	108080	128130	24290	125372	137420	68380	132760	141292	54930	118800	132392	97630	100582	128880	12420	42782	35810	126420	94721	127052	54970	123470	146460	65740	92080	72620	128650	
26680	85140	58190	112611	94402	22310	66940	72960	113221	61630	88510	64940	116340	99670	93870	84550	110610	67110	47830	11120	107620	86210	50120	65330	22310	58410	33540	88300	91640	117120	112520	93940	22240	75700	33280	62750	19680	102220	44570	100940	69360	29440	104850	50190	60100	79840	100170	100310	79510	97680	79930	117730	76420	35200	35770	85930	63630	36230	63841	26930	56830	61640	56250	0	94400	109010	86790	120780	83420	38840	28830	97250	123700	70450	106380	73590	80220	103960	82880	20730	83760	111830	7350	67030	110630	48630	79170	98270	67600	98712	25510	71880	49200	105290	70050	92860	115850	44090	81130	65490	88000	
68740	38450	96770	91840	156700	73310	89340	21370	89290	93070	46260	78390	37720	72550	15880	75032	41340	102140	76020	84490	21720	73940	106080	59890	73310	78100	84880	11930	45840	44400	29900	99782	88280	131650	107520	86110	105400	17580	90460	14540	67760	66240	34920	140480	42930	148610	14740	126580	139240	17820	54620	112530	135090	71150	111660	90880	74150	57770	142180	72570	65930	114800	124460	93890	0	30750	20540	64470	61241	123110	92250	164341	86690	116040	81450	102200	147311	29320	101360	106970	57620	25930	100740	75560	32690	67710	37780	14300	136370	160430	94180	93590	50580	27300	98960	9880	31150	64750	67891	71790	26470	
87750	58590	99340	109090	178140	91600	87330	41340	106540	93690	65070	99331	8350	57070	19430	95843	19130	123081	80700	103500	12420	65020	125090	60270	91600	79610	103890	33980	62750	15700	7230	120593	107290	150660	126530	107051	114490	13390	109470	24860	88701	85250	11840	159490	62590	170140	18150	147391	144890	34070	75431	130430	138840	90160	130670	84280	73680	76780	147830	83230	86840	133810	143470	108970	30790	0	42590	79550	82052	133700	111260	186291	101020	136950	99350	100030	168381	44950	95070	116050	49870	17420	114520	73550	40640	74760	58591	17180	155380	181870	113190	91580	61880	41810	119901	31930	12340	83760	88702	92731	21840	
61620	20790	93380	74180	139581	66190	88680	16380	71630	90900	28600	58660	49520	84020	27620	57742	53080	82410	71920	77370	31030	84950	90831	59380	66190	76730	71661	9630	29090	56661	41700	82492	80020	114601	97210	66380	98580	29380	72051	18950	48030	59120	46660	133360	28450	135201	26540	107320	136830	11500	37330	94870	132990	58000	101920	95770	73640	50650	138470	67480	47070	96881	111051	86770	15480	42570	0	54380	43951	118020	80810	149761	75460	96590	63790	101690	132431	21530	100850	100830	68630	30550	93620	75050	24950	62760	20120	26900	122961	143311	85920	93080	45490	19560	79230	13860	40460	48080	50601	52060	37940	
92930	39100	140512	33900	144830	99940	135972	65570	32880	138032	33510	63970	86280	131240	72520	46690	96840	83360	119052	108780	68210	133290	107160	109920	99940	124282	95040	56370	30730	95050	77890	66390	107370	121730	122870	69360	132820	68980	88270	56660	51951	92150	90210	161431	64400	158870	65210	95010	196942	47120	38730	61480	187772	85650	127580	146520	124390	85790	193892	107870	64430	106080	132000	119870	59550	79550	54040	0	38740	153680	105710	156300	22660	97540	32540	152302	141800	38090	151620	135070	115560	63010	126720	125800	39480	109892	45890	69240	145650	147660	112930	142952	90041	43070	78730	59760	76150	74640	43650	60320	84410	
58120	25520	116481	39580	109930	65130	111941	49890	37030	114001	19250	27320	89480	119240	67041	16910	92501	47530	95021	73320	70630	118060	71040	92030	65130	100251	59580	49601	21690	95732	81500	42090	71470	84880	86100	32710	96370	69601	52380	59010	15860	57550	86081	124290	35480	121300	66572	67920	154310	49470	7350	55580	151220	51050	90810	128420	103470	51510	144320	74480	29830	69920	95990	83420	55701	82082	44171	38930	0	117230	69700	120280	42990	61710	29190	128271	104920	42180	130121	98620	102270	68800	90270	107700	47650	85861	25590	67121	107900	112760	76200	118921	66010	47540	43190	54161	80060	40040	8480	24430	77361	
62560	118330	48390	148570	117292	53930	61520	102080	146800	55970	122070	103330	138240	103170	121310	117800	123760	104590	52870	49260	136570	88280	82230	74380	53930	62640	71080	117500	125400	136260	139150	133560	57830	102740	55350	100890	21240	129770	82110	130500	102610	61220	125030	45870	92650	95380	129280	138260	45670	127240	113120	156770	46590	72120	54820	79810	68750	68780	26800	51120	90080	92280	79140	38340	123600	133430	117570	153970	116610	0	63570	119330	156890	105620	139570	63790	103110	137330	72170	19020	92720	141300	33890	69580	141350	59250	112310	126090	90130	121602	57550	65070	73620	135960	108190	122060	144230	77340	114380	98740	112420	
25310	76990	87210	93541	70263	31690	88841	72130	94151	88400	80340	45870	119510	117530	93040	66990	117580	43140	68641	18440	106790	106830	22950	83190	31690	79040	12040	87470	83490	123480	111690	73830	7330	48840	16950	42640	47360	101390	22990	99430	55190	30420	111160	54260	56670	59781	99340	74561	107320	92540	69110	97620	105440	23900	21660	106741	84020	35400	89690	43770	43160	34270	35631	29230	93570	111510	81270	106850	70270	64350	0	75382	105380	44290	88190	102610	58352	95810	107021	47800	101620	111000	33120	87660	102830	66490	71020	97440	47541	74491	7700	95821	60940	97490	47160	92030	115020	35400	66960	47470	97210	
98932	142120	153650	135411	12860	105412	161091	143531	136021	159130	137141	98020	194901	189920	165681	110000	192971	73720	140701	90180	180492	179080	61370	155250	105412	151100	80171	158602	139561	198871	187081	100770	81052	37290	64740	89730	108860	174031	79830	168252	107840	104042	185802	75300	127031	28660	171981	74320	161620	161362	125190	116510	165440	94011	66000	178991	156080	107391	142750	115830	107620	53160	41320	97120	164672	186152	150092	156530	119840	119180	75142	0	149980	59900	130060	171720	17990	160051	179271	109300	173870	180552	95850	159910	165521	138550	139310	170081	34410	15710	76730	168071	134562	165411	77380	163052	189922	105701	114820	104170	169851	
98120	54900	155531	14780	135980	105130	150991	84620	14770	153051	49310	62060	107760	153470	94750	38970	118680	74980	133101	113340	89690	154890	101790	128970	105130	138331	94402	78600	46530	116530	99370	51510	107262	112880	120922	64220	136940	91210	85770	78890	54420	97420	112140	160542	74710	151270	87440	78920	205592	69350	46230	42360	196422	90350	126342	165570	141550	92190	188822	117750	69190	98250	125980	123990	81780	101030	75760	22670	43400	157800	104522	147450	0	89160	19410	167321	132950	60320	169171	139190	136870	84490	130840	144850	60960	123941	60130	91470	139030	138810	111162	157971	104090	65300	70350	81990	97630	79610	43350	60770	106640	
57520	83740	126450	77461	48400	66770	127271	97450	78071	127530	78761	39640	145110	154910	118910	51740	143600	15340	107071	58860	127000	144210	24740	120570	66770	117510	39420	104970	81181	149500	137181	44980	48440	24030	49730	31350	88900	124970	30500	114760	49460	62460	137180	84230	75702	62590	121941	33030	148950	107600	66810	67510	145860	49210	54900	145171	122490	63760	130480	81380	51640	14060	39410	69650	111070	137380	96600	97390	61460	105380	43550	59830	89300	0	72110	142010	45280	101671	145451	89730	138300	127060	75050	126130	107141	104240	80930	122490	50520	51230	50390	134251	93100	107031	19000	109530	136430	54330	56440	45790	124570	
80730	42840	141591	12120	118470	87740	137051	72560	9570	139111	37180	45100	106410	141780	87550	22010	113010	58020	119161	95930	87560	142170	84280	115450	87740	124391	77442	70110	38200	115180	98430	34730	90302	95370	103962	47260	119530	88260	68810	75940	37980	80160	106590	143582	60770	133730	84490	63350	192163	66400	32290	32540	180701	73390	109382	152850	127610	75230	171373	100740	52230	80740	108440	106580	76210	99680	63700	32550	29460	140390	87562	129940	19390	72200	0	153381	115410	58230	155231	121780	124810	85100	113430	132030	61570	110001	46190	87480	121490	121300	94202	144031	90150	63250	53390	74670	96990	62650	26390	43810	97870	
85240	114820	16250	164071	168322	76840	17870	86600	161521	15020	122630	125220	103040	52080	92550	138160	87840	135680	35790	84390	107590	37820	123390	43380	76840	29010	104580	101070	123120	98160	105900	158950	95510	148970	105390	127730	65680	100220	113600	109830	122720	81780	90330	107920	93541	151220	102790	169410	51150	110810	122961	177010	43170	95340	106800	23170	32220	85470	63490	61290	110190	133940	128360	73470	104540	100130	101740	152270	128211	63460	102100	171170	167481	142180	153681	0	154140	121550	12980	64580	51780	113560	75710	27790	124920	42740	111551	97620	139710	172632	98780	10400	64621	119530	135780	105060	111290	97470	132971	118850	79780	
82132	126730	136710	120481	15430	88612	144151	126731	121091	140150	121751	82630	176381	172980	147641	94730	174451	58330	123761	73240	163442	162140	43450	138310	88612	134160	63371	141552	124171	180351	168561	87590	64252	21900	47800	74340	91920	157161	62680	151202	92450	87242	168031	70090	110122	22040	155111	67180	147420	144312	109800	107730	148910	77211	49060	162051	139140	90591	128550	98890	91080	37770	24380	80180	147622	168381	133042	141600	104450	103450	58342	18080	134790	45160	115100	154780	0	144661	162331	92360	156930	163502	78910	142970	150131	121610	122792	153211	22880	19740	59790	151131	117762	149262	61990	146002	171891	88750	99430	88780	151811	
78640	22860	115132	67240	150010	83680	108780	36330	64690	112510	28640	67400	51730	95320	37350	55770	61440	87610	91870	94480	32880	96710	105041	79330	83680	96680	85871	22850	23550	60500	43750	80950	94230	124960	111491	72790	117910	33580	86261	21260	54661	76610	54810	148951	46030	149411	29810	108000	156792	11720	39970	89670	152952	72210	116201	113850	93590	68140	158432	86651	60170	110000	125261	103940	24380	45000	21360	38260	42170	137471	95020	160360	60480	101790	58070	121660	145000	0	120820	120160	80390	30900	111350	95000	8470	82710	27920	34070	137171	152840	100130	113030	64661	6230	83270	25550	42310	62290	48530	61390	49240	
88631	113850	26400	165791	176193	80231	19570	85630	163241	21790	121660	128050	97860	42850	91580	140990	82660	139071	38870	89471	104220	31520	127311	42410	80231	30630	107921	100100	122150	92980	101900	161780	100071	154131	114780	130560	76050	99250	116991	108860	125550	85171	85150	117800	95261	160850	101820	172700	55890	109840	124681	179840	47900	98731	116430	11880	31250	88300	70010	64681	113020	137281	137750	82860	103570	94950	100770	151300	129931	72980	106661	179991	169201	145521	155401	13120	162961	120580	0	74950	46600	110190	85100	26820	123950	44460	112530	96650	149100	180421	105261	12100	66341	118560	138630	104090	107010	100300	134691	121680	78810	
44600	100320	49060	130560	106902	35920	60040	86310	128790	54730	104060	85480	123390	98840	104070	99790	114680	87650	46220	31660	119560	83950	67720	65360	35920	56940	54080	101730	107390	124170	122140	114480	42040	91950	44960	83290	3230	112630	65110	114730	84600	43210	111900	49240	74640	89800	112350	120850	60110	111470	95110	138270	58890	54520	45380	80480	62160	50770	45060	35350	72070	77910	68750	20740	107830	116060	100530	135960	98600	19640	47780	109750	138880	90900	121560	64460	92720	119710	74680	0	83790	125040	17540	65250	125580	48190	94300	108960	80100	111212	41760	64980	57850	120190	90590	106290	127220	59330	96370	80730	95050	
81900	81890	53300	135280	170652	73500	39690	54130	132730	47060	89700	106400	53050	17740	46750	117530	37850	128400	40410	83930	58080	17090	121790	20140	73500	37270	102050	60130	90190	49100	55760	139070	94530	148610	110250	114120	82310	54350	108780	63850	101820	78440	40340	129440	69800	156810	56990	157220	97770	69190	96990	155970	89790	89100	114000	35800	30000	76190	103380	58430	93740	131760	133220	83730	60110	50050	68590	115840	102450	92680	101120	174450	136560	138690	124890	51550	157420	80690	46590	83870	0	64050	89240	28090	84060	37670	81180	51820	144570	174880	99720	43940	48020	78670	126970	61250	60870	87070	107970	99800	33980	
87000	44570	111350	93510	169881	91570	97200	40380	90960	103560	51050	88960	24200	71690	20390	82310	35120	112710	90320	102750	6590	79640	121131	69930	91570	89270	101961	26950	48730	32970	15810	107490	106550	144901	125780	96680	123290	12030	102351	14400	78330	84500	28580	159760	58750	165501	13110	134420	153820	20050	63930	116410	149580	88300	129920	98220	83340	76030	156650	90740	77370	127181	141351	112150	23760	17470	30380	63050	68590	141430	110510	180061	84520	126890	85100	113440	162731	30930	110360	124850	64070	0	119000	83420	24140	82490	47640	16700	153261	173611	112440	101450	68750	25310	109530	24900	14070	78380	74980	82360	31500	
33550	92010	60490	119281	93192	29240	69240	79830	119891	63930	95720	71610	122090	105190	100740	91220	116360	73110	52300	17790	114490	90490	52820	70850	29240	63020	39540	95170	98890	122870	119390	100610	27140	77050	32060	69420	16540	109090	50570	107810	76030	36310	110600	45440	66970	76960	107040	106271	76970	104550	86800	124400	75750	41870	32540	90040	68240	43100	60090	32450	63500	63010	55040	7340	101270	114760	93660	127650	90130	34460	32880	96040	130570	76000	113250	75890	79010	111210	85180	17450	89280	118700	0	71640	117500	54050	86040	105140	66390	97502	26860	74180	54950	112160	76050	99730	122720	50760	87800	72160	93750	
69230	88230	26280	142670	157062	60830	13890	60010	140120	20220	96040	107380	77170	35060	65970	120070	62940	119100	20070	70340	78730	20170	108200	16790	60830	10340	88810	74480	96530	75190	78660	140860	80940	135020	96650	109890	64320	73630	97590	82870	104880	65770	64210	111450	73300	143220	76200	151780	70750	84220	102490	158920	62770	79330	100410	23470	6140	67630	76360	45280	92350	118170	119630	67290	77950	73560	75150	125680	107740	69920	87530	160860	144360	126410	132280	27780	143830	94960	26940	65390	28100	84630	71730	0	98330	22900	86910	71030	130980	161290	86130	18960	44300	92940	117960	78470	84380	79630	112500	101010	53190	
85370	30270	119621	69950	155390	89940	112180	39730	67400	115910	34020	72780	47380	94870	39840	61150	58300	92990	95270	101120	29310	100290	112142	82730	89940	100080	92972	26230	28930	56150	38990	86330	101331	130340	118592	78170	123790	32420	93362	24640	60041	82870	51760	156052	51570	156512	31350	113380	167462	15100	45350	93500	157441	79311	123302	117230	96990	74400	162921	90830	67830	115380	132362	110520	27760	40650	24860	39490	47550	141960	102121	165740	60960	107170	61540	125060	150380	8380	124220	125820	83770	24110	117370	98400	0	86110	35730	34940	144272	158220	107231	116430	68840	5860	88650	28930	37250	69391	53910	67930	52190	
47200	74041	30800	121281	135352	38800	26260	48010	118731	28320	81851	84750	81390	53670	63120	97440	68800	96470	9410	48860	77590	41750	86720	19330	38800	14570	67330	62840	82341	81050	80160	117850	59460	113540	75180	87260	46700	71680	75560	75480	82250	43740	69100	93830	51911	121740	71400	129150	72300	72220	81331	136290	67130	56980	78930	44160	18660	45000	74170	23730	69720	96690	98150	48660	68940	75110	63150	110701	86581	59140	66050	139150	124691	104430	110891	42590	122120	82960	44440	48260	37760	83060	53980	23080	86330	0	69921	68010	109500	139580	64650	33240	22991	80940	95330	67400	85240	57000	91341	78380	54100	
53640	7520	99891	56840	128791	58680	95351	28690	54290	97411	14070	42850	66790	98040	44090	40262	69550	66600	78431	69480	48910	96930	80041	71220	58680	83661	60871	26650	15180	72781	58861	65012	69230	103811	86420	50570	91890	46650	61261	36860	32220	51610	63130	123951	21030	124411	43621	91180	141551	27890	18750	76680	137711	47210	91130	107610	85480	43140	138440	64130	33570	86091	100261	78940	32750	59131	20240	45740	25620	112750	70020	138971	60250	80780	46450	111681	121641	27980	112690	94140	81070	47590	85790	86890	35890	69271	0	44170	112171	131960	75130	102331	49420	32840	63420	31210	58340	37290	32910	36250	54410	
73540	44730	95560	97540	161500	78110	83760	27130	94990	90120	52540	84670	25210	64140	5510	81312	30130	108420	75690	89290	11990	67830	110880	56490	78110	75830	89680	18210	50600	30710	18030	106062	93080	136450	112310	92390	107590	6210	95260	13110	74040	71040	23500	145280	48380	153410	5780	132860	138910	22580	60900	118280	134760	75950	116460	85060	69900	62570	141850	76200	72630	119600	129260	98690	15020	17060	26820	69230	67521	126740	97050	169141	91450	122600	87200	96620	152111	34080	95780	109150	51750	16800	105540	69980	35080	67860	44060	0	141170	165230	98980	88010	54210	32060	105240	16160	19770	69550	74171	78070	18060	
71191	118652	124160	127031	37250	76400	131411	115670	127641	127600	121120	82780	163050	160240	136580	99290	161120	62890	111211	60690	150330	149400	40880	125760	76400	121610	52310	131010	124770	167020	155230	94920	52040	36010	35250	78290	79370	144930	57030	141092	92460	76301	154700	50690	99170	14340	142880	83290	134620	134202	108230	118410	136110	66150	35330	149311	126590	79530	115750	86340	82840	39900	12940	67630	137110	155050	122932	144100	107540	90650	47401	34580	141340	50790	121650	139560	22870	137472	148850	79810	144190	153392	66360	130230	144492	109060	112682	140980	0	41560	47240	137850	106250	139152	66550	135570	158560	77840	103990	84720	140750	
96910	134800	155370	126591	4840	104690	162621	140080	127201	160850	129821	90700	190140	191450	161500	101220	188210	66400	142192	91710	174172	180610	55960	156780	104690	152630	77420	152282	132241	194110	182320	91030	80881	30970	66460	82410	110580	169850	73510	161932	100520	101850	181790	88750	120852	40370	167800	62910	166080	155042	117870	105100	167570	89500	67720	180521	157610	103940	147210	117321	101300	46840	43040	98840	158352	182140	143772	147710	112260	122110	74971	15890	139910	51120	121240	173440	19710	152731	180801	111020	175400	174232	97570	161440	158201	140041	131990	165900	41540	0	77370	169601	133280	158091	70060	156732	183602	99550	107230	96850	165670	
26330	81330	83220	99411	72292	30880	86851	73150	100021	86410	84700	51740	120530	115540	94060	72860	118600	50090	66651	16260	107810	104840	28830	81200	30880	77050	17910	88490	87830	124500	112710	79700	6790	53060	14750	48510	41080	102410	29040	101130	61060	31440	112180	51500	60290	59590	100360	81511	101040	96880	74100	103490	99820	28240	18900	104751	82030	36420	83390	41780	48150	39020	36000	25240	94590	112530	85610	113250	76140	58070	7600	77000	111250	51240	94060	98620	59970	100150	105031	41520	99630	112020	26840	85670	107170	64500	75360	98460	47350	76520	0	93831	60730	101830	54110	93050	116040	39740	72830	53340	98230	
77511	106220	17240	154671	165073	69111	8370	78000	152121	10790	114030	116930	95160	45520	83950	129870	80870	127951	27750	78351	96720	30940	116191	34780	69111	19510	96801	92470	114520	91190	96650	150660	88951	143011	103780	119440	66190	91620	105871	100860	114430	74051	82200	109130	84141	149850	94190	161151	57760	102210	113561	168730	49780	87611	105430	16960	22850	77180	66700	53561	101900	126161	126750	71860	95940	91550	93140	142931	118811	64670	95541	168871	158081	134401	144281	10250	151841	112950	12100	65090	44010	102620	74100	18960	116320	33340	102151	89020	138100	169301	94141	0	55221	110930	127510	96460	102370	89180	123571	110560	71180	
37400	53740	53081	100980	129350	31540	48541	30000	98430	50601	61550	67410	69100	64100	49230	79200	63370	83170	31621	46200	63590	56820	78800	30790	31540	36850	57600	45420	62040	69880	66820	100370	55640	104370	72520	73650	56370	57690	63550	58060	63050	32510	57610	98130	31610	119050	57200	115850	94100	54800	61030	118050	89411	43870	76270	66441	39850	30960	92470	23530	52850	87520	95281	49270	51520	61770	45490	90400	66280	73970	60680	135032	104390	93460	90590	64871	118002	64890	66721	57930	48110	68860	54820	44270	68910	22461	49620	54010	106810	133080	60990	55521	0	63520	82030	49980	71250	43340	70970	61030	40760	
80020	27890	113911	72060	155210	84590	106780	34330	69510	110510	33840	72600	48540	93300	35330	60970	59420	92810	89870	95770	30470	94690	106792	77330	84590	94680	87622	20830	28750	57310	40150	86150	95981	130160	113242	77990	118440	31560	88012	19240	59861	77520	52790	150702	46220	151162	27790	113200	155571	9700	45170	94870	151731	73961	117952	111830	91590	69050	157211	85430	63031	112842	127012	105170	22360	41810	19460	43080	47370	136250	96771	165560	65290	106990	63090	119660	148392	6190	118820	120110	78370	25270	112020	93000	5680	80710	32810	32050	138922	158040	101881	111030	63440	0	88470	23530	38410	64041	53730	66420	47220	
51380	66700	120590	58731	67430	61720	120340	80160	59341	121670	60580	22120	127790	144200	101620	33010	126310	4900	100400	59230	109570	135090	31160	110890	61720	109740	37740	87680	62850	132210	119961	30310	50760	42250	56900	13690	89270	107650	26700	97330	32420	55660	119890	94680	59310	78670	104721	34840	149320	90460	49770	52840	146230	40570	62080	138240	113790	52350	133631	75100	36430	27620	55320	70020	93750	120090	79170	78660	42740	108630	46910	77650	70570	19080	53380	135860	62290	83340	138520	90520	127260	109630	76040	118210	88810	95350	63890	105170	66430	70260	53750	127320	82100	88700	0	92130	119000	42600	37710	28250	108340	
67610	31810	97970	85200	152671	72180	92100	20970	82650	95490	39620	71750	38900	75800	18730	68392	44190	95500	76510	83360	22900	77190	103921	62650	72180	80860	83750	5290	40110	46380	31080	93142	87150	127691	106390	79470	104570	18760	85141	11400	61120	65110	37770	139350	39140	147480	15920	119940	141420	14440	47980	105890	137580	70020	110530	94130	76910	56640	143060	72070	60160	109971	123330	92760	4860	31950	13900	60050	54601	122610	91120	162851	82270	109680	74810	104960	145521	25940	104120	106470	60870	24940	99610	78320	29310	67350	31140	16280	135240	156401	93050	96350	50080	23920	92320	0	32330	61170	61251	65150	29720	
91050	55770	110670	106270	179341	95620	98030	44640	103720	104390	62250	98420	13940	67880	22710	93510	29940	122170	91370	106800	9600	75830	128390	70940	95620	90280	107190	34180	59930	23250	6170	118690	110590	153960	129820	106140	125610	14270	111811	22370	87790	88550	22650	163810	65890	173440	18240	145640	155810	31250	74611	127610	149760	93460	133970	95090	84350	80080	158750	93060	86830	136641	146770	116200	30990	12330	40430	76160	79790	143750	114560	189521	97630	136350	96530	111110	171681	42130	106970	127170	60680	14030	123050	84250	37250	84810	57771	19160	158680	183071	116490	102280	71070	38420	118990	32130	0	87060	86180	91820	32510	
18960	44080	84160	71950	95440	25970	82200	44690	70180	83590	47450	28610	92070	104470	65600	41300	90140	43650	62260	34160	78760	96950	46650	72610	25970	71600	26340	56870	50580	96040	84250	62070	33910	70460	51100	31480	57210	73950	27870	66520	26110	18390	83720	88010	23760	89880	71900	75410	115150	59630	37120	80150	112060	11890	55810	100100	75650	13460	105160	38970	13580	52740	65730	44260	62940	84070	48360	74580	40210	78070	34700	105611	80140	54310	62950	97720	88290	62900	100380	59460	87500	78820	51110	80070	69920	57210	38110	70000	77640	99170	39810	89180	43780	64580	42510	61320	87580	0	37880	22240	70600	
55650	32060	121140	36920	104480	62660	116741	55720	34370	118801	25960	23190	95630	125070	73961	10220	99421	42370	98950	70850	76780	122860	66910	96830	62660	105051	55800	56521	27840	102652	87650	35400	68660	79720	82320	28580	93900	76521	48600	65160	12080	55080	93001	121230	40280	116140	73492	62470	151840	55620	15460	49180	148750	48580	87030	133220	108270	50150	141850	75660	27150	65090	92210	80950	62621	88900	51091	43620	8420	114760	65920	115120	43570	56550	26380	133071	99760	48320	134921	96150	108100	74950	87800	112500	53790	90661	32830	74041	103900	107310	72560	123721	70810	53680	37740	61081	86210	37570	0	20650	83900	
40350	40300	105550	52190	92930	47360	103590	53670	50420	104980	38260	6650	101300	117740	75130	21540	99820	30400	83650	55220	83080	114330	47710	88300	47360	92990	36030	61190	41690	105720	93471	41760	48890	67750	62550	14370	78600	81160	28830	70840	9380	39780	93400	99860	32820	96590	78231	57470	136540	63970	25150	60390	133450	30870	67260	121490	97040	34850	126550	60360	11850	52010	72440	65650	67260	93600	52680	60610	24460	99460	46150	103150	60380	44580	43190	119110	87790	62270	121770	80850	100770	83140	72500	101460	68470	78600	37490	78680	84350	95760	52790	110570	61570	67340	27220	65640	92510	22270	21150	0	81850	
73460	55060	77760	108450	161420	70630	65960	29400	105900	72320	62870	87660	29460	46340	13020	91642	23730	111410	59120	85290	25790	50030	110800	38700	70630	58030	89600	28900	63360	30240	26910	115900	93000	136370	111610	95380	93520	20690	95180	30120	78870	69290	17970	138630	49510	153330	23260	138160	121680	37760	71230	129140	115630	75870	115360	67260	52100	62490	124620	62260	75000	119520	129180	88000	28910	21860	37900	84410	77800	111390	96970	169061	106630	124520	98060	78820	152031	49260	77980	95080	33950	31690	93550	52180	52370	53790	54390	18090	141090	165150	98900	70210	40910	47240	108230	30050	32660	70680	83700	81060	0	

0	                                        Brownhills	0	0	32400	0

1	                                      Loughborough	654	24345	27750	1308
2	                                          Nantwich	764	9266	13178	1528
3	                                          Rothwell	234	12689	16822	468
4	                                        Cheltenham	764	9889	12416	1528
5	                                      Great_Wyrley	632	24252	26690	1264
6	                                          Sandbach	661	22846	25846	1322
7	                                             Derby	609	6495	9520	1218
8	                                        Desborough	673	18502	20847	1346
9	                                             Crewe	766	16140	20243	1532
10	                                       Mountsorrel	540	11316	13833	1080
11	                                          Bedworth	268	21298	24397	536
12	                                            Clowne	205	21660	26346	410
13	                                         New_Mills	125	19935	23865	250
14	                                          Alfreton	341	8597	13270	682
15	                                       Lutterworth	554	11057	13895	1108
16	                                         Dronfield	465	16582	20067	930
17	                                           Warwick	158	14054	17095	316
18	                              Newcastle_under_Lyme	129	15109	19745	258
19	                                     Wolverhampton	421	2728	5739	842
20	                                         Mansfield	540	13254	15557	1080
21	                                        Bollington	654	23707	26232	1308
22	                                          Redditch	118	24864	28961	236
23	                                              Leek	796	3506	7816	1592
24	                                           Cannock	736	17180	20679	1472
25	                                         Kidsgrove	615	18045	21247	1230
26	                                        Birmingham	398	19323	21842	796
27	                                          Ilkeston	699	4435	8192	1398
28	                                            Sileby	620	7394	11518	1240
29	                                          Beighton	222	22192	25906	444
30	                                        Shirebrook	794	19407	23236	1588
31	                                          Daventry	613	13158	16098	1226
32	                                            Dudley	653	25896	28631	1306
33	                                           Evesham	542	16653	19363	1084
34	                                     Kidderminster	720	16399	18435	1440
35	                                          Coventry	815	2853	6268	1630
36	                                            Hadley	743	1842	4895	1486
37	                                Sutton_in_Ashfield	642	22813	26280	1284
38	                                          Solihull	715	3925	7297	1430
39	                                  Hucknall_Torkard	187	3834	6308	374
40	                                          Hinckley	650	12300	15430	1300
41	                                         Chasetown	160	9715	14484	320
42	                                      Chesterfield	344	10607	14467	688
43	                                            Ludlow	270	23714	28452	540
44	                                       Swadlincote	693	19658	21753	1386
45	                                           Ledbury	817	10121	13842	1634
46	                                Kirkby_in_Ashfield	674	17989	22933	1348
47	                                           Banbury	434	23550	26729	868
48	                                 Rhosllanerchrugog	155	10728	13310	310
49	                                        Nottingham	483	9942	14933	966
50	                                      Kirby_Muxloe	815	9818	14369	1630
51	                                      Hardingstone	553	16244	20084	1106
52	                                           Wrecsam	138	8148	11376	276
53	                                  Sutton_Coldfield	123	9339	12975	246
54	                                           Bewdley	361	8800	10824	722
55	                                         Knutsford	564	14159	17571	1128
56	                                          Biddulph	827	22265	26992	1654
57	                                         Lichfield	100	16649	19335	200
58	                                          Oswestry	752	11057	13645	1504
59	                                          Stafford	803	19753	24323	1606
60	                                        Atherstone	799	2823	7580	1598
61	                                          Alcester	703	3942	7491	1406
62	                                         Worcester	104	8298	13190	208
63	                                        Albrighton	595	17292	21612	1190
64	                                            Heanor	118	20752	23309	236
65	                                          Bolsover	755	6572	10546	1510
66	                                        Long_Eaton	415	17167	20764	830
67	                                            Oakham	779	4041	7635	1558
68	                                           Enderby	314	9358	12478	628
69	                                        Shrewsbury	364	10026	12333	728
70	                                         Halesowen	287	19468	22748	574
71	                                        Gloucester	747	9614	11795	1494
72	                                             Corby	345	11242	14023	690
73	                               Stratford-upon-Avon	477	19944	23478	954
74	                                 Market_Harborough	274	12822	16996	548
75	                                          Winsford	330	19319	22313	660
76	                                        Tewkesbury	632	21683	25018	1264
77	                                          Cotgrave	409	7129	9700	818
78	                                         Northwich	303	13847	17058	606
79	                                        Wellington	174	9971	14554	348
80	                                            Buxton	715	12023	15164	1430
81	                                         Rainworth	143	22795	25612	286
82	                                             Ryton	794	21106	25477	1588
83	                                         Congleton	823	12805	15250	1646
84	                                           Bingham	789	15810	19391	1578
85	                                           Longton	110	15130	19648	220
86	                                          Shepshed	516	18778	22190	1032
87	                                           Pinxton	430	8650	13458	860
88	                                     Great_Malvern	389	23376	26824	778
89	                                    Charlton_Kings	622	9234	13738	1244
90	                                       Stourbridge	373	9865	13252	746
91	                                        Middlewich	341	10648	13082	682
92	                                         Uttoxeter	821	22636	26618	1642
93	                                Radcliffe_on_Trent	357	12346	17236	714
94	                                        Leamington	289	16539	21376	578
95	                                         Kimberley	521	15457	19418	1042
96	                                            Warsop	363	13265	18236	726
97	                                           Fazeley	129	12456	16053	258
98	                                  Broughton_Astley	500	26183	28253	1000
99	                                          Nuneaton	652	5378	8091	1304
100	                                           Matlock	118	12024	14700	236
