25

6350	3650

20	90

0	54180	24680	57880	56370	13260	76540	51960	48830	67220	57770	16500	27670	52860	25780	44100	18950	46850	34020	9460	91791	74250	36620	97250	41000	65820	
54000	0	71970	12430	36440	65180	25990	19500	98720	14650	24770	44940	79590	3760	39170	21260	70870	14940	34080	61380	41830	21680	19330	150330	43890	32580	
25260	72240	0	76870	79850	22050	94600	70020	26940	85280	81900	40770	21150	70920	49330	68370	16740	64910	57810	19070	110560	92310	54680	75860	64480	83880	
58210	12420	76600	0	27220	67100	22080	31360	103350	24220	15550	43520	84220	13920	36220	15830	75500	26350	28520	66010	36050	20380	27460	154960	37050	42860	
56570	36000	79640	26930	0	61630	38050	54940	101310	45960	13080	42350	79380	37200	33000	22860	70980	49930	27750	62310	51260	39150	46690	149840	16960	61780	
13400	65120	21960	67600	62480	0	84581	62900	42230	78160	64530	24820	18440	63800	31960	52420	10130	57790	40440	8750	97901	85190	47560	90650	47110	76760	
76120	25530	94090	21640	38010	83911	0	30600	121230	13350	25750	62381	101661	28740	53031	36300	92990	37140	46951	83500	18260	8360	43900	172450	49680	29050	
52240	19440	70210	31310	55320	63420	30370	0	96960	17620	43650	61950	77830	18500	56180	38270	69110	6860	51090	59620	46380	24800	16330	148570	60900	14180	
49230	99260	27210	103890	101740	42640	121670	97040	0	112300	103790	64120	26680	97940	71220	91720	34090	91930	79700	41700	137641	119330	81700	50950	86370	105870	
67150	14670	85120	24340	46310	78330	13150	17640	111870	0	34050	58070	92740	17530	52300	34390	84020	24030	47210	74530	30780	7590	31200	163480	57020	19200	
57890	25010	81850	15940	13280	64050	26250	43950	103730	34160	0	41560	81800	26210	33620	17680	73400	38940	25920	64730	39460	27350	38640	152260	25030	49980	
16740	44750	40700	43200	42720	24820	62501	61620	63960	57770	41670	0	42570	44870	9680	28000	34080	56600	17920	24960	75821	62620	48900	112380	28900	75480	
28010	79730	20930	84360	80170	18510	102090	77510	26330	92770	82220	42510	0	78410	49650	70110	9040	72400	58130	20480	115591	99800	62170	74750	64800	91370	
52940	3760	70910	13930	37680	64120	29110	18480	97660	17570	26010	45060	78530	0	39290	21380	69810	13460	34200	60320	44950	24600	16620	149270	44010	32340	
25990	38980	49470	36220	33420	31460	53201	55850	71140	52000	33580	9660	49210	39100	0	21170	40810	50830	9060	32140	66521	54301	43230	119560	19600	69710	
44430	21520	68390	15940	23120	52170	37060	38390	91650	34540	17690	28100	69920	21640	21290	0	61520	33370	13590	52650	50911	35360	25770	140180	23400	52250	
19280	71000	16700	75630	71740	10090	93360	68780	33870	84040	73790	34080	8970	69680	41220	61680	0	63670	49700	11750	107161	91070	53440	82290	56370	82640	
46920	14960	64890	26380	50390	58100	36950	6900	91640	24000	38720	56940	72510	13490	51170	33260	63790	0	46080	54300	52960	31380	11010	143250	55890	20760	
34160	34240	58030	28540	28090	40020	47001	51110	79700	47260	25990	17830	57770	34360	9140	13490	49370	46090	0	40700	60321	47960	38490	128120	15490	64970	
9490	61210	18940	65840	62350	8830	83570	58990	41830	74250	64400	24730	20730	59890	31830	52330	12010	53880	40310	0	97771	81280	43650	90250	46980	72850	
92001	41540	110100	35900	51260	97201	17890	46470	137991	30660	39000	75671	114951	44750	66321	50560	106551	53010	60241	97881	0	25670	60260	188701	62970	38830	
73470	20990	91440	21300	40230	84650	8960	24220	118190	6970	27970	63650	99060	23850	55251	35960	90340	30760	48650	80850	26590	0	37520	169800	51900	22790	
36720	19320	54690	27570	46850	47900	43810	16330	81440	31240	38330	48800	62310	16620	43480	25570	53590	11220	38390	44100	60640	38270	0	132070	48200	30190	
97110	149180	75550	153810	149620	90520	171540	146960	50270	162220	151670	112000	74560	147860	119100	139600	81970	141850	127580	89580	188711	169250	131270	0	134250	158650	
41690	44150	64760	36960	17380	46750	49890	61020	86430	57170	24990	28840	64500	44270	19490	23400	56100	56000	15500	47430	63210	50990	48400	134850	0	73620	
66460	32660	84430	43270	62220	77640	28860	14540	105680	19480	49960	76170	92050	32720	70400	52490	83330	21080	65310	73840	38710	23570	30550	159130	73890	0	

0	                                             Neath	0	0	32400	0

1	                                         Blackwood	528	9598	13003	1056
2	                                         Ammanford	100	7126	11038	200
3	                                            Bedwas	294	23791	27924	588
4	                                             Barry	767	18804	21331	1534
5	                                           Swansea	819	22692	25130	1638
6	                                          Caerleon	550	13516	16516	1100
7	                                          Brynmawr	745	10327	13352	1490
8	                                        Carmarthen	390	8356	10701	780
9	                                        Pont-y-pwl	564	16281	20384	1128
10	                                           Cardiff	466	13382	15899	932
11	                                           Maesteg	758	6368	9467	1516
12	                                          Llanelli	342	4779	9465	684
13	                                           Bargoed	164	10183	14113	328
14	                                        Aberkenfig	445	11683	16356	890
15	                                            Beddau	452	24307	27145	904
16	                                         Gorseinon	220	4157	7642	440
17	                                          Tredegar	317	4706	7747	634
18	                                           Pencoed	150	25555	30191	300
19	                                           Clydach	333	25106	28117	666
20	                                          Caldicot	633	16864	19167	1266
21	                                           Cwmbran	293	19665	22190	586
22	                                    Merthyr_Tydfil	522	11480	15577	1044
23	                                          Pembroke	424	8385	12695	848
24	                                    Llantwit_Major	682	21862	25361	1364
25	                                       Abergavenny	799	13446	16648	1598
