25

6350	3650

20	90

0	80710	59620	88840	64000	28420	86030	96060	68970	85320	87770	90660	32220	86270	99160	55680	40820	97140	84850	88500	93220	65020	57940	69310	98340	29010	
80610	0	52571	164130	67891	78540	9950	21730	74310	159560	53470	144000	57620	149030	31760	85401	91060	22480	98721	152310	114271	114770	124720	13680	27690	92010	
59660	53021	0	136440	16480	39220	54850	69810	103090	140780	91840	97770	27630	145750	51750	35200	47800	67860	123550	147720	138620	124500	82700	41701	74831	56750	
88170	163270	135581	0	131761	97360	169920	180250	135940	41050	171110	82830	112520	79600	188430	112081	89730	181330	135760	72840	132910	99740	54730	155160	182120	80641	
64990	67421	16210	133441	0	42110	69610	84570	116480	144230	106521	90930	37460	150841	65240	25340	44960	82620	136940	151800	152010	129830	79860	56101	89231	58300	
28010	78330	39070	97760	41090	0	84750	95260	92120	103820	104830	68440	22680	110481	88050	28760	16960	96340	109480	110760	117850	91950	46730	65100	97620	17730	
85930	10060	54950	170420	70030	84910	0	16160	78331	164320	55400	150370	63990	153790	27250	88100	97430	13270	102312	157070	117862	119530	130060	20270	23760	97350	
96050	22140	69990	180820	85070	95220	16350	0	72971	175800	45500	161540	74500	156952	39560	103680	109440	11040	96952	162060	112502	120462	140160	32640	10680	107450	
69330	74220	103570	135990	117200	92610	77750	73121	0	109521	38440	155640	85330	86091	97340	119050	105650	83811	26080	90141	41630	49601	124360	69470	68741	95910	
85470	159380	140210	39870	142350	103660	164290	175740	109042	0	146552	114240	114400	42510	181370	122670	101740	177090	104400	35750	98950	68120	78210	151270	172850	89940	
87840	53710	92810	171970	107930	104760	54980	45370	38890	146330	0	170950	85220	122961	79900	121030	119520	56060	61290	128171	76840	86471	143070	53180	40080	109940	
90400	144260	97950	82700	90070	68500	150590	162840	157060	114360	172510	0	87550	141920	148570	66790	52590	163680	169160	136150	176840	142260	41920	131000	165200	64870	
32250	57380	27630	113010	37030	22640	63800	74520	85070	113450	84800	87540	0	118340	71040	36310	35440	75600	105530	120390	117950	97090	66690	44150	76880	34890	
85900	148320	145210	78750	149551	109821	153230	157612	85511	42560	123021	141000	117810	0	171440	135991	115001	164430	69950	8400	61830	38370	99110	142420	153042	101801	
99150	31840	52020	189140	64560	88470	27280	39590	97750	181510	79100	148500	71380	172210	0	86030	98530	29840	122161	175490	137711	137950	133430	31560	49190	106080	
55780	85151	35120	111881	24430	28680	87870	103370	118790	122670	120560	66790	36260	135671	85690	0	23400	101420	136330	133730	145160	119500	58300	73250	106961	36740	
40960	90820	47750	89971	44440	17260	97240	109430	105520	101710	119530	52480	35410	115281	98210	24760	0	110240	121330	112770	129700	99110	35280	77590	111790	16350	
97210	22620	67840	181980	82920	96380	13220	11070	83611	177240	56140	162700	75660	165300	29830	101530	110530	0	107592	168810	123142	129410	141320	32900	21030	108610	
84890	98920	123940	135760	137570	109720	102001	97241	25990	104060	61390	169440	105510	69890	122040	136160	121570	107931	0	77060	15860	39550	132890	94170	92861	108250	
88700	152410	147760	72840	150940	111210	157320	162840	90061	36650	128541	136270	120610	8410	175530	134080	113150	168540	77550	0	69410	42920	94380	146510	158562	101180	
93250	114470	138790	130620	152420	118290	117551	112791	41540	98920	76940	176690	118060	61790	137590	145220	129930	123481	15890	69170	0	36560	136540	109720	108411	116610	
65140	114750	124450	98800	128830	92030	118870	120952	49041	67880	86551	142090	97050	38390	137870	119670	98680	128690	39640	42440	36390	0	103840	108850	116572	85480	
57840	124130	82420	55010	79110	46750	129450	139480	123660	77500	142880	42010	66350	100120	133040	59140	35120	140560	132340	94350	136560	103480	0	110930	141840	32470	
69320	13680	41561	156020	56881	65270	20070	32200	69650	151450	52330	130520	44350	143030	31540	73480	77790	32810	94061	146310	109611	108770	112110	0	35650	79200	
98340	27890	74391	182830	89711	97710	23770	10680	69141	172510	40170	164030	76990	153122	49210	107221	111930	20860	93122	158332	108672	116632	142650	35520	0	109940	
28600	91800	56940	80991	56750	18210	97120	107150	95240	89720	109250	64850	34710	101911	105920	37070	16080	108230	107870	100560	116240	85740	32640	78860	109510	0	

0	                                         Dronfield	0	0	32400	0

1	                                      Little_Lever	503	20720	24125	1006
2	                                       Cleckheaton	347	15483	19395	694
3	                                          Sleaford	494	5061	9194	988
4	                                             Leeds	302	21199	23726	604
5	                                  Wath_upon_Dearne	428	27075	29513	856
6	                                            Bolton	639	13747	16747	1278
7	                                             Wigan	453	15254	18279	906
8	                                    Stoke-on-Trent	762	22265	24610	1524
9	                                         Wymondham	379	12579	16682	758
10	                                          Winsford	810	10318	12835	1620
11	                                            Brough	815	6870	9969	1630
12	                                         Penistone	169	21431	26117	338
13	                                      Kirby_Muxloe	826	17095	21025	1652
14	                                  Clayton_le_Moors	497	12402	17075	994
15	                                       Knottingley	299	15235	18073	598
16	                                           Bentley	452	18208	21693	904
17	                                         Adlington	320	24075	27116	640
18	                                          Stafford	709	15649	20285	1418
19	                                         Leicester	608	7569	10580	1216
20	                                           Cannock	665	5131	7434	1330
21	                                 Burton_upon_Trent	534	16601	19126	1068
22	                                      Gainsborough	318	10153	14250	636
23	                                         Middleton	695	4513	8823	1390
24	                                           Haydock	766	14436	17935	1532
25	                                            Maltby	371	6529	9731	742
