25

6350	3650

20	90

0	88900	88241	72681	35370	9330	95660	70750	11920	38480	95871	13580	85641	84360	29000	68160	67210	19760	36850	99751	74830	14360	98390	61251	80381	62210	
88660	0	35940	39590	68280	94180	23630	21250	84050	65120	26830	82340	31210	16820	89670	91160	98310	81800	105550	31570	98020	75980	28620	43840	30270	92340	
88630	36150	0	17370	56090	86740	59360	40280	85720	51600	14620	84100	7180	25100	76670	113070	116810	70570	111190	16230	121520	74790	64190	27160	9210	111810	
73481	39810	17580	0	40760	71410	56070	34270	72840	36270	30420	72150	18150	28180	61340	107060	109440	55240	101700	33230	113920	61910	61060	11830	13640	104440	
35500	68340	56310	40750	0	32290	78950	54040	38340	4770	64831	37650	54601	59040	21550	90350	89620	16120	67170	68711	97060	26580	83700	29690	49341	84620	
9410	94290	86870	71310	32190	0	101050	76140	21230	35300	95291	22890	85061	87010	21550	77470	76520	16580	42420	99171	84140	18700	105780	60250	79801	71520	
95440	23470	59180	55700	78940	100960	0	26890	86730	76330	50080	84760	53940	40160	98200	76200	84630	88970	98880	54820	82870	82760	6140	58800	50070	78730	
70530	21220	40350	34200	54030	76050	26890	0	65920	51420	42650	64210	36050	26680	73290	79320	81770	64060	86480	47390	86180	57850	31640	34800	31240	76770	
11950	84120	85450	72750	38500	21180	86920	65970	0	40260	92070	2020	81840	79580	37420	59180	58230	25100	30890	95950	65850	13600	88830	62300	76760	53230	
38650	64940	51800	36240	4800	35440	76400	51490	40090	0	61820	39400	51590	55640	26210	89850	89120	19270	68920	65700	96560	28330	81150	25180	46330	84120	
95860	26370	14640	30310	64821	95331	49580	41620	91960	61350	0	90250	14350	17550	85641	117390	121550	79161	117340	6930	125720	82000	54410	38410	17120	116550	
13560	82330	84080	71930	37680	22790	84900	64180	1970	39440	90280	0	80050	77790	36920	57500	56550	24280	29640	94160	64170	12780	86810	61480	74970	51550	
85450	31510	7600	17900	54431	84941	54150	35900	81570	50960	14600	79860	0	20300	75251	108690	112430	68771	106950	18480	117140	71610	59140	27690	5890	107430	
83950	17060	25130	27960	59050	87130	40270	26390	79340	55890	18420	77630	20020	0	80440	101740	104120	72570	104720	23160	108600	71240	45100	34190	16150	99120	
29880	89291	76520	60960	21190	22530	98190	73280	38400	25820	85351	38040	75121	79991	0	94940	94210	15950	62930	89231	101650	29160	102940	49900	69861	89210	
67820	90230	113080	106930	91370	77050	75150	79330	58820	91910	116930	57050	108780	101740	93940	0	13210	79920	47620	122380	8350	67940	75070	101300	103970	9000	
66920	98220	116850	109310	90690	76150	83420	81710	57920	91230	122760	56150	112550	104120	93040	13110	0	79240	40470	126740	14400	67260	83340	103680	106350	6590	
19730	81420	70780	55220	16100	16520	88960	64050	24900	19210	79261	24210	69031	72120	15510	80180	79450	0	53730	83141	86890	13900	93710	44160	63771	74450	
36890	105590	110880	101510	67460	41730	98690	86580	31130	69220	117080	29810	106850	104590	61710	47470	40930	54060	0	120960	51600	42560	99140	91260	101770	38830	
100121	31670	16250	33190	68891	99401	54880	46920	96030	65420	6920	94320	18410	22850	89711	123110	126850	83231	121410	0	131560	86460	59710	42480	21190	121850	
74330	97410	121880	114110	98100	83560	82330	86510	65330	98640	126310	63560	117580	108920	100450	8680	14020	86650	51440	131760	0	74670	81670	108480	111150	12760	
14080	76010	74460	61760	26220	18620	82770	57860	13410	27980	82080	12720	71850	71120	28240	67970	67240	13900	42240	86040	74680	0	87520	50351	66590	62240	
98220	28460	64170	60690	83580	105550	6150	31530	88650	80970	54960	86680	58930	45140	102840	76120	84550	93610	99400	59700	81830	87400	0	63790	55060	78650	
61981	44200	27360	11800	29750	60400	59070	34450	62230	25260	39080	61540	27930	34570	50330	101210	103590	44230	91060	42960	108070	51300	64060	0	23420	98590	
81210	31320	9600	13510	50271	80781	50930	31540	77070	46800	17490	75360	6480	17080	71091	104330	106710	64611	102450	21370	111190	67370	55920	23300	0	101710	
61920	92170	111850	104310	85690	71150	77660	76710	52920	86230	117760	51150	107550	99120	88040	8990	6580	74240	39030	121740	13120	62260	77580	98680	101350	0	

0	                                         Hemsworth	0	0	32400	0

1	                                         Knutsford	410	22160	25565	820
2	                                      Westhoughton	113	11633	15545	226
3	                                              Bury	469	19535	23668	938
4	                                         Brighouse	264	10903	13430	528
5	                                      Featherstone	451	25328	27766	902
6	                                         Congleton	233	8410	11410	466
7	                                           Poynton	410	9933	12958	820
8	                                          Darfield	688	25995	28340	1376
9	                                            Elland	135	3864	7967	270
10	                                 Newton-le-Willows	140	4766	7283	280
11	                                          Wombwell	245	12808	15907	490
12	                                         Tyldesley	161	12246	16932	322
13	                                        Partington	518	14037	17967	1036
14	                                             Leeds	527	2306	6979	1054
15	                                Kirkby_in_Ashfield	103	23317	26155	206
16	                                         Rainworth	656	23189	26674	1312
17	                                            Ossett	357	7822	10863	714
18	                                          Bircotes	166	25267	29903	332
19	                                           Haydock	106	10514	13525	212
20	                                  Hucknall_Torkard	680	12420	14723	1360
21	                                            Darton	177	9988	12513	354
22	                                          Biddulph	444	8843	12940	888
23	                                          Rochdale	271	22815	27125	542
24	                                           Walkden	741	6523	10022	1482
25	                                         Mansfield	362	17504	20706	724
