25

6350	3650

20	90

0	94700	44900	76690	24970	34070	74750	42510	92750	64170	48250	75400	89190	19090	55840	85420	49760	64290	49900	87030	52300	97370	90680	82400	60810	58080	
95590	0	130351	162511	88690	72090	96310	68650	34510	98401	51300	31890	127691	114570	40450	54420	75060	73340	52060	159151	53250	106640	56900	69660	155760	153491	
45360	129790	0	32280	67850	65020	120110	86400	116710	59650	85030	99580	70010	27910	101200	109380	64430	109650	95260	42380	76260	94760	136740	127760	37350	23580	
77350	162990	32290	0	99840	98000	152100	119860	149910	85750	118010	132780	77070	59900	133190	141580	94840	141640	127250	20060	108460	118840	170220	160530	49100	34220	
24600	87820	67040	98840	0	45510	53410	21170	92270	82850	44920	72070	111610	41300	49490	95420	65150	42950	37620	109180	65350	112760	72000	61060	69800	75380	
34300	71950	65000	98010	45520	0	93810	48210	63120	47180	21330	45030	76490	48540	40160	55790	26690	79840	44980	97400	22670	74300	90620	92260	92230	87270	
74610	95700	119310	151200	52960	93650	0	46220	116410	132950	83050	103290	161710	92070	67820	127690	115250	24760	55840	161540	104560	162860	55500	39140	121400	127230	
42730	67860	86000	119320	21080	48180	46430	0	82520	91580	37580	63990	120340	60190	29680	87340	72890	32460	17690	129660	59090	120510	51410	49810	89520	94640	
93150	34480	117470	149630	92550	63480	116860	82620	0	84730	48210	22040	108870	107270	53060	23150	62450	93890	66030	145480	40640	80340	78540	91300	150060	140610	
64140	97880	59440	84770	82840	47060	132870	91520	84350	0	61740	67220	30200	66110	79970	64890	23120	122410	90070	74340	43900	42870	130770	134800	96250	83020	
48080	51640	84630	117640	44500	20950	83300	37700	48370	62840	0	28170	92130	66320	19850	51520	40560	69330	32320	117030	22890	85230	70310	74340	106540	105090	
75570	31770	100260	132420	72020	44870	103310	63980	21820	67520	27680	0	96810	89690	35650	25160	45240	84290	48620	128270	23430	75430	70880	83640	132850	123400	
89200	127730	71100	77550	112140	76800	162170	120820	108190	30030	91590	97070	0	84190	109820	86780	52970	151710	120460	58420	73750	41970	160620	164650	107910	94680	
19030	113730	26850	58640	41380	48530	92310	60070	106860	66380	66760	89730	84310	0	74870	99530	60290	81850	68930	68980	66410	105160	110270	99960	45510	39740	
55920	39630	100710	132510	49370	40280	67820	29720	52990	80360	19490	35620	109650	74900	0	60020	58080	51370	13130	136980	40410	102750	51120	55150	114380	113890	
85730	54370	110050	141930	95500	56060	127750	87460	23290	64900	51160	25170	87290	99850	60090	0	48770	108730	73060	131500	33220	57580	95320	108080	142640	133190	
49110	74220	64240	94340	64520	25890	114550	72130	61780	23500	39170	44650	52790	59260	57400	48820	0	103760	68900	83910	21330	49140	107860	111890	99320	87820	
64350	73020	109050	140940	42700	80280	24870	32850	93730	122690	69680	83800	151450	81810	51460	107610	104990	0	39480	151280	91190	152600	31540	18370	111140	116970	
49910	51280	94700	126500	37670	44910	55900	17780	65940	90120	31930	48570	119480	68890	13100	72970	69620	39450	0	136840	52850	115190	48180	47810	106110	107880	
87070	158670	42770	20040	109560	97570	161820	129580	145140	75000	117580	128010	58200	69620	136970	131380	84090	151360	136970	0	104650	99970	181320	171630	68790	53910	
52610	52980	76930	109100	65410	22940	104790	59190	40540	44190	22170	23410	73480	66730	40400	33210	21910	90820	52870	104450	0	63860	90860	94890	109520	100070	
96770	106640	94960	118310	112180	73550	162210	119790	80240	42170	83780	75550	42660	104280	102010	57150	48360	151420	114480	99180	63160	0	149220	156840	131770	118540	
90830	56450	136110	169590	71820	90490	55700	51460	78410	130950	69700	70570	160240	110300	50870	94380	108290	31550	48210	181660	90620	148740	0	17370	140260	146090	
82460	69130	127160	159810	60810	92100	39330	49770	91090	135330	74080	83250	164620	99920	55250	107060	112670	18370	47720	171880	95000	157720	17420	0	129250	135080	
60790	155020	37240	48700	70010	92320	121920	89680	149140	95990	106830	132010	106350	45610	114420	141810	99700	111460	106130	68460	108690	131100	140510	129570	0	15250	
58300	153140	23870	34170	75550	87430	127710	94760	140060	83500	106000	122930	93860	39880	114140	132730	88280	117250	108200	53930	99610	118610	146300	135360	15510	0	

0	                                          Swaffham	0	0	32400	0

1	                                       Eaton_Socon	155	14132	17537	310
2	                                           Norwich	383	10098	14010	766
3	                                    Caister-on-Sea	743	12796	16929	1486
4	                                       King's_Lynn	129	26327	28854	258
5	                                        Lakenheath	535	2104	4542	1070
6	                                            Boston	177	14309	17309	354
7	                                           Wisbech	265	13691	16716	530
8	                                           Royston	793	4566	6911	1586
9	                                        Stowmarket	811	3283	7386	1622
10	                                               Ely	777	24970	27487	1554
11	                                         Cambridge	114	12208	15307	228
12	                                        Woodbridge	180	23368	28054	360
13	                                      East_Dereham	230	15450	19380	460
14	                                         Chatteris	216	5935	10608	432
15	                                    Saffron_Walden	327	19757	22595	654
16	                                Bury_Saint_Edmunds	639	8536	12021	1278
17	                                          Spalding	101	11304	14345	202
18	                                             March	762	22699	27335	1524
19	                                         Lowestoft	336	12252	15263	672
20	                                         Newmarket	332	11003	13306	664
21	                                        Colchester	134	18236	20761	268
22	                                          Stamford	210	20887	24984	420
23	                                            Bourne	754	22981	27291	1508
24	                                            Cromer	370	8904	12403	740
25	                                     North_Walsham	184	6925	10127	368
