Instance: E033-04g.dat
Class:  4
   32 --- number of customers (no depot)
    7 --- number of vehicles
   65 --- number of items
Capacity - height - width of vehicles
  8000     40     20
Node - x - y - demand
    0   292.0   495.0     0.0
    1   298.0   427.0   700.0
    2   309.0   445.0   400.0
    3   307.0   464.0   400.0
    4   336.0   475.0  1200.0
    5   320.0   439.0    40.0
    6   321.0   437.0    80.0
    7   322.0   437.0  2000.0
    8   323.0   433.0   900.0
    9   324.0   433.0   600.0
   10   323.0   429.0   750.0
   11   314.0   435.0  1500.0
   12   311.0   442.0   150.0
   13   304.0   427.0   250.0
   14   293.0   421.0  1600.0
   15   296.0   418.0   450.0
   16   261.0   384.0   700.0
   17   297.0   410.0   550.0
   18   315.0   407.0   650.0
   19   314.0   406.0   200.0
   20   321.0   391.0   400.0
   21   321.0   398.0   300.0
   22   314.0   394.0  1300.0
   23   313.0   378.0   700.0
   24   304.0   382.0   750.0
   25   295.0   402.0  1400.0
   26   283.0   406.0  4000.0
   27   279.0   399.0   600.0
   28   271.0   401.0  1000.0
   29   264.0   414.0   500.0
   30   277.0   439.0  2500.0
   31   290.0   434.0  1700.0
   32   319.0   433.0  1100.0
Node - number of items - h - w for each item
    0   0
    1   1    8   13
    2   1    4    5
    3   2    8   11    5    7
    4   2    7    9   15    8
    5   4   27    3   25    3   20    3    8    3
    6   2   12    8   15    7
    7   1   30    3
    8   1   15    4
    9   2    7   13    5   12
   10   1    5    6
   11   1   14    2
   12   3    4   10    4    6   30    2
   13   3    7    5    7    5    5    4
   14   2   12    6    8    5
   15   4    6    7    9    6    5    5   16    3
   16   2    5    7   13    2
   17   3    5   10    6    7   23    2
   18   1    4    6
   19   4    5   10   13    4    7    4   12    3
   20   2   19    4   10    3
   21   2    4    8    6    5
   22   1    6   13
   23   2   11    7    7    4
   24   1    8   10
   25   1   13    3
   26   1    6   10
   27   3    6    5   14    4   24    3
   28   4    4   10    8    7    9    5   26    2
   29   2    4    6   31    3
   30   1    6    6
   31   1   23    4
   32   4    6   12    6    8    4    3   23    2
