Instance: E030-03g.dat
Class:  4
   29 --- number of customers (no depot)
    7 --- number of vehicles
   72 --- number of items
Capacity - height - width of vehicles
  4500     40     20
Node - x - y - demand
    0   162.0   354.0     0.0
    1   218.0   382.0   300.0
    2   218.0   358.0  3100.0
    3   201.0   370.0   125.0
    4   214.0   371.0   100.0
    5   224.0   370.0   200.0
    6   210.0   382.0   150.0
    7   104.0   354.0   150.0
    8   126.0   338.0   450.0
    9   119.0   340.0   300.0
   10   129.0   349.0   100.0
   11   126.0   347.0   950.0
   12   125.0   346.0   125.0
   13   116.0   355.0   150.0
   14   126.0   335.0   150.0
   15   125.0   355.0   550.0
   16   119.0   357.0   150.0
   17   115.0   341.0   100.0
   18   153.0   351.0   150.0
   19   175.0   363.0   400.0
   20   180.0   360.0   300.0
   21   159.0   331.0  1500.0
   22   188.0   357.0   100.0
   23   152.0   349.0   300.0
   24   215.0   389.0   500.0
   25   212.0   394.0   800.0
   26   188.0   393.0   300.0
   27   207.0   406.0   100.0
   28   184.0   410.0   150.0
   29   207.0   392.0  1000.0
Node - number of items - h - w for each item
    0   0
    1   1   13    3
    2   4    8    8    9    6    6    6   22    2
    3   2    5   14    6    7
    4   3    4    8   14    4   10    2
    5   4   12    7    5    6   23    4   27    3
    6   4    5    5   27    4   23    4    8    4
    7   2   13    6   10    5
    8   2   10    6    8    5
    9   3    6   13    5   12    7    6
   10   2    7   14    8    3
   11   1    8    3
   12   3    8   11   12    5   23    3
   13   2    7   13    6    9
   14   4   11    7    6    7    4    7   18    3
   15   1    8    4
   16   1    8    6
   17   3    6   13   15    8    8    6
   18   2    6    4   12    3
   19   1    5   13
   20   2    7    5   11    4
   21   3   30    4    6    4   30    2
   22   3    9    5   13    4   24    3
   23   3   21    3   21    3   18    2
   24   4    5   10   21    4   18    4   18    3
   25   2   28    4   17    3
   26   3   28    3   21    3   15    2
   27   3    7    4   21    3   14    3
   28   1   14    6
   29   3    5    9    5    4    5    3
