Instance: E026-08m.dat
Class:  5
   25 --- number of customers (no depot)
    8 --- number of vehicles
   91 --- number of items
Capacity - height - width of vehicles
    48     40     20
Node - x - y - demand
    0    30.0    40.0     0.0
    1    52.0    41.0    15.0
    2    27.0    23.0     3.0
    3    17.0    33.0    41.0
    4    13.0    13.0     9.0
    5    57.0    58.0    28.0
    6    62.0    42.0     8.0
    7    42.0    57.0     8.0
    8    16.0    57.0    16.0
    9     8.0    52.0    10.0
   10     7.0    38.0    28.0
   11    27.0    68.0     7.0
   12    30.0    48.0    15.0
   13    43.0    67.0    14.0
   14    58.0    48.0     6.0
   15    58.0    27.0    19.0
   16    37.0    69.0    11.0
   17    38.0    46.0    12.0
   18    46.0    10.0    23.0
   19    61.0    33.0    26.0
   20    62.0    63.0    17.0
   21    63.0    69.0     6.0
   22    32.0    22.0     9.0
   23    45.0    35.0    15.0
   24    59.0    15.0    14.0
   25     5.0     6.0     7.0
Node - number of items - h - w for each item
    0   0
    1   5    5    6    6    5   23    3   11    3   23    2
    2   3    5    4    4    6   12    6
    3   3    8    2    7    4   11    3
    4   2   14    4    6    3
    5   5    7   12    6    4   12    2    6    5   14    3
    6   2    9    4    4    3
    7   1    7    3
    8   1    5    3
    9   4    7    4    7    3    7    3    7    8
   10   5   11    3    5    3   13    4   13    2    5    9
   11   5   22    3    6    3   16    4   15    2    7    3
   12   3    4    7    7    5   18    2
   13   5   17    3    5   10    5   12   24    2    6    9
   14   2    5   10   11    3
   15   5    8    6   12    6    8    4    6   11    8    2
   16   4    4   11    6    5    4    3   11    5
   17   3    5    4   21    3    4    5
   18   5    8    2    7    5    5    5    9    4   23    3
   19   3    7    3    5    3    6    3
   20   4   19    3    9    2    4    3    5    8
   21   3    7    3    9    5    8    2
   22   4   22    4    8    6    7   10    5    5
   23   5    9    2    7    7    9    6    5   10   10    3
   24   5    7    9    6    7   11    3   12    3    9    3
   25   4    5    6    5    6    6    4    7    7
