Instance: E045-04f.dat
Class:  1
   44 --- number of customers (no depot)
    4 --- number of vehicles
   44 --- number of items
Capacity - height - width of vehicles
  2010     40     20
Node - x - y - demand
    0     0.0     0.0     0.0
    1     3.0     5.0    33.0
    2     2.5     9.0    15.0
    3    48.0    16.0    10.0
    4    48.0    17.0    40.0
    5    69.0    16.0    15.0
    6    70.0    16.0     5.0
    7    64.0    13.0    77.0
    8     3.0   -22.0   435.0
    9     2.5     1.0   165.0
   10   -13.0    11.5   120.0
   11   -20.0    45.0    65.0
   12    -9.0    52.0    23.0
   13    -8.5    53.0    18.0
   14    -8.0    52.0   550.0
   15     2.0     2.0    78.0
   16    -2.0     9.0   627.0
   17   -10.0    20.0     9.0
   18   -20.0    19.0    96.0
   19   -15.0   -21.0   116.0
   20    -5.0    -9.0   116.0
   21    -4.5    -9.0    83.0
   22   -52.0   -36.0    41.0
   23   -53.0   -36.0   645.0
   24     0.0     0.0   694.0
   25   -30.0   -18.0   573.0
   26   -51.0   -35.0     1.0
   27    81.0     9.0   181.0
   28    84.0   -99.0   106.0
   29    82.0    -6.0    52.0
   30    40.0   -12.0   117.0
   31    50.0    -7.0    52.0
   32    51.0    -8.0  1300.0
   33    63.0   -17.0    57.0
   34    45.0    -1.0    28.0
   35    54.0     8.5    84.0
   36    29.0     4.0     1.0
   37    21.0     3.0    54.0
   38    22.0     2.0    19.0
   39    39.0    -3.0    88.0
   40    39.5    -3.0    41.0
   41    40.0   -11.0   238.0
   42    28.0    -2.0    66.0
   43    24.0   -18.0    44.0
   44    24.0   -19.0    42.0
Node - number of items - h - w for each item
    0   0
    1   1    1    1
    2   1    1    1
    3   1    1    1
    4   1    1    1
    5   1    1    1
    6   1    1    1
    7   1    1    1
    8   1    1    1
    9   1    1    1
   10   1    1    1
   11   1    1    1
   12   1    1    1
   13   1    1    1
   14   1    1    1
   15   1    1    1
   16   1    1    1
   17   1    1    1
   18   1    1    1
   19   1    1    1
   20   1    1    1
   21   1    1    1
   22   1    1    1
   23   1    1    1
   24   1    1    1
   25   1    1    1
   26   1    1    1
   27   1    1    1
   28   1    1    1
   29   1    1    1
   30   1    1    1
   31   1    1    1
   32   1    1    1
   33   1    1    1
   34   1    1    1
   35   1    1    1
   36   1    1    1
   37   1    1    1
   38   1    1    1
   39   1    1    1
   40   1    1    1
   41   1    1    1
   42   1    1    1
   43   1    1    1
   44   1    1    1
