Instance: E030-04s.DAT
Class:  3
   29 --- number of customers (no depot)
    7 --- number of vehicles
   62 --- number of items
Capacity - height - width of vehicles
  4500     40     20
Node - x - y - demand
    0   162.0   354.0     0.0
    1   218.0   382.0   300.0
    2   218.0   358.0  3100.0
    3   201.0   370.0   125.0
    4   214.0   371.0   100.0
    5   224.0   370.0   200.0
    6   210.0   382.0   150.0
    7   104.0   354.0   150.0
    8   126.0   338.0   450.0
    9   119.0   340.0   300.0
   10   129.0   349.0   100.0
   11   126.0   347.0   950.0
   12   125.0   346.0   125.0
   13   116.0   355.0   150.0
   14   126.0   335.0   150.0
   15   125.0   355.0   550.0
   16   119.0   357.0   150.0
   17   115.0   341.0   100.0
   18   153.0   351.0   150.0
   19   175.0   363.0   400.0
   20   180.0   360.0   300.0
   21   159.0   331.0  1500.0
   22   188.0   357.0   100.0
   23   152.0   349.0   300.0
   24   215.0   389.0   500.0
   25   212.0   394.0   800.0
   26   188.0   393.0   300.0
   27   207.0   406.0   100.0
   28   184.0   410.0   150.0
   29   207.0   392.0  1000.0
Node - number of items - h - w for each item
    0   0
    1   2    6    9   27    4
    2   1    5    7
    3   3    5   13    8    6   31    2
    4   3    8   14   14    7    5    7
    5   1    8    8
    6   1    8    7
    7   3   16    8   12    8   29    2
    8   2    4    7   16    6
    9   2    5   11   16    7
   10   2   14    7    8    7
   11   1    9    4
   12   3    5    7   26    3   25    2
   13   1    7   10
   14   3    7    7   17    3   17    2
   15   1    4    6
   16   2    7   10   28    3
   17   1    6   13
   18   3    6   15   12    6   25    4
   19   1   20    4
   20   3    4   13   11    7   21    3
   21   3    7    8   10    7   29    3
   22   3    4   14    5   10   24    3
   23   3    6   10    7    7   23    2
   24   2    8   15   26    3
   25   2    4   13    7    7
   26   3   10    6   13    3   28    2
   27   3    5   10    5    8   13    7
   28   3    8    8    7    7   31    3
   29   1   27    4
