Instance: E022-06m.dat
Class:  2
   21 --- number of customers (no depot)
    6 --- number of vehicles
   33 --- number of items
Capacity - height - width of vehicles
  4000     40     20
Node - x - y - demand
    0   145.0   215.0     0.0
    1   151.0   264.0  1100.0
    2   159.0   261.0   700.0
    3   130.0   254.0   800.0
    4   128.0   252.0  1400.0
    5   163.0   247.0  2100.0
    6   146.0   246.0   400.0
    7   161.0   242.0   800.0
    8   142.0   239.0   100.0
    9   163.0   236.0   500.0
   10   148.0   232.0   600.0
   11   128.0   231.0  1200.0
   12   156.0   217.0  1300.0
   13   129.0   214.0  1300.0
   14   146.0   208.0   300.0
   15   164.0   208.0   900.0
   16   141.0   206.0  2100.0
   17   147.0   193.0  1000.0
   18   164.0   193.0   900.0
   19   129.0   189.0  2500.0
   20   155.0   185.0  1800.0
   21   139.0   182.0   700.0
Node - number of items - h - w for each item
    0   0
    1   2   22    3   19    3
    2   2   10    6   19    2
    3   1    8   12
    4   1   10    7
    5   1   26    4
    6   2   13    5    8    7
    7   2   12    8    8   17
    8   1   16    7
    9   2   21    3    7   16
   10   1   15    7
   11   1    6   18
   12   2   19    3   11    6
   13   2   31    3   16    8
   14   1    8    7
   15   2   34    3    6   13
   16   1    7    9
   17   2    5   10   16    2
   18   2    6   14   29    3
   19   2   32    3   21    3
   20   2   16    4   10    7
   21   1    4   11
