Instance: E036-11h.dat
Class:  5
   35 --- number of customers (no depot)
   11 --- number of vehicles
  114 --- number of items
Capacity - height - width of vehicles
    67     40     20
Node - x - y - demand
    0    40.0    40.0     0.0
    1    22.0    22.0    18.0
    2    36.0    26.0    26.0
    3    21.0    45.0    11.0
    4    45.0    35.0    30.0
    5    55.0    20.0    21.0
    6    33.0    34.0    19.0
    7    50.0    50.0    15.0
    8    55.0    45.0    16.0
    9    26.0    59.0    29.0
   10    40.0    66.0    26.0
   11    55.0    65.0    37.0
   12    35.0    51.0    16.0
   13    62.0    35.0    12.0
   14    62.0    57.0    31.0
   15    62.0    24.0     8.0
   16    21.0    36.0    19.0
   17    33.0    44.0    20.0
   18     9.0    56.0    13.0
   19    62.0    48.0    15.0
   20    66.0    14.0    22.0
   21    44.0    13.0    28.0
   22    26.0    13.0    12.0
   23    11.0    28.0     6.0
   24     7.0    43.0    27.0
   25    17.0    64.0    14.0
   26    41.0    46.0    18.0
   27    55.0    34.0    17.0
   28    35.0    16.0    29.0
   29    52.0    26.0    13.0
   30    43.0    26.0    22.0
   31    31.0    76.0    25.0
   32    22.0    53.0    28.0
   33    26.0    29.0    27.0
   34    50.0    40.0    19.0
   35    55.0    50.0    10.0
Node - number of items - h - w for each item
    0   0
    1   2   12    3   12    3
    2   3    4    6    6    5    5    5
    3   5    8    9    6    6    9    4    7    4   16    3
    4   4    6   11    5   10    8    8    6    4
    5   4    8    6   11    3   10    3   11    2
    6   4    5    8    5    8   14    4   11    4
    7   5   11    5    8    5   11    4    7    3   15    2
    8   4    4    8    8    5   24    4   11    3
    9   4    6    7    8    3   20    2   15    2
   10   1   12    3
   11   5    8    5    5    5    6    4    9    3   20    2
   12   4    4    7   18    4   10    3   10    2
   13   2   14    3    5    3
   14   4    6    4   23    3   22    3    7    3
   15   2   11    3   19    2
   16   3    7    4    7    3    9    2
   17   5   12    5   10    5    8    5    6    4   18    2
   18   4    8   11    7    5   15    3    6    3
   19   1    5    7
   20   5    5    8    7    4    5    3   17    2   13    2
   21   3    6    5    9    3   22    2
   22   1    5    3
   23   1   11    6
   24   5    5   11    8    5    7    4    5    4    5    3
   25   1    8    6
   26   1   19    4
   27   4   12    6    7    6    5    5   10    4
   28   5    7   10    6    5    5    4   10    3    6    2
   29   1    7    3
   30   2    4    7    8    4
   31   5    6   11    8    4    8    3    6    3    5    2
   32   4    7    7    4    6    5    5   12    4
   33   4   24    4    7    4   14    3    5    3
   34   1    8    6
   35   5    8    6   10    4   11    3    7    3    5    2
