Instance: E031-09h.dat
Class:  3
   30 --- number of customers (no depot)
    9 --- number of vehicles
   56 --- number of items
Capacity - height - width of vehicles
    68     40     20
Node - x - y - demand
    0    40.0    40.0     0.0
    1    22.0    22.0    18.0
    2    36.0    26.0    26.0
    3    21.0    45.0    11.0
    4    45.0    35.0    30.0
    5    55.0    20.0    21.0
    6    33.0    34.0    19.0
    7    50.0    50.0    15.0
    8    55.0    45.0    16.0
    9    26.0    59.0    29.0
   10    40.0    66.0    26.0
   11    55.0    65.0    37.0
   12    35.0    51.0    16.0
   13    62.0    35.0    12.0
   14    62.0    57.0    31.0
   15    62.0    24.0     8.0
   16    21.0    36.0    19.0
   17    33.0    44.0    20.0
   18     9.0    56.0    13.0
   19    62.0    48.0    15.0
   20    66.0    14.0    22.0
   21    44.0    13.0    28.0
   22    26.0    13.0    12.0
   23    11.0    28.0     6.0
   24     7.0    43.0    27.0
   25    17.0    64.0    14.0
   26    41.0    46.0    18.0
   27    55.0    34.0    17.0
   28    35.0    16.0    29.0
   29    52.0    26.0    13.0
   30    43.0    26.0    22.0
Node - number of items - h - w for each item
    0   0
    1   1    7   16
    2   3    7   14    5   10   19    3
    3   1   12    3
    4   2    5    8   14    5
    5   2    8   13   20    4
    6   2   11    7   27    3
    7   3    6   12    6    9   14    8
    8   1   14    3
    9   3    5   10   12    6   28    3
   10   1   11    4
   11   2    4   14    9    4
   12   2    5   13   12    7
   13   2   20    3   13    3
   14   3    6   15    5    9    4    8
   15   2    7    7   31    2
   16   2    5   15    5   14
   17   3    7   16   10    7   17    2
   18   2    9    5   13    4
   19   3    7    9   16    8   12    6
   20   2    9    5   27    4
   21   1    6    7
   22   2   12    8    7    7
   23   1    8   11
   24   2    5   10   15    6
   25   2   16    3   27    2
   26   1   13    5
   27   1    7    8
   28   2   10    7   12    6
   29   1    5   11
   30   1    8    6
