Instance: E033-05s.dat
Class:  1
   32 --- number of customers (no depot)
    5 --- number of vehicles
   32 --- number of items
Capacity - height - width of vehicles
  8000     40     20
Node - x - y - demand
    0   292.0   495.0     0.0
    1   298.0   427.0   700.0
    2   309.0   445.0   400.0
    3   307.0   464.0   400.0
    4   336.0   475.0  1200.0
    5   320.0   439.0    40.0
    6   321.0   437.0    80.0
    7   322.0   437.0  2000.0
    8   323.0   433.0   900.0
    9   324.0   433.0   600.0
   10   323.0   429.0   750.0
   11   314.0   435.0  1500.0
   12   311.0   442.0   150.0
   13   304.0   427.0   250.0
   14   293.0   421.0  1600.0
   15   296.0   418.0   450.0
   16   261.0   384.0   700.0
   17   297.0   410.0   550.0
   18   315.0   407.0   650.0
   19   314.0   406.0   200.0
   20   321.0   391.0   400.0
   21   321.0   398.0   300.0
   22   314.0   394.0  1300.0
   23   313.0   378.0   700.0
   24   304.0   382.0   750.0
   25   295.0   402.0  1400.0
   26   283.0   406.0  4000.0
   27   279.0   399.0   600.0
   28   271.0   401.0  1000.0
   29   264.0   414.0   500.0
   30   277.0   439.0  2500.0
   31   290.0   434.0  1700.0
   32   319.0   433.0  1100.0
Node - number of items - h - w for each item
    0   0
    1   1    1    1
    2   1    1    1
    3   1    1    1
    4   1    1    1
    5   1    1    1
    6   1    1    1
    7   1    1    1
    8   1    1    1
    9   1    1    1
   10   1    1    1
   11   1    1    1
   12   1    1    1
   13   1    1    1
   14   1    1    1
   15   1    1    1
   16   1    1    1
   17   1    1    1
   18   1    1    1
   19   1    1    1
   20   1    1    1
   21   1    1    1
   22   1    1    1
   23   1    1    1
   24   1    1    1
   25   1    1    1
   26   1    1    1
   27   1    1    1
   28   1    1    1
   29   1    1    1
   30   1    1    1
   31   1    1    1
   32   1    1    1
