Instance: E023-03g.dat
Class:  2
   22 --- number of customers (no depot)
    5 --- number of vehicles
   32 --- number of items
Capacity - height - width of vehicles
  4500     40     20
Node - x - y - demand
    0   266.0   235.0     0.0
    1   295.0   272.0   125.0
    2   301.0   258.0    84.0
    3   309.0   260.0    60.0
    4   217.0   274.0   500.0
    5   218.0   278.0   300.0
    6   282.0   267.0   175.0
    7   242.0   249.0   350.0
    8   230.0   262.0   150.0
    9   249.0   268.0  1100.0
   10   256.0   267.0  4100.0
   11   265.0   257.0   225.0
   12   267.0   242.0   300.0
   13   259.0   265.0   250.0
   14   315.0   233.0   500.0
   15   329.0   252.0   150.0
   16   318.0   252.0   100.0
   17   329.0   224.0   250.0
   18   267.0   213.0   120.0
   19   275.0   192.0   600.0
   20   303.0   201.0   500.0
   21   208.0   217.0   175.0
   22   326.0   181.0    75.0
Node - number of items - h - w for each item
    0   0
    1   1   17    4
    2   1   16    3
    3   1    7   13
    4   2    6   16   18    5
    5   2    7   15   13    9
    6   1   15    4
    7   2    9    6   30    4
    8   1    5   16
    9   1   16    7
   10   2    5   16   19    7
   11   2   18    8   34    3
   12   1    6   16
   13   1   28    3
   14   2   10    6   29    3
   15   2   20    5   32    4
   16   1   11    6
   17   2   14    9   13    4
   18   1   12    3
   19   2    7   10   17    4
   20   1   19    6
   21   1   23    3
   22   2   14    9    7    9
