Instance: E041-14h.dat
Class:  2
   40 --- number of customers (no depot)
   14 --- number of vehicles
   60 --- number of items
Capacity - height - width of vehicles
    60     40     20
Node - x - y - demand
    0    40.0    40.0     0.0
    1    22.0    22.0    18.0
    2    36.0    26.0    26.0
    3    21.0    45.0    11.0
    4    45.0    35.0    30.0
    5    55.0    20.0    21.0
    6    33.0    34.0    19.0
    7    50.0    50.0    15.0
    8    55.0    45.0    16.0
    9    26.0    59.0    29.0
   10    40.0    66.0    26.0
   11    55.0    65.0    37.0
   12    35.0    51.0    16.0
   13    62.0    35.0    12.0
   14    62.0    57.0    31.0
   15    62.0    24.0     8.0
   16    21.0    36.0    19.0
   17    33.0    44.0    20.0
   18     9.0    56.0    13.0
   19    62.0    48.0    15.0
   20    66.0    14.0    22.0
   21    44.0    13.0    28.0
   22    26.0    13.0    12.0
   23    11.0    28.0     6.0
   24     7.0    43.0    27.0
   25    17.0    64.0    14.0
   26    41.0    46.0    18.0
   27    55.0    34.0    17.0
   28    35.0    16.0    29.0
   29    52.0    26.0    13.0
   30    43.0    26.0    22.0
   31    31.0    76.0    25.0
   32    22.0    53.0    28.0
   33    26.0    29.0    27.0
   34    50.0    40.0    19.0
   35    55.0    50.0    10.0
   36    54.0    10.0    12.0
   37    60.0    15.0    14.0
   38    47.0    66.0    24.0
   39    30.0    60.0    16.0
   40    30.0    50.0    33.0
Node - number of items - h - w for each item
    0   0
    1   2   12    7   29    3
    2   1   11    5
    3   1   15    8
    4   1   27    2
    5   1    7   14
    6   2    7   15   30    4
    7   2    5   10   16    8
    8   2   19    9   20    6
    9   1   13    6
   10   1    8    8
   11   2    7   14   20    3
   12   2    5   13   12    5
   13   1   15    8
   14   2   15    9   19    4
   15   1    9    9
   16   1    7   17
   17   1    6   10
   18   1   23    3
   19   1    5   10
   20   2    4   15   19    3
   21   1   27    2
   22   2    5    9   26    3
   23   2   25    4   27    3
   24   2    4   18    4   17
   25   2   19    8   17    7
   26   2    5    8   31    2
   27   1   17    5
   28   2   18    8   21    3
   29   2   19    8   12    7
   30   1   18    8
   31   2   28    3   29    2
   32   2    4   17   23    2
   33   1   30    4
   34   2    8   12   17    2
   35   2    5   11   30    4
   36   1   14    6
   37   1    8   11
   38   2   27    4   36    3
   39   1   25    2
   40   1   18    3
