Instance: E022-06m.dat
Class:  4
   21 --- number of customers (no depot)
    6 --- number of vehicles
   57 --- number of items
Capacity - height - width of vehicles
  4000     40     20
Node - x - y - demand
    0   145.0   215.0     0.0
    1   151.0   264.0  1100.0
    2   159.0   261.0   700.0
    3   130.0   254.0   800.0
    4   128.0   252.0  1400.0
    5   163.0   247.0  2100.0
    6   146.0   246.0   400.0
    7   161.0   242.0   800.0
    8   142.0   239.0   100.0
    9   163.0   236.0   500.0
   10   148.0   232.0   600.0
   11   128.0   231.0  1200.0
   12   156.0   217.0  1300.0
   13   129.0   214.0  1300.0
   14   146.0   208.0   300.0
   15   164.0   208.0   900.0
   16   141.0   206.0  2100.0
   17   147.0   193.0  1000.0
   18   164.0   193.0   900.0
   19   129.0   189.0  2500.0
   20   155.0   185.0  1800.0
   21   139.0   182.0   700.0
Node - number of items - h - w for each item
    0   0
    1   3   14    7   19    4   15    4
    2   1   22    3
    3   1    8   11
    4   3    6    4    7    5   11    7
    5   2    6    3   15    6
    6   3   19    3    5    7   12    7
    7   4   25    3    9    3    8    2    4    9
    8   4   16    7   17    4    7   10   25    3
    9   2   12    6    6   11
   10   3   26    2    5    7   13    3
   11   3   27    3   21    3   14    8
   12   1   18    3
   13   4   25    4   15    5   32    3    5   10
   14   4   17    4   12    6    6    7   20    3
   15   1   16    6
   16   2    7    3   28    4
   17   3    5    5   13    3    7    8
   18   2   14    5    8    6
   19   4    5    3    5    6   12    6    4    7
   20   3    8    6    5   12   27    4
   21   4    4    9   25    3   17    2   10    4
