Instance: E045-04f.dat
Class:  2
   44 --- number of customers (no depot)
    9 --- number of vehicles
   66 --- number of items
Capacity - height - width of vehicles
  2010     40     20
Node - x - y - demand
    0     0.0     0.0     0.0
    1     3.0     5.0    33.0
    2     2.5     9.0    15.0
    3    48.0    16.0    10.0
    4    48.0    17.0    40.0
    5    69.0    16.0    15.0
    6    70.0    16.0     5.0
    7    64.0    13.0    77.0
    8     3.0   -22.0   435.0
    9     2.5     1.0   165.0
   10   -13.0    11.5   120.0
   11   -20.0    45.0    65.0
   12    -9.0    52.0    23.0
   13    -8.5    53.0    18.0
   14    -8.0    52.0   550.0
   15     2.0     2.0    78.0
   16    -2.0     9.0   627.0
   17   -10.0    20.0     9.0
   18   -20.0    19.0    96.0
   19   -15.0   -21.0   116.0
   20    -5.0    -9.0   116.0
   21    -4.5    -9.0    83.0
   22   -52.0   -36.0    41.0
   23   -53.0   -36.0   645.0
   24     0.0     0.0   694.0
   25   -30.0   -18.0   573.0
   26   -51.0   -35.0     1.0
   27    81.0     9.0   181.0
   28    84.0   -99.0   106.0
   29    82.0    -6.0    52.0
   30    40.0   -12.0   117.0
   31    50.0    -7.0    52.0
   32    51.0    -8.0  1300.0
   33    63.0   -17.0    57.0
   34    45.0    -1.0    28.0
   35    54.0     8.5    84.0
   36    29.0     4.0     1.0
   37    21.0     3.0    54.0
   38    22.0     2.0    19.0
   39    39.0    -3.0    88.0
   40    39.5    -3.0    41.0
   41    40.0   -11.0   238.0
   42    28.0    -2.0    66.0
   43    24.0   -18.0    44.0
   44    24.0   -19.0    42.0
Node - number of items - h - w for each item
    0   0
    1   1   26    3
    2   1    8    9
    3   2    7   11   13    6
    4   1    9    8
    5   1    6   11
    6   2    8    9    6    9
    7   1   11    8
    8   2   20    5   29    2
    9   1    5   10
   10   2   16    9   10    8
   11   1    5   17
   12   1    5   13
   13   1   29    4
   14   2   34    3   21    3
   15   2    5   18   19    3
   16   1   18    8
   17   1   18    5
   18   2    7   17    5   11
   19   1   16    9
   20   1   24    4
   21   1    9    8
   22   1   20    3
   23   1    4   13
   24   2    5   13   13    6
   25   1    6    8
   26   1    5   11
   27   2    7   17   10    9
   28   2   14    5   26    3
   29   2    6   16    7   14
   30   2    7   16   20    3
   31   2    6   13   25    3
   32   2   15    6   26    2
   33   1    6    8
   34   2    5   13    4   13
   35   2   12    5   25    2
   36   2    4   18   22    3
   37   2    5   13   23    2
   38   2    6   17   27    2
   39   2    7   14   11    8
   40   1   10    6
   41   2    6   17   32    3
   42   1   21    4
   43   2   28    3   26    2
   44   1   16    3
