Instance: E021-06m.dat
Class:  2
   20 --- number of customers (no depot)
    6 --- number of vehicles
   32 --- number of items
Capacity - height - width of vehicles
    58     40     20
Node - x - y - demand
    0    30.0    40.0     0.0
    1    42.0    41.0    19.0
    2    31.0    32.0    29.0
    3     5.0    25.0    23.0
    4    12.0    42.0    21.0
    5    36.0    16.0    10.0
    6    52.0    41.0    15.0
    7    27.0    23.0     3.0
    8    17.0    33.0    41.0
    9    13.0    13.0     9.0
   10    57.0    58.0    28.0
   11    62.0    42.0     8.0
   12    42.0    57.0     8.0
   13    16.0    57.0    16.0
   14     8.0    52.0    10.0
   15     7.0    38.0    28.0
   16    27.0    68.0     7.0
   17    30.0    48.0    15.0
   18    43.0    67.0    14.0
   19    58.0    48.0     6.0
   20    58.0    27.0    19.0
Node - number of items - h - w for each item
    0   0
    1   2    8    7   17    3
    2   1   31    4
    3   2    8   10    7   16
    4   1   20    2
    5   1   22    3
    6   2    8   17   12    8
    7   2   29    2   34    2
    8   1    8   10
    9   2   20    8   23    3
   10   2   22    3    5   15
   11   2   13    9    8    4
   12   1   16    9
   13   2   10    5   14    5
   14   1   31    3
   15   2   30    2   13    7
   16   1    5   13
   17   2   18   10   24    3
   18   2   21    3    8   16
   19   1    6   14
   20   2   27    4   17    4
