Instance: E016-03m.dat
Class:  3
   15 --- number of customers (no depot)
    3 --- number of vehicles
   31 --- number of items
Capacity - height - width of vehicles
    90     40     20
Node - x - y - demand
    0    30.0    40.0     0.0
    1    37.0    52.0     7.0
    2    49.0    49.0    30.0
    3    52.0    64.0    16.0
    4    20.0    26.0     9.0
    5    40.0    30.0    21.0
    6    21.0    47.0    15.0
    7    17.0    63.0    19.0
    8    31.0    62.0    23.0
    9    52.0    33.0    11.0
   10    51.0    21.0     5.0
   11    42.0    41.0    19.0
   12    31.0    32.0    29.0
   13     5.0    25.0    23.0
   14    12.0    42.0    21.0
   15    36.0    16.0    10.0
Node - number of items - h - w for each item
    0   0
    1   2    4   11   13    6
    2   2    9    5    5   15
    3   2   13    8   26    2
    4   1   10    5
    5   2   13    7   31    2
    6   2   12    8    6   11
    7   1    5   10
    8   3    9    7    7    8   12    3
    9   2   22    2    7   13
   10   3   11    5    6   12   29    2
   11   3    9    6   15    8   10    5
   12   1   13    3
   13   3   17    3   14    5    5    9
   14   1    6    9
   15   3    7    6    8    5   16    7
