Instance: E030-03g.dat
Class:  5
   29 --- number of customers (no depot)
    7 --- number of vehicles
   86 --- number of items
Capacity - height - width of vehicles
  4500     40     20
Node - x - y - demand
    0   162.0   354.0     0.0
    1   218.0   382.0   300.0
    2   218.0   358.0  3100.0
    3   201.0   370.0   125.0
    4   214.0   371.0   100.0
    5   224.0   370.0   200.0
    6   210.0   382.0   150.0
    7   104.0   354.0   150.0
    8   126.0   338.0   450.0
    9   119.0   340.0   300.0
   10   129.0   349.0   100.0
   11   126.0   347.0   950.0
   12   125.0   346.0   125.0
   13   116.0   355.0   150.0
   14   126.0   335.0   150.0
   15   125.0   355.0   550.0
   16   119.0   357.0   150.0
   17   115.0   341.0   100.0
   18   153.0   351.0   150.0
   19   175.0   363.0   400.0
   20   180.0   360.0   300.0
   21   159.0   331.0  1500.0
   22   188.0   357.0   100.0
   23   152.0   349.0   300.0
   24   215.0   389.0   500.0
   25   212.0   394.0   800.0
   26   188.0   393.0   300.0
   27   207.0   406.0   100.0
   28   184.0   410.0   150.0
   29   207.0   392.0  1000.0
Node - number of items - h - w for each item
    0   0
    1   1   17    2
    2   2    6   12    6    5
    3   3    6    6    6    5    5    2
    4   5   12    5   11    4    5    4   10    3    5    2
    5   2   10    4   10    2
    6   3    5    5   16    4    4    4
    7   1   14    4
    8   1   11    4
    9   5    8   11    9    5   20    4   10    4   15    3
   10   3   12    6   19    4    7    4
   11   3   15    4   14    3    9    2
   12   5    7    8    8    5    9    4    6    4   18    3
   13   3    7   10    5   10    8    7
   14   5    9    5    9    4   14    3    5    3   18    2
   15   4    9    5   13    3    9    3    7    3
   16   2   11    5   12    4
   17   4   12    4    5    4   15    3   23    2
   18   3    7    4    5    4   13    3
   19   2    5    7   14    4
   20   2    6   12    6    3
   21   1    7    4
   22   2   12    4   12    3
   23   3    5   11    5    5    5    4
   24   2    7   11    7    3
   25   1   19    3
   26   5   11    5   10    4    8    4    7    3    7    2
   27   5    7   11    6   10    6    5   15    4   20    3
   28   3    5    8    7    6   11    2
   29   5   16    4    6    4    5    4    4    4    7    2
