Instance: E036-11h.dat
Class:  3
   35 --- number of customers (no depot)
   11 --- number of vehicles
   74 --- number of items
Capacity - height - width of vehicles
    67     40     20
Node - x - y - demand
    0    40.0    40.0     0.0
    1    22.0    22.0    18.0
    2    36.0    26.0    26.0
    3    21.0    45.0    11.0
    4    45.0    35.0    30.0
    5    55.0    20.0    21.0
    6    33.0    34.0    19.0
    7    50.0    50.0    15.0
    8    55.0    45.0    16.0
    9    26.0    59.0    29.0
   10    40.0    66.0    26.0
   11    55.0    65.0    37.0
   12    35.0    51.0    16.0
   13    62.0    35.0    12.0
   14    62.0    57.0    31.0
   15    62.0    24.0     8.0
   16    21.0    36.0    19.0
   17    33.0    44.0    20.0
   18     9.0    56.0    13.0
   19    62.0    48.0    15.0
   20    66.0    14.0    22.0
   21    44.0    13.0    28.0
   22    26.0    13.0    12.0
   23    11.0    28.0     6.0
   24     7.0    43.0    27.0
   25    17.0    64.0    14.0
   26    41.0    46.0    18.0
   27    55.0    34.0    17.0
   28    35.0    16.0    29.0
   29    52.0    26.0    13.0
   30    43.0    26.0    22.0
   31    31.0    76.0    25.0
   32    22.0    53.0    28.0
   33    26.0    29.0    27.0
   34    50.0    40.0    19.0
   35    55.0    50.0    10.0
Node - number of items - h - w for each item
    0   0
    1   2   14    6   12    4
    2   2   12    5   15    4
    3   3    8   15   29    3   27    3
    4   2   20    4   27    3
    5   3    4    9    6    8   24    3
    6   2   13    7   11    5
    7   3    9    8   15    7    8    4
    8   1   15    5
    9   2    7   15    7   11
   10   2    4    9   27    3
   11   2   31    4   12    4
   12   2    5   15   26    2
   13   1   15    5
   14   3   28    3   29    2   13    2
   15   1   27    3
   16   3   11    6   19    4   27    2
   17   2    5   16   16    4
   18   2    7   13    4   10
   19   2    9    7   11    5
   20   1    5   10
   21   1    5    7
   22   1   11    5
   23   2   10    5   15    4
   24   3    5   11    5    8   10    7
   25   1   17    3
   26   2    8    9   14    3
   27   2   16    3   23    2
   28   3    7   12    6   12    5   11
   29   3    7   15    8    7    5    7
   30   3    6   15   17    3   21    2
   31   1   15    7
   32   3   14    5   28    3   22    3
   33   3    8   15   23    3   16    2
   34   2    5   12   27    4
   35   3    4   15    5   11   16    6
