Instance: E036-11h.dat
Class:  2
   35 --- number of customers (no depot)
   11 --- number of vehicles
   56 --- number of items
Capacity - height - width of vehicles
    67     40     20
Node - x - y - demand
    0    40.0    40.0     0.0
    1    22.0    22.0    18.0
    2    36.0    26.0    26.0
    3    21.0    45.0    11.0
    4    45.0    35.0    30.0
    5    55.0    20.0    21.0
    6    33.0    34.0    19.0
    7    50.0    50.0    15.0
    8    55.0    45.0    16.0
    9    26.0    59.0    29.0
   10    40.0    66.0    26.0
   11    55.0    65.0    37.0
   12    35.0    51.0    16.0
   13    62.0    35.0    12.0
   14    62.0    57.0    31.0
   15    62.0    24.0     8.0
   16    21.0    36.0    19.0
   17    33.0    44.0    20.0
   18     9.0    56.0    13.0
   19    62.0    48.0    15.0
   20    66.0    14.0    22.0
   21    44.0    13.0    28.0
   22    26.0    13.0    12.0
   23    11.0    28.0     6.0
   24     7.0    43.0    27.0
   25    17.0    64.0    14.0
   26    41.0    46.0    18.0
   27    55.0    34.0    17.0
   28    35.0    16.0    29.0
   29    52.0    26.0    13.0
   30    43.0    26.0    22.0
   31    31.0    76.0    25.0
   32    22.0    53.0    28.0
   33    26.0    29.0    27.0
   34    50.0    40.0    19.0
   35    55.0    50.0    10.0
Node - number of items - h - w for each item
    0   0
    1   2   20    5   36    2
    2   2    7   14    7   13
    3   2    5   17   16    6
    4   2    7   13   18    3
    5   1   10    5
    6   1   16    7
    7   1   18   10
    8   2    5    9   15    7
    9   2   18    8   23    3
   10   2    6    9   32    3
   11   1   19    5
   12   1   24    2
   13   1   10    9
   14   2    5   10   14    6
   15   2    4   17   11   10
   16   2   13    9    9    8
   17   1   17    5
   18   1    9    9
   19   2    6   17   35    3
   20   1    8   14
   21   2   11    5   25    3
   22   1   36    4
   23   1   20    7
   24   2   10    5   28    3
   25   1   16    5
   26   2   20    9   28    2
   27   2    4   10   36    2
   28   1    5   14
   29   2    4   11   27    4
   30   2   14    9   29    2
   31   1    5   11
   32   2    7   15   14    6
   33   2   24    3   16    3
   34   2   28    4   27    3
   35   2    7   11   34    3
