Instance: E023-05s.DAT
Class:  4
   22 --- number of customers (no depot)
    5 --- number of vehicles
   48 --- number of items
Capacity - height - width of vehicles
  4500     40     20
Node - x - y - demand
    0   266.0   235.0     0.0
    1   295.0   272.0   125.0
    2   301.0   258.0    84.0
    3   309.0   260.0    60.0
    4   217.0   274.0   500.0
    5   218.0   278.0   300.0
    6   282.0   267.0   175.0
    7   242.0   249.0   350.0
    8   230.0   262.0   150.0
    9   249.0   268.0  1100.0
   10   256.0   267.0  4100.0
   11   265.0   257.0   225.0
   12   267.0   242.0   300.0
   13   259.0   265.0   250.0
   14   315.0   233.0   500.0
   15   329.0   252.0   150.0
   16   318.0   252.0   100.0
   17   329.0   224.0   250.0
   18   267.0   213.0   120.0
   19   275.0   192.0   600.0
   20   303.0   201.0   500.0
   21   208.0   217.0   175.0
   22   326.0   181.0    75.0
Node - number of items - h - w for each item
    0   0
    1   3    8   11    5    5   30    4
    2   4    7    4   12    3   19    2    4    6
    3   2    6    5    6   10
    4   2   15    6   17    3
    5   2    5    6   12    5
    6   3    7    7    5    6   17    3
    7   1    9    8
    8   1    5    6
    9   2    6   10    9    6
   10   4   27    3    5    4   16    5   16    3
   11   1    6    4
   12   2   14    7    8    8
   13   2   27    3   13    7
   14   4   26    2    7    3    6    5   22    2
   15   4   13    5   30    3   19    4   13    4
   16   1   11    4
   17   1   15    3
   18   3   24    4    6   12   30    4
   19   1    4    8
   20   1   27    2
   21   2   18    3    7    8
   22   2    4    6   14    7
