Instance: E021-06m.dat
Class:  4
   20 --- number of customers (no depot)
    6 --- number of vehicles
   50 --- number of items
Capacity - height - width of vehicles
    58     40     20
Node - x - y - demand
    0    30.0    40.0     0.0
    1    42.0    41.0    19.0
    2    31.0    32.0    29.0
    3     5.0    25.0    23.0
    4    12.0    42.0    21.0
    5    36.0    16.0    10.0
    6    52.0    41.0    15.0
    7    27.0    23.0     3.0
    8    17.0    33.0    41.0
    9    13.0    13.0     9.0
   10    57.0    58.0    28.0
   11    62.0    42.0     8.0
   12    42.0    57.0     8.0
   13    16.0    57.0    16.0
   14     8.0    52.0    10.0
   15     7.0    38.0    28.0
   16    27.0    68.0     7.0
   17    30.0    48.0    15.0
   18    43.0    67.0    14.0
   19    58.0    48.0     6.0
   20    58.0    27.0    19.0
Node - number of items - h - w for each item
    0   0
    1   1   15    8
    2   4    5    7   11    5    5    5   10    8
    3   1   27    2
    4   4    6   10   13    8   25    4    9    3
    5   1   13    7
    6   1    5    3
    7   4    7   13   18    4    6    9   12    4
    8   2   13    6   10    3
    9   4   18    3   15    4    9    6    8    5
   10   1   12    2
   11   3    8    9    8   11   14    6
   12   2   19    3   15    3
   13   2   12    2    4   14
   14   4    5   10   12    7    7   12    9    3
   15   2   29    3    6    8
   16   3   13    4   19    2    8   12
   17   3   16    2   11    7    5   12
   18   4    4   10   15    4   29    2    5   13
   19   2   14    4   26    4
   20   2    5    7    8   12
