Instance: E033-03n.DAT
Class:  5
   32 --- number of customers (no depot)
    8 --- number of vehicles
  102 --- number of items
Capacity - height - width of vehicles
 38000     40     20
Node - x - y - demand
    0   250.0   200.0     0.0
    1    10.0   260.0  3500.0
    2   313.0   382.0 25705.0
    3   467.0    67.0   713.0
    4   205.0   254.0  2267.0
    5   275.0    34.0   447.0
    6   269.0   262.0  1847.0
    7   293.0   269.0  1437.0
    8   333.0   212.0  3720.0
    9   304.0   202.0  1115.0
   10   286.0   207.0   273.0
   11   288.0   191.0  5494.0
   12   295.0   235.0  1944.0
   13    50.0   249.0   250.0
   14   484.0   179.0  1500.0
   15   447.0   189.0  3585.0
   16   215.0   204.0   140.0
   17    22.0   255.0   629.0
   18   267.0   316.0   479.0
   19   391.0   196.0 17456.0
   20   399.0   122.0  1143.0
   21   363.0   187.0  1919.0
   22   355.0   236.0   826.0
   23   378.0   203.0  3264.0
   24   458.0   218.0  1570.0
   25   383.0   181.0  2215.0
   26   240.0   326.0  1239.0
   27   273.0   349.0   580.0
   28   278.0   374.0  5000.0
   29   352.0   271.0   100.0
   30   324.0   295.0   201.0
   31   249.0   250.0  6747.0
   32    65.0   248.0  1260.0
Node - number of items - h - w for each item
    0   0
    1   4    7    9   22    4    9    4    8    3
    2   5    7    6   12    4   21    3   11    2    9    2
    3   4    4    6   20    3   16    3    6    3
    4   2   14    3    5    3
    5   2    7    8   10    6
    6   5    8    7    6    6    8    4   10    3    5    2
    7   2    6    7    7    5
    8   4    6    5    7    4    6    4    5    4
    9   2    6   10    7    3
   10   5    7   11    7   10    7    3    5    3    8    2
   11   1    5    4
   12   5    6    8    6    8   11    6   12    3    8    3
   13   3    5   10   12    5    9    2
   14   5    7    5   20    4    5    4    5    3   10    2
   15   2    5    6    7    2
   16   3    6    6   12    4    4    3
   17   3   10    5   19    3    9    2
   18   5    7   10    5    6    7    4    7    4    5    3
   19   4    7    5   14    3    8    3   16    2
   20   5    6   11    6    8   12    5    9    4    6    4
   21   5   11    4   10    4    5    4   20    3   10    2
   22   5    5    9   14    4    7    4   10    3    6    3
   23   4    5    8    7    7    7    5    8    4
   24   1    6    4
   25   1   13    3
   26   1    7    2
   27   4    7    5   12    4    7    3   11    2
   28   2    5   10   10    2
   29   1   15    4
   30   2    7    5    6    3
   31   2    7    9    8    6
   32   3    7    4    5    3    5    2
