Instance: E021-04m.dat
Class:  4
   20 --- number of customers (no depot)
    5 --- number of vehicles
   44 --- number of items
Capacity - height - width of vehicles
    85     40     20
Node - x - y - demand
    0    30.0    40.0     0.0
    1    42.0    41.0    19.0
    2    31.0    32.0    29.0
    3     5.0    25.0    23.0
    4    12.0    42.0    21.0
    5    36.0    16.0    10.0
    6    52.0    41.0    15.0
    7    27.0    23.0     3.0
    8    17.0    33.0    41.0
    9    13.0    13.0     9.0
   10    57.0    58.0    28.0
   11    62.0    42.0     8.0
   12    42.0    57.0     8.0
   13    16.0    57.0    16.0
   14     8.0    52.0    10.0
   15     7.0    38.0    28.0
   16    27.0    68.0     7.0
   17    30.0    48.0    15.0
   18    43.0    67.0    14.0
   19    58.0    48.0     6.0
   20    58.0    27.0    19.0
Node - number of items - h - w for each item
    0   0
    1   1    6    5
    2   4    4    5   23    4    8    4    6   12
    3   1    4    6
    4   4   24    2    6    7    5   11   27    4
    5   2    5   14   27    2
    6   4    6   14   29    3   25    4   10    2
    7   3    6    7    9    7   30    2
    8   1   13    5
    9   1   10    4
   10   1   32    2
   11   1   17    4
   12   1   16    4
   13   2    5    4    6   12
   14   4    8    7   28    3    5   13   20    3
   15   4   26    4   20    4    9    4    7   11
   16   1    5    3
   17   4    6    6    5    4   26    2    8    6
   18   1    5    5
   19   3    5    8    7    9    5   13
   20   1   19    3
