Instance: E051-05e.dat
Class:  1
   50 --- number of customers (no depot)
    5 --- number of vehicles
   50 --- number of items
Capacity - height - width of vehicles
   160     40     20
Node - x - y - demand
    0    30.0    40.0     0.0
    1    37.0    52.0     7.0
    2    49.0    49.0    30.0
    3    52.0    64.0    16.0
    4    20.0    26.0     9.0
    5    40.0    30.0    21.0
    6    21.0    47.0    15.0
    7    17.0    63.0    19.0
    8    31.0    62.0    23.0
    9    52.0    33.0    11.0
   10    51.0    21.0     5.0
   11    42.0    41.0    19.0
   12    31.0    32.0    29.0
   13     5.0    25.0    23.0
   14    12.0    42.0    21.0
   15    36.0    16.0    10.0
   16    52.0    41.0    15.0
   17    27.0    23.0     3.0
   18    17.0    33.0    41.0
   19    13.0    13.0     9.0
   20    57.0    58.0    28.0
   21    62.0    42.0     8.0
   22    42.0    57.0     8.0
   23    16.0    57.0    16.0
   24     8.0    52.0    10.0
   25     7.0    38.0    28.0
   26    27.0    68.0     7.0
   27    30.0    48.0    15.0
   28    43.0    67.0    14.0
   29    58.0    48.0     6.0
   30    58.0    27.0    19.0
   31    37.0    69.0    11.0
   32    38.0    46.0    12.0
   33    46.0    10.0    23.0
   34    61.0    33.0    26.0
   35    62.0    63.0    17.0
   36    63.0    69.0     6.0
   37    32.0    22.0     9.0
   38    45.0    35.0    15.0
   39    59.0    15.0    14.0
   40     5.0     6.0     7.0
   41    10.0    17.0    27.0
   42    21.0    10.0    13.0
   43     5.0    64.0    11.0
   44    30.0    15.0    16.0
   45    39.0    10.0    10.0
   46    32.0    39.0     5.0
   47    25.0    32.0    25.0
   48    25.0    55.0    17.0
   49    48.0    28.0    18.0
   50    56.0    37.0    10.0
Node - number of items - h - w for each item
    0   0
    1   1    1    1
    2   1    1    1
    3   1    1    1
    4   1    1    1
    5   1    1    1
    6   1    1    1
    7   1    1    1
    8   1    1    1
    9   1    1    1
   10   1    1    1
   11   1    1    1
   12   1    1    1
   13   1    1    1
   14   1    1    1
   15   1    1    1
   16   1    1    1
   17   1    1    1
   18   1    1    1
   19   1    1    1
   20   1    1    1
   21   1    1    1
   22   1    1    1
   23   1    1    1
   24   1    1    1
   25   1    1    1
   26   1    1    1
   27   1    1    1
   28   1    1    1
   29   1    1    1
   30   1    1    1
   31   1    1    1
   32   1    1    1
   33   1    1    1
   34   1    1    1
   35   1    1    1
   36   1    1    1
   37   1    1    1
   38   1    1    1
   39   1    1    1
   40   1    1    1
   41   1    1    1
   42   1    1    1
   43   1    1    1
   44   1    1    1
   45   1    1    1
   46   1    1    1
   47   1    1    1
   48   1    1    1
   49   1    1    1
   50   1    1    1
