Instance: E041-14h.dat
Class:  3
   40 --- number of customers (no depot)
   14 --- number of vehicles
   73 --- number of items
Capacity - height - width of vehicles
    60     40     20
Node - x - y - demand
    0    40.0    40.0     0.0
    1    22.0    22.0    18.0
    2    36.0    26.0    26.0
    3    21.0    45.0    11.0
    4    45.0    35.0    30.0
    5    55.0    20.0    21.0
    6    33.0    34.0    19.0
    7    50.0    50.0    15.0
    8    55.0    45.0    16.0
    9    26.0    59.0    29.0
   10    40.0    66.0    26.0
   11    55.0    65.0    37.0
   12    35.0    51.0    16.0
   13    62.0    35.0    12.0
   14    62.0    57.0    31.0
   15    62.0    24.0     8.0
   16    21.0    36.0    19.0
   17    33.0    44.0    20.0
   18     9.0    56.0    13.0
   19    62.0    48.0    15.0
   20    66.0    14.0    22.0
   21    44.0    13.0    28.0
   22    26.0    13.0    12.0
   23    11.0    28.0     6.0
   24     7.0    43.0    27.0
   25    17.0    64.0    14.0
   26    41.0    46.0    18.0
   27    55.0    34.0    17.0
   28    35.0    16.0    29.0
   29    52.0    26.0    13.0
   30    43.0    26.0    22.0
   31    31.0    76.0    25.0
   32    22.0    53.0    28.0
   33    26.0    29.0    27.0
   34    50.0    40.0    19.0
   35    55.0    50.0    10.0
   36    54.0    10.0    12.0
   37    60.0    15.0    14.0
   38    47.0    66.0    24.0
   39    30.0    60.0    16.0
   40    30.0    50.0    33.0
Node - number of items - h - w for each item
    0   0
    1   1    5   14
    2   1   10    5
    3   2    9    5   32    3
    4   1   16    3
    5   2    6   15    5    9
    6   2   12    7   23    3
    7   2    7   16   19    4
    8   1    6    8
    9   2    8    5   28    2
   10   2    6   12   27    2
   11   3    7   11    6   10   13    5
   12   2   13    7    7    6
   13   3   14    7    8    6   11    4
   14   3   11    4   29    2   18    2
   15   1    8   12
   16   1    8   12
   17   1    6    9
   18   1    5   10
   19   1   21    4
   20   2   25    3   14    3
   21   2   13    3   29    2
   22   2    5    6   17    3
   23   1   16    5
   24   2   24    3   24    2
   25   1   14    5
   26   3   20    4   15    4   16    3
   27   2    6   11   28    3
   28   3   10    8    5    6   12    5
   29   1   18    4
   30   2   11    7   12    5
   31   2    5    9   31    3
   32   1    5    8
   33   3    7    9    9    7   30    4
   34   1   14    4
   35   1    8    8
   36   3    6   10    6    8   11    7
   37   2    6   14   18    4
   38   2    6   11    7   10
   39   2   25    3   22    2
   40   3   10    8   15    4   13    2
