Instance: E016-05m.dat
Class:  2
   15 --- number of customers (no depot)
    5 --- number of vehicles
   25 --- number of items
Capacity - height - width of vehicles
    55     40     20
Node - x - y - demand
    0    30.0    40.0     0.0
    1    37.0    52.0     7.0
    2    49.0    49.0    30.0
    3    52.0    64.0    16.0
    4    20.0    26.0     9.0
    5    40.0    30.0    21.0
    6    21.0    47.0    15.0
    7    17.0    63.0    19.0
    8    31.0    62.0    23.0
    9    52.0    33.0    11.0
   10    51.0    21.0     5.0
   11    42.0    41.0    19.0
   12    31.0    32.0    29.0
   13     5.0    25.0    23.0
   14    12.0    42.0    21.0
   15    36.0    16.0    10.0
Node - number of items - h - w for each item
    0   0
    1   1    7   16
    2   2   12    7   24    3
    3   2   17   10   26    2
    4   2    6   11   13    8
    5   1    4   10
    6   2   32    3   15    8
    7   1   14    5
    8   2   15    5    5   11
    9   2    7   10   27    4
   10   2    5   15    7   18
   11   2   28    2   14    6
   12   2   31    2    5    9
   13   1    6   13
   14   2   36    3   30    3
   15   1   25    3
