Instance: E026-08m.dat
Class:  3
   25 --- number of customers (no depot)
    8 --- number of vehicles
   61 --- number of items
Capacity - height - width of vehicles
    48     40     20
Node - x - y - demand
    0    30.0    40.0     0.0
    1    52.0    41.0    15.0
    2    27.0    23.0     3.0
    3    17.0    33.0    41.0
    4    13.0    13.0     9.0
    5    57.0    58.0    28.0
    6    62.0    42.0     8.0
    7    42.0    57.0     8.0
    8    16.0    57.0    16.0
    9     8.0    52.0    10.0
   10     7.0    38.0    28.0
   11    27.0    68.0     7.0
   12    30.0    48.0    15.0
   13    43.0    67.0    14.0
   14    58.0    48.0     6.0
   15    58.0    27.0    19.0
   16    37.0    69.0    11.0
   17    38.0    46.0    12.0
   18    46.0    10.0    23.0
   19    61.0    33.0    26.0
   20    62.0    63.0    17.0
   21    63.0    69.0     6.0
   22    32.0    22.0     9.0
   23    45.0    35.0    15.0
   24    59.0    15.0    14.0
   25     5.0     6.0     7.0
Node - number of items - h - w for each item
    0   0
    1   2    6   11   10    5
    2   3   15    4   30    2    7    6
    3   3   12    6   20    3    5    9
    4   3    5    7    9    7    9    7
    5   3   29    2   18    4    5   14
    6   1   23    4
    7   2    7   10   10    5
    8   3   31    3    7   14   10    4
    9   3    4   15   11    4   20    4
   10   1   11    4
   11   3    9    5   15    6   14    3
   12   1   16    4
   13   3    9    5   12    3   31    3
   14   3    6    7   19    3    8   11
   15   2    4   14   13    8
   16   3    7   11   14    3   28    3
   17   3   14    5   16    4   10    8
   18   3   10    5    6    6    7   12
   19   3    8   10   18    3   13    7
   20   2   12    8   25    3
   21   2    5    6   20    4
   22   3    4   11    5    8   11    4
   23   1   29    3
   24   2   30    4   12    5
   25   3   18    2   25    3    8    7
