Instance: E016-05m.dat
Class:  3
   15 --- number of customers (no depot)
    5 --- number of vehicles
   31 --- number of items
Capacity - height - width of vehicles
    55     40     20
Node - x - y - demand
    0    30.0    40.0     0.0
    1    37.0    52.0     7.0
    2    49.0    49.0    30.0
    3    52.0    64.0    16.0
    4    20.0    26.0     9.0
    5    40.0    30.0    21.0
    6    21.0    47.0    15.0
    7    17.0    63.0    19.0
    8    31.0    62.0    23.0
    9    52.0    33.0    11.0
   10    51.0    21.0     5.0
   11    42.0    41.0    19.0
   12    31.0    32.0    29.0
   13     5.0    25.0    23.0
   14    12.0    42.0    21.0
   15    36.0    16.0    10.0
Node - number of items - h - w for each item
    0   0
    1   2   12    8   11    8
    2   1   31    3
    3   1   19    2
    4   1   13    3
    5   2   29    3    5    6
    6   2   32    3    8   12
    7   3   20    4   12    4   24    4
    8   2   15    3   23    3
    9   3   14    3    7   15   15    8
   10   3    8    5   28    4    6   14
   11   2   15    3   32    4
   12   2   19    3   26    4
   13   2   28    2    6   14
   14   3   15    4    4   12   15    8
   15   2   26    4    9    6
