Instance: E016-03m.dat
Class:  5
   15 --- number of customers (no depot)
    4 --- number of vehicles
   45 --- number of items
Capacity - height - width of vehicles
    90     40     20
Node - x - y - demand
    0    30.0    40.0     0.0
    1    37.0    52.0     7.0
    2    49.0    49.0    30.0
    3    52.0    64.0    16.0
    4    20.0    26.0     9.0
    5    40.0    30.0    21.0
    6    21.0    47.0    15.0
    7    17.0    63.0    19.0
    8    31.0    62.0    23.0
    9    52.0    33.0    11.0
   10    51.0    21.0     5.0
   11    42.0    41.0    19.0
   12    31.0    32.0    29.0
   13     5.0    25.0    23.0
   14    12.0    42.0    21.0
   15    36.0    16.0    10.0
Node - number of items - h - w for each item
    0   0
    1   4   11    5   21    3   19    3   10    3
    2   4    4    2    6   11    5    5    7   10
    3   4   15    4    5    5    6   11    6    5
    4   1   19    4
    5   4    7    5   12    5    6    5    4    4
    6   1   11    4
    7   5    4   11   23    2   14    4    6    2    8    4
    8   3   16    3   10    3    4    5
    9   4    5    9    5    6    7    3   23    2
   10   3    7    3   18    3    4    5
   11   4   12    6    5    5   24    4    7    7
   12   2   17    4    5    4
   13   1   20    3
   14   2    5   11    9    5
   15   3    5   11    7    4    5    5
