Instance: E033-04g.dat
Class:  2
   32 --- number of customers (no depot)
    7 --- number of vehicles
   47 --- number of items
Capacity - height - width of vehicles
  8000     40     20
Node - x - y - demand
    0   292.0   495.0     0.0
    1   298.0   427.0   700.0
    2   309.0   445.0   400.0
    3   307.0   464.0   400.0
    4   336.0   475.0  1200.0
    5   320.0   439.0    40.0
    6   321.0   437.0    80.0
    7   322.0   437.0  2000.0
    8   323.0   433.0   900.0
    9   324.0   433.0   600.0
   10   323.0   429.0   750.0
   11   314.0   435.0  1500.0
   12   311.0   442.0   150.0
   13   304.0   427.0   250.0
   14   293.0   421.0  1600.0
   15   296.0   418.0   450.0
   16   261.0   384.0   700.0
   17   297.0   410.0   550.0
   18   315.0   407.0   650.0
   19   314.0   406.0   200.0
   20   321.0   391.0   400.0
   21   321.0   398.0   300.0
   22   314.0   394.0  1300.0
   23   313.0   378.0   700.0
   24   304.0   382.0   750.0
   25   295.0   402.0  1400.0
   26   283.0   406.0  4000.0
   27   279.0   399.0   600.0
   28   271.0   401.0  1000.0
   29   264.0   414.0   500.0
   30   277.0   439.0  2500.0
   31   290.0   434.0  1700.0
   32   319.0   433.0  1100.0
Node - number of items - h - w for each item
    0   0
    1   1   12    7
    2   1    7    9
    3   1    6   12
    4   2    7   12   23    3
    5   1    5   12
    6   1    5    8
    7   2   22    4   20    3
    8   2    6   14    9    8
    9   2   13    8    9    6
   10   1    7   14
   11   1   12    6
   12   1    6    8
   13   1    6    9
   14   1   13    8
   15   1   13   10
   16   2    4   17   23    2
   17   2   14    7   22    3
   18   2    8   12   17    3
   19   1    9    6
   20   1    5    9
   21   1   11    9
   22   2    7   11   22    4
   23   1    6   13
   24   2    6   16   15    9
   25   1    8   10
   26   2    8   11    7   13
   27   1   18    8
   28   2    6   13   20    3
   29   2    5    9   22    2
   30   2   17   10    5   10
   31   2    6    8    8    9
   32   2    5   13    8    8
