Instance: E033-04g.dat
Class:  5
   32 --- number of customers (no depot)
    8 --- number of vehicles
   87 --- number of items
Capacity - height - width of vehicles
  8000     40     20
Node - x - y - demand
    0   292.0   495.0     0.0
    1   298.0   427.0   700.0
    2   309.0   445.0   400.0
    3   307.0   464.0   400.0
    4   336.0   475.0  1200.0
    5   320.0   439.0    40.0
    6   321.0   437.0    80.0
    7   322.0   437.0  2000.0
    8   323.0   433.0   900.0
    9   324.0   433.0   600.0
   10   323.0   429.0   750.0
   11   314.0   435.0  1500.0
   12   311.0   442.0   150.0
   13   304.0   427.0   250.0
   14   293.0   421.0  1600.0
   15   296.0   418.0   450.0
   16   261.0   384.0   700.0
   17   297.0   410.0   550.0
   18   315.0   407.0   650.0
   19   314.0   406.0   200.0
   20   321.0   391.0   400.0
   21   321.0   398.0   300.0
   22   314.0   394.0  1300.0
   23   313.0   378.0   700.0
   24   304.0   382.0   750.0
   25   295.0   402.0  1400.0
   26   283.0   406.0  4000.0
   27   279.0   399.0   600.0
   28   271.0   401.0  1000.0
   29   264.0   414.0   500.0
   30   277.0   439.0  2500.0
   31   290.0   434.0  1700.0
   32   319.0   433.0  1100.0
Node - number of items - h - w for each item
    0   0
    1   4    7   10    6    9   10    5   12    4
    2   1    8    4
    3   4    5    6   22    3    8    3    7    2
    4   3    7   11    7    4   11    3
    5   1   10    3
    6   4    9    6   10    5    8    3    5    2
    7   1    7    5
    8   2    5   11   11    4
    9   1   11    3
   10   1    6    3
   11   3    5   11    5    4    9    2
   12   2   21    4   22    3
   13   3   11    6    5    4    7    3
   14   5    8   10    6    6   11    3    5    3    5    3
   15   3   12    5    4    3    4    3
   16   3    5    9    6    5   14    3
   17   5    9    4    7    4   13    3   13    2   11    2
   18   4   10    6    6    6   11    4    9    3
   19   2    4    3   10    2
   20   2    6    4    5    4
   21   1   13    3
   22   2    6    5    4    5
   23   4    6    7   20    3    8    3    6    3
   24   4    4    8    7    4    7    4    7    2
   25   4    5    8    8    6    6    6    7    3
   26   1    6    3
   27   3    7    6    8    5   20    3
   28   5    6    9   11    3    9    3    9    2    7    2
   29   1   21    2
   30   4    6    6    5    4   22    3   14    3
   31   3    5    6    6    4   18    2
   32   1   21    2
