Instance: E022-04g.dat
Class:  1
   21 --- number of customers (no depot)
    4 --- number of vehicles
   21 --- number of items
Capacity - height - width of vehicles
  6000     40     20
Node - x - y - demand
    0   145.0   215.0     0.0
    1   151.0   264.0  1100.0
    2   159.0   261.0   700.0
    3   130.0   254.0   800.0
    4   128.0   252.0  1400.0
    5   163.0   247.0  2100.0
    6   146.0   246.0   400.0
    7   161.0   242.0   800.0
    8   142.0   239.0   100.0
    9   163.0   236.0   500.0
   10   148.0   232.0   600.0
   11   128.0   231.0  1200.0
   12   156.0   217.0  1300.0
   13   129.0   214.0  1300.0
   14   146.0   208.0   300.0
   15   164.0   208.0   900.0
   16   141.0   206.0  2100.0
   17   147.0   193.0  1000.0
   18   164.0   193.0   900.0
   19   129.0   189.0  2500.0
   20   155.0   185.0  1800.0
   21   139.0   182.0   700.0
Node - number of items - h - w for each item
    0   0
    1   1    1    1
    2   1    1    1
    3   1    1    1
    4   1    1    1
    5   1    1    1
    6   1    1    1
    7   1    1    1
    8   1    1    1
    9   1    1    1
   10   1    1    1
   11   1    1    1
   12   1    1    1
   13   1    1    1
   14   1    1    1
   15   1    1    1
   16   1    1    1
   17   1    1    1
   18   1    1    1
   19   1    1    1
   20   1    1    1
   21   1    1    1
