Instance: E031-09h.dat
Class:  2
   30 --- number of customers (no depot)
    9 --- number of vehicles
   50 --- number of items
Capacity - height - width of vehicles
    68     40     20
Node - x - y - demand
    0    40.0    40.0     0.0
    1    22.0    22.0    18.0
    2    36.0    26.0    26.0
    3    21.0    45.0    11.0
    4    45.0    35.0    30.0
    5    55.0    20.0    21.0
    6    33.0    34.0    19.0
    7    50.0    50.0    15.0
    8    55.0    45.0    16.0
    9    26.0    59.0    29.0
   10    40.0    66.0    26.0
   11    55.0    65.0    37.0
   12    35.0    51.0    16.0
   13    62.0    35.0    12.0
   14    62.0    57.0    31.0
   15    62.0    24.0     8.0
   16    21.0    36.0    19.0
   17    33.0    44.0    20.0
   18     9.0    56.0    13.0
   19    62.0    48.0    15.0
   20    66.0    14.0    22.0
   21    44.0    13.0    28.0
   22    26.0    13.0    12.0
   23    11.0    28.0     6.0
   24     7.0    43.0    27.0
   25    17.0    64.0    14.0
   26    41.0    46.0    18.0
   27    55.0    34.0    17.0
   28    35.0    16.0    29.0
   29    52.0    26.0    13.0
   30    43.0    26.0    22.0
Node - number of items - h - w for each item
    0   0
    1   1    7    9
    2   2   13    5   29    3
    3   1   35    4
    4   2   15    6   22    3
    5   2   18    5   33    3
    6   1    6   14
    7   2    8   17    5   17
    8   1    8   12
    9   1   17    6
   10   2   29    3   26    2
   11   1    8    9
   12   1   12    7
   13   1   16    9
   14   2   14    9   15    6
   15   2   34    4   23    2
   16   2   14    5   26    2
   17   2   20    5   32    3
   18   2   22    3   22    3
   19   2   20    5   27    2
   20   2    7   15    8    6
   21   2   16    4   33    3
   22   2   18   10   32    4
   23   2   28    3   21    3
   24   2   18    8   15    8
   25   2   14    5   22    3
   26   1    7    8
   27   2    4   17   10   10
   28   2    4   16   27    4
   29   2    7   12    6   12
   30   1   17    7
