Instance: E023-03g.dat
Class:  5
   22 --- number of customers (no depot)
    6 --- number of vehicles
   55 --- number of items
Capacity - height - width of vehicles
  4500     40     20
Node - x - y - demand
    0   266.0   235.0     0.0
    1   295.0   272.0   125.0
    2   301.0   258.0    84.0
    3   309.0   260.0    60.0
    4   217.0   274.0   500.0
    5   218.0   278.0   300.0
    6   282.0   267.0   175.0
    7   242.0   249.0   350.0
    8   230.0   262.0   150.0
    9   249.0   268.0  1100.0
   10   256.0   267.0  4100.0
   11   265.0   257.0   225.0
   12   267.0   242.0   300.0
   13   259.0   265.0   250.0
   14   315.0   233.0   500.0
   15   329.0   252.0   150.0
   16   318.0   252.0   100.0
   17   329.0   224.0   250.0
   18   267.0   213.0   120.0
   19   275.0   192.0   600.0
   20   303.0   201.0   500.0
   21   208.0   217.0   175.0
   22   326.0   181.0    75.0
Node - number of items - h - w for each item
    0   0
    1   4    7   11    7    9   11    4    5    4
    2   3   18    3   19    4    7    2
    3   2   22    2   18    4
    4   1    8    6
    5   1   16    2
    6   2    7    9    6    2
    7   3   11    5   19    4    7    3
    8   4   10    3   12    4    5    3   18    3
    9   3    5   10    4   12   16    4
   10   1   19    3
   11   3    5    6    6    6    5    4
   12   5   10    4    7    5   17    4    6    5   11    2
   13   2    5    6    6    5
   14   4    8    3    8    4   13    3   20    4
   15   1   18    3
   16   3    8    6    5    3    7    7
   17   2    8    2   23    2
   18   1    7   10
   19   1    6    7
   20   3   11    4    8    9    4    3
   21   3    7   11   23    2    4    5
   22   3    5    3    7    3    4    8
