Instance: E033-05s.dat
Class:  5
   32 --- number of customers (no depot)
    8 --- number of vehicles
  114 --- number of items
Capacity - height - width of vehicles
  8000     40     20
Node - x - y - demand
    0   292.0   495.0     0.0
    1   298.0   427.0   700.0
    2   309.0   445.0   400.0
    3   307.0   464.0   400.0
    4   336.0   475.0  1200.0
    5   320.0   439.0    40.0
    6   321.0   437.0    80.0
    7   322.0   437.0  2000.0
    8   323.0   433.0   900.0
    9   324.0   433.0   600.0
   10   323.0   429.0   750.0
   11   314.0   435.0  1500.0
   12   311.0   442.0   150.0
   13   304.0   427.0   250.0
   14   293.0   421.0  1600.0
   15   296.0   418.0   450.0
   16   261.0   384.0   700.0
   17   297.0   410.0   550.0
   18   315.0   407.0   650.0
   19   314.0   406.0   200.0
   20   321.0   391.0   400.0
   21   321.0   398.0   300.0
   22   314.0   394.0  1300.0
   23   313.0   378.0   700.0
   24   304.0   382.0   750.0
   25   295.0   402.0  1400.0
   26   283.0   406.0  4000.0
   27   279.0   399.0   600.0
   28   271.0   401.0  1000.0
   29   264.0   414.0   500.0
   30   277.0   439.0  2500.0
   31   290.0   434.0  1700.0
   32   319.0   433.0  1100.0
Node - number of items - h - w for each item
    0   0
    1   3   11    4   10    3   14    2
    2   5   24    3   18    3   15    3   12    3    7    3
    3   1   21    3
    4   5    7    6   22    4   11    4    6    4    6    3
    5   1   11    3
    6   4    8    6    8    6    6    5    5    3
    7   5    9    4    7    4    5    3   24    2    8    2
    8   1   17    4
    9   4    5   12   12    5    5    4    9    2
   10   4    7   12    7    8    6    4    4    2
   11   5    7    6   12    5    8    5    5    5   16    3
   12   2   14    3   12    3
   13   3   11    6   21    4    9    4
   14   2    6   12    5    6
   15   5   21    4    5    4    4    4   22    3   22    3
   16   5    4   10    8    9    6    6    6    3    7    2
   17   2    5    6    5    4
   18   5    5   10   14    3   11    3    5    3    5    3
   19   4    9    5    9    5    4    4    6    3
   20   1    6    3
   21   3    7   10    9    4    4    2
   22   1    6    4
   23   2    6    3    5    2
   24   5    9    6    8    6    8    5   16    2    4    2
   25   5    4   11    7    9    6    5   19    4    7    4
   26   3    6    8   21    2    8    2
   27   5    7    9    6    8   12    5    6    4   17    3
   28   4    6    8   11    4   19    3   11    3
   29   4   10    4   15    3    9    3   10    2
   30   5    7    9   14    4    6    3    5    3   12    2
   31   5    6    7    6    5   17    4   11    4    4    3
   32   5    7   11   18    4    8    4   20    3   15    2
