Instance: E016-05m.dat
Class:  5
   15 --- number of customers (no depot)
    5 --- number of vehicles
   48 --- number of items
Capacity - height - width of vehicles
    55     40     20
Node - x - y - demand
    0    30.0    40.0     0.0
    1    37.0    52.0     7.0
    2    49.0    49.0    30.0
    3    52.0    64.0    16.0
    4    20.0    26.0     9.0
    5    40.0    30.0    21.0
    6    21.0    47.0    15.0
    7    17.0    63.0    19.0
    8    31.0    62.0    23.0
    9    52.0    33.0    11.0
   10    51.0    21.0     5.0
   11    42.0    41.0    19.0
   12    31.0    32.0    29.0
   13     5.0    25.0    23.0
   14    12.0    42.0    21.0
   15    36.0    16.0    10.0
Node - number of items - h - w for each item
    0   0
    1   2   23    3    8    3
    2   4    6    9    8    5    5    4   11    2
    3   5    6    7    6    5    6    4    5    3   23    2
    4   3   24    3   11    2    5    2
    5   2    5    3    4    3
    6   5    6    5    6    4    5    4    5    4    8    2
    7   1    5    5
    8   1    9    3
    9   5    8    8    6    5    9    3   11    2    8    2
   10   4    6    9    4    6    5    3    6    2
   11   4    8    7    8    5    5    3    8    2
   12   5    8   10   11    6    8    5   18    4    7    2
   13   3   10    3    6    3    5    2
   14   1    5    6
   15   3    6    7    8    6   21    2
