Instance: E033-05s.dat
Class:  4
   32 --- number of customers (no depot)
    8 --- number of vehicles
   84 --- number of items
Capacity - height - width of vehicles
  8000     40     20
Node - x - y - demand
    0   292.0   495.0     0.0
    1   298.0   427.0   700.0
    2   309.0   445.0   400.0
    3   307.0   464.0   400.0
    4   336.0   475.0  1200.0
    5   320.0   439.0    40.0
    6   321.0   437.0    80.0
    7   322.0   437.0  2000.0
    8   323.0   433.0   900.0
    9   324.0   433.0   600.0
   10   323.0   429.0   750.0
   11   314.0   435.0  1500.0
   12   311.0   442.0   150.0
   13   304.0   427.0   250.0
   14   293.0   421.0  1600.0
   15   296.0   418.0   450.0
   16   261.0   384.0   700.0
   17   297.0   410.0   550.0
   18   315.0   407.0   650.0
   19   314.0   406.0   200.0
   20   321.0   391.0   400.0
   21   321.0   398.0   300.0
   22   314.0   394.0  1300.0
   23   313.0   378.0   700.0
   24   304.0   382.0   750.0
   25   295.0   402.0  1400.0
   26   283.0   406.0  4000.0
   27   279.0   399.0   600.0
   28   271.0   401.0  1000.0
   29   264.0   414.0   500.0
   30   277.0   439.0  2500.0
   31   290.0   434.0  1700.0
   32   319.0   433.0  1100.0
Node - number of items - h - w for each item
    0   0
    1   1   10    5
    2   1   21    3
    3   2    5    9    6   13
    4   4    4    9    5    8   16    7   11    7
    5   1   22    3
    6   2   20    4   19    3
    7   1   25    4
    8   4    6    9   13    6   18    3   18    2
    9   4    8    7   13    6    7    4   15    2
   10   3   16    6    6    7   21    2
   11   2    6   13    4   12
   12   2   27    3   30    2
   13   4   12    6   14    3   10    3   16    2
   14   2    8    8   10    5
   15   4    6    9    8    8    6    5   10    3
   16   4    4    7   15    5    6    5   12    3
   17   2    7   10    8    5
   18   4    4   11    7    4   16    3   15    3
   19   2   20    3   13    2
   20   2    6   13   15    7
   21   2    9    8    7    8
   22   4    4   11    6    7   20    3   23    2
   23   1    4    7
   24   1   11    4
   25   4    8    9    5    7   13    4   10    4
   26   3    7    8    5   12    9    3
   27   2    7    5   22    3
   28   3    5    6    5    4   28    3
   29   2    6    9    9    7
   30   4    7    9   14    8   24    4   25    2
   31   3   21    4   12    3   25    2
   32   4    4   11   24    3   16    3    6    2
