Instance: E030-03g.dat
Class:  2
   29 --- number of customers (no depot)
    6 --- number of vehicles
   43 --- number of items
Capacity - height - width of vehicles
  4500     40     20
Node - x - y - demand
    0   162.0   354.0     0.0
    1   218.0   382.0   300.0
    2   218.0   358.0  3100.0
    3   201.0   370.0   125.0
    4   214.0   371.0   100.0
    5   224.0   370.0   200.0
    6   210.0   382.0   150.0
    7   104.0   354.0   150.0
    8   126.0   338.0   450.0
    9   119.0   340.0   300.0
   10   129.0   349.0   100.0
   11   126.0   347.0   950.0
   12   125.0   346.0   125.0
   13   116.0   355.0   150.0
   14   126.0   335.0   150.0
   15   125.0   355.0   550.0
   16   119.0   357.0   150.0
   17   115.0   341.0   100.0
   18   153.0   351.0   150.0
   19   175.0   363.0   400.0
   20   180.0   360.0   300.0
   21   159.0   331.0  1500.0
   22   188.0   357.0   100.0
   23   152.0   349.0   300.0
   24   215.0   389.0   500.0
   25   212.0   394.0   800.0
   26   188.0   393.0   300.0
   27   207.0   406.0   100.0
   28   184.0   410.0   150.0
   29   207.0   392.0  1000.0
Node - number of items - h - w for each item
    0   0
    1   2    8   15   21    4
    2   2    7   12   22    3
    3   2   19    8   17    3
    4   1   29    3
    5   2    7    8   17    7
    6   1    7   15
    7   1   22    3
    8   2    7   15   23    4
    9   1   18    6
   10   1   22    3
   11   2   12    8   19    5
   12   1   18    4
   13   2    7   14    9    5
   14   1   10    6
   15   2    8   11   17    3
   16   2   15    7   19    3
   17   1   10    9
   18   2    7   14   16    2
   19   1   22    3
   20   2    6    8   16    6
   21   1   24    3
   22   1    9    9
   23   1   17    3
   24   2   11    9   31    3
   25   1   20    2
   26   1   25    4
   27   2    7   14   21    2
   28   2    6   14   30    2
   29   1   20    8
