Instance: E023-05s.DAT
Class:  2
   22 --- number of customers (no depot)
    5 --- number of vehicles
   29 --- number of items
Capacity - height - width of vehicles
  4500     40     20
Node - x - y - demand
    0   266.0   235.0     0.0
    1   295.0   272.0   125.0
    2   301.0   258.0    84.0
    3   309.0   260.0    60.0
    4   217.0   274.0   500.0
    5   218.0   278.0   300.0
    6   282.0   267.0   175.0
    7   242.0   249.0   350.0
    8   230.0   262.0   150.0
    9   249.0   268.0  1100.0
   10   256.0   267.0  4100.0
   11   265.0   257.0   225.0
   12   267.0   242.0   300.0
   13   259.0   265.0   250.0
   14   315.0   233.0   500.0
   15   329.0   252.0   150.0
   16   318.0   252.0   100.0
   17   329.0   224.0   250.0
   18   267.0   213.0   120.0
   19   275.0   192.0   600.0
   20   303.0   201.0   500.0
   21   208.0   217.0   175.0
   22   326.0   181.0    75.0
Node - number of items - h - w for each item
    0   0
    1   1    5    8
    2   1   26    3
    3   1   14    5
    4   1    4   10
    5   1   16   10
    6   2    7   15   14    5
    7   1    9    8
    8   1    5   12
    9   1   18    5
   10   2   13    9   25    2
   11   2   17    8   14    6
   12   1   19    4
   13   2   19    6   25    3
   14   1   14    7
   15   1    5   13
   16   1   17    3
   17   2   23    4    5   15
   18   2    4   15    8   12
   19   1   18    9
   20   1   17    8
   21   2    6   16    4   12
   22   1    7   14
