20

6350	3650

20	90

0	67860	89133	87882	91002	64041	86232	96602	44750	90831	88601	82773	88182	96780	58910	59740	40620	92450	52160	87021	23320	
67770	0	67930	101850	103310	45520	100200	36960	89500	47860	89960	64750	102150	39110	9460	66080	40540	63890	30580	93950	52660	
89681	68020	0	102320	83450	31570	89980	55750	128572	24160	32570	7320	95300	98500	70630	124760	55540	131210	50030	70110	72660	
88812	101760	102150	0	50430	81570	43300	119842	127703	108360	79713	96130	30370	140560	96970	135211	64510	154420	74950	55470	71791	
91872	102960	83260	50360	0	79800	9360	121042	130763	102610	51600	77240	22350	141760	98170	137340	65710	155620	73180	14180	74851	
64591	45500	31420	81440	79940	0	78380	49340	103482	31510	48950	25060	81740	81520	47170	99710	28810	108400	21070	70580	47570	
87092	100040	90101	43360	9350	78130	0	118122	125983	104920	59730	84081	15730	138840	95250	133491	62790	152700	71510	22310	70071	
96431	36960	55330	119501	120961	48900	117851	0	126410	31350	82810	57350	119801	44830	46370	101410	60361	94410	48121	111601	78521	
44200	89470	128244	126993	130113	103152	125343	126660	0	128230	127712	121884	127293	103060	80570	40670	77960	80880	88330	126132	62431	
91541	47950	23980	108390	102340	31640	105330	31660	128660	0	51460	26000	108690	74340	53170	110480	54390	111140	41070	89000	74520	
90341	89930	32340	79632	51560	49170	59550	83280	129232	51690	0	26320	66860	125270	90540	129710	58080	147550	65550	38220	73320	
83661	65060	7240	95950	77080	25550	83610	57820	122552	26230	26200	0	88930	100400	67670	121150	49520	128250	45200	63740	66640	
89032	101980	95441	30610	22350	81790	15670	120062	127923	108580	66931	89421	0	140780	97190	135431	64730	154640	75170	36100	72011	
96080	38940	98310	140480	141940	81820	138830	44820	102910	74330	124820	99610	140780	0	45560	72530	79170	49580	69210	132580	86800	
58440	9560	70590	96860	98320	47230	95210	46280	80170	52870	90540	67370	97160	45570	0	57480	35080	61950	28430	88960	44920	
60110	65950	124570	134471	137591	99700	132821	101300	40700	110220	129460	120732	134771	73000	57530	0	74030	40730	80820	127880	68130	
41170	40550	55640	64730	66190	28770	63080	60282	78590	54190	58410	49280	65030	79350	35060	74380	0	92070	14290	56830	22640	
92310	64100	131210	154790	156250	108460	153140	94190	81080	111140	147980	128030	155090	49370	62150	40750	92520	0	89460	146400	91560	
52380	30560	49840	74840	73340	21210	71780	47901	88500	40820	65560	44830	75140	69360	28420	80820	14370	89460	0	63980	34470	
88162	93711	70420	55750	14540	70551	22530	111793	127053	89770	38760	64400	36170	132511	88921	128091	56461	145931	63931	0	71141	
23490	52770	72732	71481	74601	47640	69831	78702	62421	74160	72200	66372	71781	87050	44950	67960	22190	90730	34260	70620	0	


0	 Weston-super-Mare                  0		0		32400		0

1	 Melksham                           709		3968		23457		1418
2	 Churchdown                         795		3052		22976		1590
3	 Penarth                            174		1808		21624		348
4	 Brynmawr                           122		4640		23429		244
5	 Dursley                            597		1808		21360		1194
6	 Abertillery                        430		2831		23429		860
7	 Swindon                            286		2589		21980		572
8	 Taunton                            136		2767		21891		272
9	 Cirencester                        698		936		22237		1396
10	 Ross_on_Wye                        726		784		21834		1452
11	 Gloucester                         408		3343		23878		816
12	 Gelligaer                          732		2410		21997		1464
13	 Amesbury                           136		1085		19488		272
14	 Bradford-on-Avon                   626		657		21232		1252
15	 Yeovil                             332		1314		21262		664
16	 Stoke_Gifford                      232		4137		24116		464
17	 Blandford_Forum                    590		3753		23237		1180
18	 Chipping_Sodbury                   271		3549		22163		542
19	 Abergavenny                        654		2650		23118		1308
20	 Nailsea                            109		906		19268		218
