20

6350	3650

20	90

0	53041	32881	92020	35840	60270	8300	50120	36241	77011	76720	94100	54781	66980	46730	58100	82701	86160	90640	26160	55940	
53221	0	24920	54981	42400	111580	48690	77860	19600	121370	81130	60141	105312	82890	23790	85850	126230	46190	66660	44000	30160	
32721	24420	0	72220	21520	89880	27730	56980	6890	107042	81430	75790	84812	81740	31150	64970	112732	65960	76890	33040	39760	
91910	55110	72200	0	92101	148640	89460	127561	65310	127850	59660	7970	132610	83190	45880	135551	129810	10620	24840	71480	36440	
36390	42900	22320	92351	0	77810	28920	37290	28930	112161	102031	97511	87090	97970	52021	45280	117851	85770	97191	49270	61511	
60040	111020	89770	148350	77680	0	64980	58890	93870	74640	114680	150050	31280	95050	104490	60110	80330	143570	142240	80020	112180	
8370	48440	27700	89730	28440	65090	0	49780	31290	84141	80870	93070	61911	71180	45700	57760	89831	83470	89910	28320	54910	
49980	78590	58010	128041	37520	58870	49720	0	64620	118810	126920	132480	80400	116230	86810	8790	124831	121460	132550	76140	96180	
36081	19140	6890	65320	28320	94210	31320	63780	0	110200	76970	68890	88172	78730	24620	71770	115290	59060	71240	33010	32860	
77311	120860	107542	128040	112101	74440	84291	118330	110180	0	68730	122540	46000	49680	103390	121420	7710	132190	106420	78200	106600	
76650	81340	81530	59620	101171	114870	80850	127070	77110	68370	0	54120	93570	23710	57990	133970	70330	63770	38000	54710	58630	
93680	59891	75320	8280	95561	150060	92580	131331	68430	122460	54270	0	133680	77800	47650	139321	124420	17610	17730	73250	38210	
54731	105122	84962	132790	87080	31360	61711	80270	88322	45800	93600	133770	0	70990	93330	83360	52470	132140	125960	67020	101020	
65960	83110	80770	82930	96530	95080	70210	115630	78770	49510	23730	77430	70980	0	62220	121680	52600	86890	61310	49210	64350	
46800	23360	30960	47930	50681	104950	45990	86141	24070	104000	60610	50010	93791	64280	0	94131	108430	43120	50030	27790	13020	
57550	86210	65630	136490	45140	60090	57810	8980	72240	121900	134080	140100	83490	122750	94430	0	128600	129950	140170	83720	103800	
82961	126040	112950	130170	117751	80150	89941	124830	115360	7650	70860	124670	52310	52890	107850	127920	0	134320	108550	83380	111060	
86060	46330	65790	10650	85440	143720	83050	120900	58900	131750	63560	17330	131970	86610	40960	128890	133710	0	32000	66560	31520	
90560	66400	76900	24520	96351	142370	89940	131811	71120	106420	38230	18040	125990	61760	47410	139801	108380	31700	0	69450	39740	
26050	43620	32840	71130	48600	80040	28160	75790	33090	78330	54670	73210	67010	49970	27270	83770	83420	66350	69320	0	34960	
55910	30030	39550	36260	59791	112340	55150	95251	32660	106020	58590	38340	101181	64320	10630	103241	110450	31480	39730	35180	0	


0	 Sandbach                           0		0		32400		0

1	 Farnworth                          681		3613		24415		1362
2	 Lymm                               405		792		20169		810
3	 Cleckheaton                        172		2180		20711		344
4	 Frodsham                           180		4721		24553		360
5	 Wellington                         547		2960		22322		1094
6	 Middlewich                         335		4729		24650		670
7	 Wrecsam                            222		2853		22371		444
8	 Partington                         471		2771		23272		942
9	 Swadlincote                        481		1919		21058		962
10	 Dronfield                          160		1198		20037		320
11	 Dewsbury                           792		1481		22150		1584
12	 Penkridge                          465		838		21045		930
13	 Matlock                            714		3770		23255		1428
14	 Denton                             352		4490		23324		704
15	 Rhosllanerchrugog                  776		2719		22313		1552
16	 Ashby_de_la_Zouch                  224		4907		23927		448
17	 Halifax                            537		1229		21528		1074
18	 Darton                             821		4791		24581		1642
19	 Macclesfield                       323		664		19578		646
20	 Mossley                            750		1876		22994		1500
